939 7086 9697 7121
2879 8085 4294 8187
0 3442 3746 3650
7026 7162 10000 7235
840 8722 5241 8787
0 8312 4759 8387
0 9712 5987 9734
1973 2779 9730 2810
0 8440 8482 8483
0 6498 10000 6509
837 6634 6011 6673
0 9734 10000 9801
0 442 10000 452
0 2480 10000 2514
0 4232 10000 4269
0 5110 10000 5167
0 4745 10000 4754
0 5190 447 5225
0 4861 10000 4912
2036 5819 9157 5969
0 3034 6639 3059
0 2230 10000 2285
0 2334 10000 2376
0 2376 10000 2401
2010 2575 6059 2607
4846 901 5960 1014
0 7351 10000 7458
2954 2713 6331 2741
0 1463 9231 1542
2201 1703 3776 1818
339 4462 5520 4513
1352 7162 1473 7201
2587 8619 9431 8683
3626 8932 6181 9018
0 3059 10000 3138
0 2537 5253 2560
0 3706 5951 3793
0 4038 9074 4069
0 489 10000 523
0 4980 10000 5043
0 4532 8822 4586
1603 1277 3492 1292
0 421 10000 442
3015 391 9211 403
2271 5167 4651 5189
0 3384 10000 3442
0 8508 9310 8544
0 1822 7195 1896
0 848 9532 885
0 403 10000 421
0 4189 10000 4232
0 1542 8823 1571
3294 3981 8544 4038
0 5623 1022 5956
0 9284 7752 9322
0 7235 10000 7265
0 6242 10000 6262
0 4765 10000 4790
0 7568 5516 7711
0 7758 9083 7792
2474 334 9862 388
0 2925 2218 2990
0 9465 8345 9470
1902 9618 9136 9644
0 2810 10000 2885
0 6262 10000 6282
0 1074 3467 1111
0 2441 10000 2480
0 2401 10000 2441
0 7340 9927 7351
1241 334 2390 385
0 5103 9326 5110
4651 5167 10000 5190
0 7458 10000 7568
0 3877 7054 3955
1433 8236 9124 8274
0 6344 10000 6391
0 1378 10000 1424
0 4754 10000 4765
0 4682 10000 4716
0 2053 8023 2109
5960 901 7029 1005
0 6587 10000 6615
817 5975 8694 6049
0 1195 10000 1228
190 528 4529 550
0 3258 10000 3263
0 1367 10000 1378
0 3650 10000 3706
4446 8829 5495 8844
0 3138 10000 3258
0 6509 10000 6536
0 6882 9618 6968
0 9063 10000 9129
0 9343 9009 9386
0 9801 10000 9967
0 1600 7966 1662
0 8787 8530 8816
0 8014 9274 8058
0 8387 10000 8440
0 3836 10000 3877
4011 5237 5583 5345
0 3793 10000 3836
0 5441 8656 5524
220 289 6203 334
0 7947 8955 8014
0 4327 8249 4454
13 1577 8015 1599
0 8201 10000 8236
0 6491 10000 6498
400 1424 9666 1444
0 4072 9958 4138
5583 5237 10000 5361
5951 3706 8892 3747
0 4269 4733 4299
1866 4177 8113 4189
0 4790 10000 4852
0 9129 10000 9209
0 9974 10000 10000
0 4635 9851 4682
0 672 9993 792
4521 8544 10000 8613
0 6077 9466 6121
2630 7711 7956 7747
9250 8829 9965 9010
2036 5561 3859 5601
2920 1978 9001 2046
305 0 558 207
0 2619 6460 2642
0 6282 10000 6309
2765 1449 5213 1462
3746 3442 10000 3650
0 2885 9711 2924
0 4716 10000 4745
0 6986 7953 7005
0 5067 9615 5101
876 6615 7362 6626
0 2285 10000 2334
0 6170 9641 6242
0 2645 7565 2683
0 7265 10000 7340
5579 7615 5968 7672
0 5361 6117 5438
0 2514 10000 2537
5762 8125 10000 8201
0 6402 10000 6425
0 6391 10000 6402
4521 8613 10000 8619
0 9967 9511 9974
3492 1228 10000 1367
0 3368 10000 3384
0 9018 10000 9063
3831 4602 5182 4616
4529 523 10000 672
4078 7009 9346 7066
0 4616 9534 4635
0 3288 10000 3368
0 6309 10000 6344
1573 5190 10000 5237
0 452 10000 489
0 6536 10000 6587
0 233 6611 289
2208 815 7266 848
3576 8544 4521 8613
2036 5736 9523 5812
0 6425 10000 6452
0 9209 10000 9284
0 6710 9456 6882
3186 2927 9477 3028
0 9386 10000 9465
558 0 9974 224
0 6452 10000 6491
0 9486 3542 9600
5606 9648 9483 9669
5762 8058 10000 8125
0 1897 7004 1976
21 2115 1220 2230
0 4912 10000 4980
2476 1176 3931 1195
281 7793 9976 7900
5291 7903 9497 7935
0 3263 10000 3288
638 5043 1235 5066
0 4852 10000 4861
0 7121 10000 7162
