6084 8055 10000 8125
0 2188 10000 2265
5139 3921 6026 3964
0 3513 10000 3578
2428 766 10000 941
7143 2849 10000 2952
532 9236 6351 9288
0 4031 3755 4043
642 2978 7729 3035
0 242 6550 244
0 6883 10000 6903
0 1353 10000 1363
0 9394 8877 9516
5544 4404 8882 4527
0 4083 9489 4112
0 9793 4339 9794
0 8153 4253 8163
3697 450 4414 601
4915 1644 5178 1715
456 8374 2114 8414
0 7593 9694 7772
4819 2504 9095 2542
1117 2849 7143 2934
0 6654 10000 6698
4515 9572 6085 9709
5836 4159 9821 4341
0 5309 2679 5386
0 723 7712 766
1022 7392 9917 7557
4319 1070 9785 1288
4566 8441 4614 8887
0 4799 6771 4864
0 3069 1302 3416
7869 6865 9697 6883
0 5575 10000 5626
0 5266 6336 5309
0 8325 9874 8367
4414 450 10000 507
0 6863 7746 6883
0 142 10000 241
4035 4031 7869 4040
0 3578 10000 3638
0 9303 10000 9394
1302 3306 8564 3416
4319 1031 8782 1052
0 9203 6418 9217
0 2934 7143 2952
0 4543 9770 4619
0 7390 999 7524
0 5948 3972 6055
0 5386 10000 5425
0 6938 3591 7055
1662 4044 9947 4057
0 2097 10000 2188
0 717 4629 718
0 2553 10000 2639
0 244 10000 324
0 1960 10000 2016
3357 7882 7265 7991
0 7821 8579 7866
0 6805 6114 6863
852 1761 1949 1841
6658 8441 9750 8630
0 5782 10000 5948
0 4620 9999 4666
0 6903 10000 6938
5027 9066 8418 9086
0 1471 9305 1501
6024 5626 8479 5699
6114 6698 10000 6863
0 3638 10000 3745
0 9850 10000 9963
0 5425 10000 5489
38 30 3852 142
0 2726 4484 2805
3084 8308 9892 8325
3753 9067 4425 9173
0 8043 10000 8055
2679 5309 10000 5386
5673 4885 8424 5001
1029 766 2428 911
0 602 10000 717
6827 5948 9900 6084
4515 9711 7914 9785
0 6556 10000 6584
3464 2265 10000 2348
0 2348 10000 2395
2120 6165 7932 6262
0 8055 6084 8125
4482 507 5634 586
3558 5120 5143 5240
8667 9597 8846 9850
0 8229 9093 8303
322 5489 1985 5515
6615 7075 9875 7319
0 3472 10000 3513
0 1859 7702 1960
2032 9963 3430 10000
0 2504 4819 2553
6599 8659 7026 9018
0 1542 4446 1625
2268 6384 2569 6526
0 3997 10000 4031
977 6736 2750 6805
3061 7075 5330 7320
0 3046 9006 3069
0 991 541 1341
45 4361 9073 4391
5900 1644 9710 1730
0 7320 9992 7346
7901 5489 9925 5490
0 5515 10000 5575
3558 5026 5194 5120
0 5000 1933 5001
0 6584 5785 6606
6919 6123 8390 6148
0 4391 2972 4543
4484 2726 10000 2748
0 7779 9777 7814
0 6606 5785 6654
0 350 7616 450
6606 6584 9302 6643
0 7055 1905 7075
1759 3105 6157 3229
2120 1113 4137 1353
2512 5490 10000 5515
0 7557 8486 7593
203 941 8767 985
0 5707 6871 5782
0 8125 10000 8153
5001 6938 10000 7055
0 2639 10000 2726
0 6114 5413 6158
0 7997 6762 8028
0 8184 7954 8229
4446 1542 10000 1625
0 3438 10000 3472
5634 507 10000 602
0 2805 10000 2849
5667 8659 6589 9024
0 3416 10000 3438
0 4351 5631 4358
0 324 7616 350
0 1363 10000 1396
3591 6938 5001 7003
1677 9530 8650 9569
0 8028 10000 8043
0 9288 10000 9303
5553 4159 5836 4263
0 2439 10000 2504
7616 324 9725 447
3591 7003 4526 7049
1953 2265 3464 2326
0 2016 10000 2097
6336 5126 9947 5309
0 3869 5139 3997
1302 3069 10000 3105
4484 2748 7762 2805
7770 2748 8959 2803
0 4344 4592 4345
3539 9683 3772 9711
0 6545 10000 6556
0 3745 10000 3869
0 1396 8533 1464
0 1501 10000 1542
515 4124 8456 4150
3852 8 9051 122
0 1625 10000 1644
7350 9176 9087 9203
0 9024 8718 9062
4893 8374 6627 8428
0 4666 10000 4739
1702 7351 8659 7374
0 2395 10000 2439
0 4739 10000 4799
845 5081 3398 5266
0 2952 10000 2978
0 2849 1117 2934
0 4885 4777 4999
6525 6343 9906 6545
