0 2324 10000 2412
2127 2619 8436 2642
0 5720 10000 5806
0 9343 10000 9379
0 6122 6978 6150
890 6598 9622 6652
0 2836 9942 2901
784 5167 8760 5348
0 7079 10000 7115
0 5106 9972 5137
0 7765 10000 7846
0 6150 10000 6192
0 2103 9239 2228
517 9964 6260 9965
0 5514 10000 5614
0 4804 9846 4818
0 6652 8189 6766
0 8315 8441 8362
0 8750 10000 9022
0 0 8803 135
8661 2650 9968 2811
0 6766 10000 6889
2517 638 7750 673
0 4037 7543 4042
0 8437 8363 8517
8573 7341 8624 7577
0 290 10000 395
5775 6192 10000 6266
0 7616 2946 7682
0 184 7419 290
0 7196 10000 7265
6107 8061 9062 8193
3999 8706 5978 8715
0 1080 4326 1143
0 1016 9749 1080
0 9191 10000 9237
0 4042 10000 4128
0 2412 10000 2619
5086 4394 5949 4470
0 4394 5086 4477
0 7918 10000 8005
2278 1171 4322 1415
0 8005 9920 8060
0 5167 784 5395
0 3178 10000 3244
0 6448 9631 6455
890 6458 10000 6595
4156 4128 10000 4227
0 5395 10000 5514
0 8736 10000 8750
0 6042 2225 6080
0 3244 3204 3298
6978 6122 10000 6150
0 9718 7725 9754
5366 4477 7565 4492
0 6080 10000 6122
5034 1690 10000 1929
0 9405 10000 9437
0 395 9883 477
0 7846 10000 7918
0 9754 9955 9962
4961 8061 6107 8158
0 4128 4156 4227
7245 8618 8577 8708
0 7156 10000 7196
0 1514 10000 1574
0 6458 890 6652
4182 3244 9644 3279
0 3404 6775 3570
0 3863 10000 3990
1766 4519 6177 4542
0 4227 3756 4293
8363 8437 10000 8517
5809 1929 9479 2051
0 5614 6213 5720
7742 6889 8403 7018
0 948 9427 1013
0 6889 7742 7079
0 4477 1766 4542
5742 1463 6079 1514
1184 4591 2137 4618
0 3990 9246 4028
6213 5614 10000 5720
0 8397 10000 8437
4544 3577 7345 3602
0 6266 7783 6296
2420 6042 10000 6080
0 4293 10000 4394
0 5960 10000 6042
219 2903 7720 2974
0 7335 3783 7534
0 2813 8289 2834
0 9237 10000 9343
2356 8380 8033 8397
5129 9437 7926 9475
8189 6652 9895 6757
3671 3311 3999 3395
0 3014 9762 3092
0 6192 5775 6266
0 8715 10000 8736
0 7115 10000 7156
0 5089 6772 5104
0 3102 7975 3178
0 6315 3601 6374
0 7265 10000 7335
0 9530 3851 9587
0 7577 10000 7616
0 552 7827 615
8334 3479 8964 3846
9231 9437 9885 9717
5034 1574 10000 1690
0 8195 9287 8311
7419 184 10000 290
0 4843 2609 4964
0 2228 10000 2324
0 7682 10000 7765
0 5874 10000 5960
0 9022 10000 9191
0 3674 4723 3863
0 4988 9902 5089
4607 4576 8208 4788
0 8517 10000 8618
3263 1574 5034 1906
0 5806 9919 5819
2946 7616 10000 7682
0 5137 10000 5167
1957 147 3575 184
0 6374 10000 6448
3756 4227 10000 4293
0 9379 10000 9405
0 4542 10000 4576
0 931 7507 948
0 5819 10000 5874
