0 7991 8693 8069
0 1640 10000 1870
0 337 10000 439
5916 3864 10000 3968
5698 5743 10000 5997
0 7476 4468 7661
0 928 9563 955
0 139 10000 172
0 5743 5698 5878
0 6904 4232 7020
3504 1870 5229 1956
0 9855 9993 9967
9435 8074 9988 8249
1932 8719 4794 8778
0 2346 3056 2427
5015 4534 8342 5221
0 2592 8146 2758
0 439 10000 544
0 5459 10000 5538
0 9555 10000 9700
2277 2769 8501 2893
6501 6621 8002 6838
0 6610 5398 6825
0 1169 9631 1267
0 5642 10000 5743
2829 7051 4567 7300
0 6847 3170 6904
0 3864 5916 3968
8671 8779 8743 9438
0 5338 5570 5459
0 58 10000 115
0 1408 8099 1508
2126 4613 4059 5297
290 1509 7658 1548
0 9700 9743 9721
0 2427 10000 2501
0 45 10000 58
2827 3968 10000 4113
4561 6904 9958 7020
235 8074 5332 8254
0 6300 10000 6353
0 6518 10000 6610
4468 7476 10000 7661
0 6159 10000 6300
5200 3211 10000 3625
7615 5318 9709 5454
0 5538 10000 5642
0 544 9908 614
0 7912 4513 7965
8615 7661 8923 7802
0 3968 2827 4258
4276 2137 4541 2222
0 1870 2030 2189
2827 4113 10000 4258
0 9721 9946 9854
0 675 8387 824
0 1269 8664 1391
0 5997 9992 6015
0 172 10000 337
0 6015 10000 6159
2277 2906 8844 3144
0 7300 10000 7380
594 8255 1220 9335
0 3150 7670 3211
0 6353 10000 6518
0 7661 8615 7809
0 5878 5698 5997
0 955 10000 1152
7088 840 9148 926
0 4258 10000 4280
0 4280 2109 4469
0 3726 10000 3864
4318 1152 6512 1165
0 2501 9927 2590
0 3625 10000 3726
3248 6840 8667 6897
0 616 9439 675
0 115 10000 139
0 2222 10000 2346
0 4469 1733 5012
0 9499 9435 9555
0 7809 10000 7912
0 7380 10000 7476
3046 8255 8482 8659
0 3211 5200 3625
282 2872 1177 3119
0 0 10000 45
3056 2346 10000 2427
2708 9173 5101 9499
2126 4280 7403 4499
6502 7028 9977 7300
0 1548 10000 1640
