5191 0 6292 496
2260 6097 9231 6240
0 1450 10000 1488
0 1556 2509 1641
3122 8097 6023 8304
0 9537 10000 9585
0 1641 10000 1705
0 9519 10000 9537
0 3540 10000 3678
4933 9424 10000 9519
727 8627 1246 9075
0 3514 9912 3540
0 4212 10000 4314
1839 2711 4468 2797
0 4314 10000 4463
0 9424 4933 9519
0 7384 5939 7439
0 7439 10000 7547
0 9716 10000 9856
0 858 8860 889
0 1302 10000 1427
0 1756 10000 1907
837 8183 946 8403
0 5006 9964 5147
2509 1556 10000 1641
0 3678 10000 3785
0 9627 7276 9711
0 2614 9312 2711
1704 2070 2252 2119
0 9326 10000 9366
0 7552 1423 7865
4152 3345 10000 3413
1025 8449 4020 8531
0 7256 6086 7378
5498 9856 10000 10000
1571 5854 1737 6245
0 9231 10000 9326
0 4901 9953 5003
0 2201 4105 2290
0 1427 10000 1450
1499 9072 6520 9145
1499 8627 9238 8764
0 5823 10000 5854
0 839 10000 858
0 751 10000 839
5115 9856 5146 9957
1908 6249 7134 6296
3414 2423 3838 2608
0 3225 10000 3345
0 3864 10000 3973
5994 5854 9988 6061
0 1928 9916 2066
5315 2070 9832 2140
0 3413 10000 3514
0 5446 10000 5636
2679 6676 9886 6859
3256 942 3662 1302
0 3973 10000 4062
0 4463 10000 4636
6494 8097 9184 8296
2475 2815 2614 2994
3684 915 6153 1298
271 3345 4152 3407
6235 8322 9328 8367
0 5198 9898 5443
0 4062 10000 4141
5264 8531 9381 8589
0 9145 10000 9231
0 6676 2328 6915
2545 1907 4943 1928
0 5147 9725 5198
0 7246 5689 7256
6155 915 9569 1204
0 9585 10000 9627
3838 2423 9312 2614
0 1488 10000 1556
0 663 10000 751
0 8047 4649 8084
2984 2920 9946 3079
9312 2423 9815 2690
0 6970 8507 7121
0 9366 10000 9424
0 7887 10000 7957
0 3079 10000 3225
0 6477 10000 6676
4535 2711 9301 2762
2984 2802 9939 2905
0 3785 10000 3864
2260 5945 5451 5995
0 4698 9961 4901
0 1705 10000 1756
0 9856 5115 10000
0 7957 10000 8047
0 6312 9978 6477
0 2290 10000 2423
1995 7547 10000 7887
7916 9630 9933 9716
1960 4636 3147 4658
6292 0 10000 663
0 4141 10000 4212
0 5636 10000 5823
