0 8598 733 8631
6191 6134 9214 6191
0 7346 10000 7459
0 6869 8905 7010
0 555 10000 580
51 7933 1289 8118
3278 212 8539 235
0 4489 9644 4546
0 7161 10000 7180
6122 433 9415 527
0 8205 6059 8240
0 1936 10000 2019
0 1265 8760 1423
0 1899 10000 1936
6212 820 9601 1017
0 5125 5757 5210
484 9125 4367 9219
3596 3668 8767 3760
0 7180 10000 7212
0 4358 4775 4359
0 6467 9754 6527
1087 743 4110 803
2303 2610 3511 2732
88 4638 7237 4685
6212 1031 9793 1109
0 7212 10000 7290
0 4579 10000 4638
1428 365 6848 388
945 8848 8059 8898
843 8295 9250 8352
0 5044 10000 5125
0 4302 6865 4348
3557 3078 8631 3329
0 4827 10000 4911
987 8500 9759 8708
0 8118 9907 8204
5757 5125 10000 5210
4153 3779 6746 3881
6865 4307 9800 4342
0 2436 6581 2544
4543 918 6212 927
0 9365 10000 9500
0 7546 10000 7587
4158 5826 9551 5931
0 8741 9915 8808
6581 2437 8222 2543
987 8475 8809 8494
3768 7845 6616 7927
355 9842 6380 9936
0 2544 10000 2610
819 6394 8600 6451
0 4426 10000 4467
0 9500 10000 9556
3511 2610 10000 2743
3265 1467 4296 1485
0 7845 3700 7933
0 9033 6844 9034
0 5210 9933 5256
0 4293 10000 4302
0 3329 10000 3379
0 3606 8957 3623
0 9556 10000 9574
3282 2258 4343 2326
0 4218 3711 4293
0 3379 9872 3448
0 8352 10000 8475
0 4348 10000 4358
3173 190 3271 319
0 7290 6373 7346
479 2932 615 3296
1296 7933 9922 8117
987 8713 9914 8729
0 9970 10000 10000
0 2119 10000 2177
0 4467 10000 4489
0 7736 9551 7825
0 4076 9923 4167
0 6279 9721 6384
0 7010 10000 7065
6373 7290 9858 7341
0 9719 10000 9832
9133 3145 9726 3301
2258 1426 9916 1467
0 319 9835 364
0 2177 10000 2258
0 7104 8879 7161
0 7466 10000 7501
6191 5942 9724 5966
0 3985 9054 4014
3711 4218 10000 4293
3561 1793 4487 1828
3794 1552 4962 1770
1809 0 2982 271
0 4359 4775 4426
0 7587 10000 7696
0 7501 10000 7546
0 1828 10000 1899
0 4911 10000 5044
0 6589 9918 6823
4343 2258 7840 2418
0 3779 4020 3870
0 2019 10000 2119
1940 5258 8299 5289
6861 9832 10000 9970
1587 7696 7572 7736
0 9936 6861 9970
0 1145 8668 1263
0 6246 9987 6279
0 8945 9255 9033
0 3448 9918 3604
0 7065 6074 7097
0 6528 9923 6570
1080 4703 8279 4827
3006 2932 7784 3043
0 3668 1783 3689
0 2743 10000 2932
0 399 7057 423
3414 3887 4076 3977
0 3623 10000 3668
4158 5345 4289 5807
2629 5290 2713 5907
0 2379 4304 2436
3800 484 5841 555
5667 5290 6422 5615
3231 4554 6393 4579
4775 4358 10000 4426
0 8811 8155 8846
0 7459 9321 7466
0 9574 9521 9677
0 9696 9535 9719
0 5935 1250 6241
0 580 9828 707
0 9219 10000 9365
0 8903 5575 8945
0 4014 9476 4076
2982 48 9643 188
0 4167 10000 4218
