0 7890 10000 8160
8097 2621 10000 2804
0 1615 1391 1816
2058 1615 10000 2061
0 6277 9817 6561
2376 7039 3673 7145
0 7848 9102 7890
5866 5301 9092 5813
7594 4269 7831 5051
500 2804 2381 5649
36 1871 2058 1978
5824 0 10000 273
7831 3330 9354 4754
2376 6688 6927 7001
0 7259 7358 7691
5866 5218 9424 5292
0 9354 9199 9502
1669 5976 2907 6228
9817 3330 10000 7707
0 6561 6744 6685
3082 2804 4448 3276
7831 4798 9432 5209
4448 2804 10000 3330
0 5976 993 6205
0 1258 10000 1452
0 9099 10000 9354
0 6688 2016 7222
8581 9509 9800 9948
4551 5929 5789 6277
9338 437 9895 1213
0 8762 6273 8952
0 8952 10000 9099
0 8488 10000 8701
2552 437 9338 1102
0 273 10000 319
5966 3330 7554 4202
0 8460 10000 8488
5472 9509 8576 9992
6966 6561 7931 6996
0 2061 10000 2621
0 8709 4371 8762
0 9509 1189 9720
8225 6561 8230 7624
2523 5568 3866 5783
0 0 5824 74
0 2621 8095 2804
0 8160 10000 8460
1508 9509 4761 9692
2376 7241 5437 7245
0 319 10000 437
0 7707 9939 7847
0 1102 9338 1258
0 1452 10000 1615
6273 8701 10000 8928
0 74 5824 273
6273 8928 10000 8952
241 437 2552 965
