0 6473 10000 6532
7603 7050 8065 7134
3554 1604 8509 1663
0 6894 10000 6923
2750 8194 3537 8279
0 7955 3137 7969
0 4294 8637 4396
4771 9438 9147 9490
0 8078 8185 8137
0 5679 9776 5770
0 540 10000 637
0 2439 10000 2483
0 9398 10000 9405
0 2529 4910 2572
0 7405 5502 7631
0 1811 9963 1844
0 3348 3652 3631
0 1148 6000 1334
0 5094 9515 5189
6097 8279 8767 8533
0 7859 10000 7945
0 5246 10000 5318
2619 1420 4982 1501
0 2944 2258 3098
0 268 9195 303
0 2267 9907 2418
1130 1584 1671 1604
0 7631 10000 7735
0 5423 10000 5556
0 5194 9509 5246
0 521 10000 540
0 1695 10000 1749
6924 6923 9589 7039
0 1410 5456 1418
5502 7405 10000 7631
0 2483 9821 2522
0 3098 7690 3241
9062 8607 9513 8756
5824 3348 6274 3622
0 6715 9994 6764
2489 2905 7844 2927
0 9631 10000 9715
0 2573 4404 2824
6187 6070 7661 6122
0 943 10000 989
1796 4622 2481 4810
0 5556 10000 5581
5894 3885 8836 4000
5655 3634 6696 3791
6179 5847 8080 5931
0 441 9780 473
0 6923 1487 6925
4442 4854 9354 5025
0 4506 7450 4579
262 798 7584 863
1830 6772 9931 6804
0 9490 4479 9569
0 5986 5790 6070
0 764 8895 798
0 5355 10000 5423
0 8607 8912 8799
309 7134 1865 7347
0 9209 10000 9277
0 6532 10000 6639
2351 8547 5985 8607
0 5318 10000 5355
0 9405 10000 9419
0 1556 10000 1584
0 9419 6347 9428
0 1663 10000 1695
7904 6129 9555 6401
0 6442 10000 6473
0 2419 9119 2439
0 7969 9809 8047
0 1749 10000 1811
0 9351 10000 9393
0 3631 5446 3791
0 8171 2740 8268
4982 1445 9774 1556
0 1988 10000 2017
0 864 8433 883
2498 5048 8469 5083
0 8799 9559 8880
0 6882 10000 6894
0 9956 10000 10000
7946 7945 9951 7967
0 637 9057 688
0 6639 10000 6690
0 4856 2762 4966
0 4058 10000 4110
0 381 8726 438
0 2017 2367 2264
0 518 7477 521
0 989 10000 1034
0 1845 9874 1988
0 5581 10000 5679
0 6690 9757 6713
0 1334 10000 1410
0 3791 5894 4008
0 5771 5903 5983
2201 4110 7182 4280
0 6764 1830 6804
0 9393 10000 9398
0 8137 10000 8171
6183 2017 9484 2142
5776 7136 6595 7405
4506 6131 7893 6331
0 9277 10000 9351
3673 1034 10000 1148
7182 4110 9842 4284
0 6401 10000 6442
4410 2706 9223 2717
0 693 9182 759
0 3291 10000 3348
7690 2946 8106 3223
0 4442 5606 4506
0 2824 9947 2905
0 3241 10000 3291
0 9590 4207 9631
0 9715 10000 9924
0 4008 10000 4058
0 7735 7485 7859
0 883 10000 943
0 6804 10000 6882
7701 8049 9772 8077
6315 1148 6773 1328
7585 798 9893 852
0 8973 10000 9209
0 9924 10000 9956
0 1034 3673 1148
0 8889 4276 8973
7485 7735 10000 7859
3370 4692 5408 4854
0 0 10000 268
