0 9845 2167 10000
0 170 9838 179
0 9646 10000 9711
0 8637 10000 9015
1410 7272 6848 7442
2167 9845 10000 10000
0 3781 10000 4014
0 7202 7073 7272
0 1561 10000 1791
0 4014 9677 4070
5889 6269 8083 6326
4430 4721 9974 4895
0 5228 6814 5287
7644 1998 8268 2318
0 9015 4116 9344
4153 8508 9475 8637
0 412 6321 824
0 1911 10000 1998
6007 5287 6165 6124
6321 412 10000 824
0 5476 4643 5900
0 2736 10000 2876
0 9773 10000 9845
8524 6556 9713 6594
0 1998 2217 2345
7073 6913 8605 7478
4430 4489 10000 4721
0 3760 4889 3781
5172 6913 6525 7154
0 3545 5348 3754
8785 9015 9874 9298
0 179 10000 412
0 4556 1289 4587
0 9513 10000 9564
5290 5418 5470 6222
0 7272 1410 7546
0 112 10000 170
0 9396 4101 9513
0 1523 10000 1561
0 9711 10000 9773
0 7004 5009 7202
0 824 10000 983
0 1791 7621 1911
7621 1791 8750 1867
851 6303 1792 6312
9649 4896 9897 5547
0 0 10000 112
137 4295 4430 4530
0 3136 8015 3224
4430 4313 9656 4489
0 2527 10000 2736
5305 9346 5734 9511
7471 3545 9180 3761
5718 3455 7455 3512
0 1348 10000 1523
8939 6164 9630 6556
6363 983 10000 1348
691 983 6363 1308
0 7710 9988 8153
113 5091 8463 5221
0 5008 9631 5071
0 7546 10000 7710
8752 2876 9999 3169
0 9564 10000 9646
0 2876 8752 3136
0 4896 7965 4967
0 6594 10000 6913
0 8179 6604 8496
0 5287 4656 5439
0 6326 8524 6594
0 3241 9998 3434
0 4083 7577 4285
0 2353 9923 2527
