0 4999 10000 5024
8190 3324 10000 3492
0 3218 10000 3324
2 2093 5379 2389
0 8457 9994 8522
0 8337 9420 8445
0 2607 10000 2646
0 8879 8417 8937
0 2646 10000 2768
0 5840 9385 6347
1432 7601 4728 7838
6364 4050 9531 4286
0 2525 1750 2607
4615 7386 10000 7548
6994 6569 9483 6886
225 6569 4758 6892
0 5329 6728 5365
1144 0 1211 331
5486 7601 10000 7856
0 8125 10000 8337
2389 1166 6233 1270
5858 8522 8079 8845
1786 1769 9715 2086
0 2768 10000 2965
6086 7278 7844 7366
4777 4476 6364 4729
0 4729 10000 4914
0 407 10000 444
0 6351 9311 6559
0 4050 6194 4246
7867 9071 9493 9399
0 5365 10000 5499
1672 5806 8887 5839
0 3012 10000 3218
0 7386 4615 7548
0 444 10000 655
8181 7856 8939 8030
5392 2093 9970 2422
0 3768 10000 3912
2314 1365 6671 1762
0 655 8552 727
0 3694 8190 3768
0 5024 10000 5209
30 9742 1081 9944
0 3912 10000 4050
0 736 9911 1160
0 2965 10000 3012
0 9071 7681 9408
0 9408 9605 9737
6816 1166 9579 1272
0 7026 2758 7267
8190 3492 10000 3768
0 5246 8293 5315
3319 6959 9865 7236
416 1166 1456 2060
0 4251 4731 4725
0 3324 8190 3694
0 7856 8181 8125
1846 2525 10000 2607
1211 0 10000 407
0 5209 8850 5246
0 2422 10000 2525
0 5664 9351 5764
0 4914 10000 4999
0 7548 10000 7601
0 5499 10000 5664
0 7267 6086 7386
508 8938 8598 9069
