0 7921 5690 7962
163 594 4669 640
0 4187 10000 4287
411 810 1084 845
0 8816 3383 8817
0 3318 10000 3393
76 9573 6057 9579
0 334 10000 377
5028 4456 7131 4480
0 2319 9386 2374
0 3099 10000 3157
0 8183 10000 8218
0 430 7832 478
0 4647 10000 4715
1661 2260 8705 2318
0 7328 10000 7352
0 8408 7167 8520
0 9100 10000 9115
0 9774 4002 9882
5638 3448 6355 3513
0 8708 7463 8711
3002 5558 8809 5585
0 8520 10000 8552
0 7200 10000 7217
0 3550 10000 3569
0 6584 10000 6668
0 5156 10000 5195
0 680 9437 698
1004 4446 3576 4474
0 7090 10000 7117
4812 9244 10000 9285
0 4343 10000 4369
1682 9882 3367 9995
0 5585 10000 5617
0 2921 10000 2979
0 9674 9935 9701
940 1997 2161 2122
0 9335 8953 9383
0 7078 10000 7090
0 3393 10000 3440
0 5269 10000 5302
2161 2000 6038 2028
0 886 10000 926
0 7661 7443 7795
2066 3734 9146 3837
3948 9527 9887 9571
0 9383 4585 9404
4441 4369 7230 4406
3473 4059 8958 4126
2382 2789 6309 2844
0 8928 10000 9004
0 9135 10000 9162
0 2867 10000 2921
0 6668 10000 6670
0 6087 10000 6100
0 157 9908 262
5787 594 8084 638
0 8853 10000 8928
0 2174 10000 2196
0 4636 10000 4647
0 1726 9019 1766
0 3579 4067 3664
0 6975 8570 6979
0 5779 10000 5803
3411 2979 10000 3019
3995 5635 8754 5694
4824 8270 9674 8326
0 6864 10000 6916
0 7489 10000 7550
0 4586 8511 4636
0 7352 10000 7456
0 4320 10000 4343
0 3019 10000 3058
0 9162 10000 9198
4944 6040 9847 6062
482 9412 9503 9522
0 7073 10000 7078
0 2220 9723 2255
0 3257 10000 3318
0 3513 10000 3550
0 6711 10000 6778
1241 4480 10000 4543
7686 5074 9977 5125
0 5892 8485 5940
0 576 10000 594
0 145 10000 157
0 6100 10000 6158
0 8649 9387 8703
0 9089 9503 9100
0 6158 8350 6188
2734 3157 9038 3201
2324 4155 8541 4187
1997 1852 3846 1904
0 4369 4441 4446
0 7797 9296 7833
1609 1931 3174 1997
2132 5462 8930 5542
0 8608 10000 8649
108 5949 4449 5996
0 8552 10000 8608
0 120 10000 133
0 7053 10000 7073
0 4742 7059 4859
0 9030 8010 9085
2731 5034 8059 5063
0 5230 10000 5269
0 3058 10000 3099
6185 1914 8146 1995
0 8771 9876 8815
6120 2173 9429 2174
0 8711 8890 8771
0 7833 7147 7915
0 5838 9921 5867
0 133 10000 145
6445 5063 7686 5118
0 58 10000 120
0 4715 10000 4742
0 9601 8553 9673
0 9198 10000 9238
0 407 9784 424
0 324 9379 334
6811 492 9767 546
2232 9004 4232 9030
1565 1775 5457 1794
0 5417 6887 5427
0 9115 10000 9135
0 1640 9811 1677
1034 268 1959 322
1286 5302 2071 5377
0 6072 10000 6087
1084 746 9929 845
9147 3569 9736 3646
0 5125 10000 5156
0 4543 8396 4567
2586 4287 7923 4289
3518 3845 7569 3862
0 4289 10000 4320
0 9709 10000 9774
0 9285 10000 9306
0 9330 10000 9335
495 6063 9480 6072
3281 6243 6695 6330
0 9306 10000 9330
0 5617 3995 5697
0 5803 10000 5838
6309 2771 8456 2831
0 2492 7340 2581
0 845 10000 886
4561 1471 8390 1509
424 2979 3411 3014
0 5778 7970 5779
0 0 10000 58
0 9244 4717 9284
0 1198 9953 1376
0 2701 9156 2748
761 7550 1623 7616
0 8337 4888 8394
0 8824 6928 8853
4338 506 6811 522
0 6778 5772 6864
0 3672 7063 3719
3684 8002 4169 8051
0 8051 10000 8183
6355 3440 10000 3513
0 7456 10000 7489
0 6916 10000 6963
5772 6778 10000 6864
0 926 10000 972
0 972 7705 989
0 6192 3940 6243
1262 3219 9341 3257
0 5697 2399 5765
4501 1509 9614 1594
7246 1009 9401 1188
0 377 9331 404
0 6979 10000 7053
0 6963 9971 6974
0 6433 9156 6584
0 1683 2143 1726
0 2196 10000 2214
0 2594 9811 2701
0 9238 10000 9244
0 6670 10000 6711
0 9702 6531 9709
0 2846 6455 2867
0 8218 10000 8270
0 7217 10000 7328
0 563 10000 576
0 1794 5789 1850
0 2122 10000 2173
0 546 10000 563
0 4480 589 4543
9147 3674 9801 3807
6750 263 9551 279
0 2378 7682 2490
372 3980 1948 4001
0 2214 9657 2220
0 7117 10000 7200
0 4880 4673 5032
0 5195 10000 5230
