4552 2928 6531 3181
0 7104 6138 7223
0 8614 9555 8659
2584 2074 6387 2153
3441 0 10000 219
6138 7104 8749 7205
0 5256 2439 5276
373 2755 1005 2852
0 4616 10000 4687
0 5996 9020 6173
0 1092 10000 1181
0 4950 10000 5044
0 8407 10000 8434
0 6173 9951 6306
1940 7712 10000 7819
0 2928 3141 3556
2403 521 4068 734
0 0 3441 105
0 6630 3273 6828
0 332 9303 461
0 4851 4749 4950
0 9358 10000 9449
0 7042 10000 7104
0 5085 10000 5256
0 9972 10000 10000
0 9174 9561 9276
0 9729 8445 9802
0 801 10000 861
574 3590 6516 3660
0 9688 10000 9729
0 1779 8969 1829
3873 6390 8066 6748
0 9449 10000 9526
0 6306 6337 6330
0 7670 10000 7712
0 4249 10000 4326
0 4687 10000 4823
0 9809 9890 9966
1940 8032 5873 8139
417 5963 8645 5995
0 9276 6733 9358
0 2677 9231 2730
0 6925 9155 7042
6733 9276 10000 9358
5253 4889 9505 4948
0 8434 10000 8614
0 4072 10000 4164
0 5282 879 5528
4435 4823 6264 4841
0 8265 10000 8407
0 4326 10000 4362
4069 773 8807 801
4176 7223 10000 7441
0 219 9524 284
6629 1829 6922 2229
0 7712 1940 8191
0 5044 10000 5085
6922 1829 10000 2457
0 1181 10000 1259
0 974 10000 1092
0 8191 10000 8265
0 4518 10000 4616
0 7223 4176 7670
0 9971 5931 9972
0 4035 9899 4072
0 4164 10000 4249
0 8907 9947 9042
0 2244 6842 2457
4176 7441 10000 7670
4409 8660 4833 8899
4583 4368 6106 4514
334 1845 905 1981
0 478 9256 512
0 5757 10000 5912
0 3998 9925 4026
0 3667 9944 3831
0 5912 10000 5963
0 6390 1871 6603
759 1259 1754 1579
0 2860 9313 2928
1086 5280 8947 5496
0 5528 10000 5637
3046 1738 7707 1755
0 1634 9411 1738
0 9526 10000 9607
8372 2928 8592 3652
4070 543 8242 769
0 3831 5124 3998
0 9607 10000 9688
0 4362 4583 4518
0 861 10000 974
0 105 3441 219
0 9048 9255 9117
2082 7819 9634 8020
5124 3838 7568 3978
0 2457 10000 2677
0 5637 10000 5757
