0 8278 10000 8623
0 7558 10000 7633
2776 6519 8507 6627
4824 4535 8546 4889
0 9740 10000 9759
12 3882 2403 4461
0 8766 10000 8862
9589 4535 9995 5393
0 8041 9975 8278
0 3752 1034 3879
5916 2747 7268 2815
214 2240 3621 2401
3721 513 10000 593
489 2747 1937 3626
0 1454 10000 1638
0 7180 10000 7262
0 9658 10000 9740
3564 4535 4470 5762
0 1638 9720 1718
0 7262 9900 7263
0 9086 10000 9403
0 978 8055 1102
3721 70 10000 273
0 7263 10000 7323
5690 7323 10000 7558
0 8623 10000 8766
2247 5893 7522 6137
0 9795 10000 9863
2580 2747 5898 3039
0 70 3721 727
1485 1718 3602 1979
6721 3944 7101 4535
4824 5418 9591 5793
3230 7633 9953 7745
3721 273 10000 513
0 9422 10000 9658
0 9050 10000 9086
0 8923 4109 9050
0 9863 9391 9963
0 9759 10000 9795
0 6746 5556 6990
0 7323 4060 7558
0 5893 2247 6627
4062 3740 7333 3882
6346 6243 8864 6428
3755 1264 3833 1454
5916 2848 6602 3040
3101 3042 3967 3737
0 2401 4790 2747
0 8862 10000 8923
4109 8923 10000 9050
0 7745 9681 8036
2247 6244 5491 6440
0 6627 10000 6746
2247 6137 10000 6243
6407 593 6466 686
0 727 10000 978
6577 1718 9965 2208
0 5813 6684 5893
2303 2033 5114 2195
0 7065 10000 7180
0 1718 929 2225
305 7662 3230 7745
0 0 10000 70
2776 6450 9149 6513
2570 3042 3074 3181
0 1114 5870 1246
9271 3274 9401 3851
4824 4939 9386 5410
4060 7323 5690 7558
0 9403 10000 9422
5556 6746 10000 7065
3621 2233 9805 2398
2247 6440 2776 6627
0 6990 5556 7065
4790 2401 9220 2672
7522 5920 9504 6123
