0 2087 10000 2176
4990 5669 9816 6451
394 5327 9923 5392
0 2253 9998 2321
6463 717 10000 1145
0 1410 10000 1554
5230 2594 7873 2856
0 4356 10000 4439
0 3478 9696 3629
4990 5440 9471 5654
0 3844 3821 4002
3883 1798 10000 1970
0 510 10000 717
0 2027 10000 2087
0 1970 10000 2027
0 7150 10000 7358
7300 8403 9015 8500
3357 8328 5943 8494
0 1554 10000 1623
0 8500 10000 8672
0 8328 2585 8489
0 2440 10000 2594
0 1400 10000 1410
2879 7358 5715 7618
0 2942 9802 3046
0 5091 10000 5327
0 8672 6594 9021
0 4002 10000 4356
0 5072 10000 5091
1645 4557 10000 5072
2879 8032 5410 8112
3850 3866 5538 3955
0 1145 10000 1400
0 4508 10000 4557
5563 4439 10000 4508
0 5625 2213 5769
0 4439 5563 4508
1346 3383 9464 3465
0 131 9458 510
2879 8112 7664 8309
5768 717 6463 1078
0 6451 10000 6804
162 4557 1645 5045
895 1798 3883 1965
0 2321 10000 2440
8264 8672 8380 8944
4216 9127 9444 9957
0 3631 9284 3812
2805 2594 5230 2835
0 6804 10000 7150
758 7358 798 8271
0 2176 10000 2253
0 3046 10000 3383
0 1623 10000 1798
