5218 9360 7917 9394
2487 7410 10000 7696
482 3849 6403 4069
6991 1414 9889 1675
0 1274 6991 1602
426 5610 5048 5748
6420 2879 7678 4056
0 9545 10000 9663
0 1034 10000 1274
5098 8784 9977 9212
1780 4347 9408 4608
0 6893 10000 7393
6991 1274 9989 1414
0 1602 6991 1791
7491 6578 8283 6860
0 1791 1985 3840
8359 4608 8449 6191
9408 4347 9488 6865
243 7393 2298 7660
334 217 3513 1034
1985 1791 10000 1876
6 5354 426 6652
4029 8092 9498 8113
0 5027 8041 5354
2191 2218 7474 2536
0 4608 7876 4846
3814 5461 4311 5610
6432 1876 9033 1903
967 6201 5129 6346
9018 4611 9245 5576
0 9360 5218 9545
1757 4448 1780 4495
7590 2218 9997 2691
8051 2691 9950 3932
1627 6585 7339 6865
426 6346 7846 6571
4986 1 5641 415
6991 1688 9808 1791
0 8092 3502 8781
3750 2879 5209 3703
9935 7696 9996 8747
1985 2691 7672 2876
482 4069 10000 4347
2487 7393 6474 7409
0 9268 10000 9360
393 9663 1174 9949
0 9212 10000 9268
0 6865 9488 6893
5234 5354 8102 6327
3636 8118 9737 8779
426 5753 5150 6170
4073 8783 5098 9200
1985 1921 9554 2202
5712 193 7829 728
0 3840 482 4608
3513 435 5647 1027
0 7696 9654 8067
0 4872 7833 5025
9488 4347 10000 6893
