0 456 10000 518
0 7604 3475 8028
0 8267 5294 8651
0 7302 7717 7385
0 389 10000 456
0 9121 9357 9322
382 3830 10000 4104
0 7450 7774 7604
5294 8028 10000 8155
9043 4266 9484 6422
0 8028 5294 8267
7774 6956 10000 7872
3576 229 8969 389
2290 9629 8337 9661
7187 669 7626 2066
5294 8459 10000 8651
5258 669 6215 1421
9487 4266 10000 6956
6592 3018 9758 3405
0 4104 10000 4266
3076 3475 7800 3652
5294 8155 10000 8459
5102 9661 5272 9982
0 7394 6704 7450
382 669 1235 3511
2563 5143 3527 6296
7360 7604 7774 7872
2917 1708 6188 3052
0 6681 9487 6956
0 8899 8086 9109
2290 9681 3063 9813
382 3671 7797 3830
3475 7872 10000 8028
3 2274 382 3923
0 8651 9014 8899
1020 9322 1138 9863
5856 5393 6261 6370
0 518 10000 526
8802 2449 9205 3012
0 526 10000 669
3834 9328 9508 9597
0 4432 5419 4510
6303 6611 7850 6648
1464 1676 2917 3361
3475 7604 7360 7872
0 6401 6027 6681
8955 4432 9043 6128
2917 1538 5519 1687
9014 8651 9979 8889
1260 669 5114 1538
0 6956 7774 7302
0 4564 719 6089
4911 3310 6592 3461
6725 4266 7239 4381
