0 285 2033 604
0 7813 2230 7911
21 9031 9132 9095
0 3330 10000 3363
2230 7813 5804 7911
0 3275 10000 3330
0 1605 4194 1637
0 2149 9444 2157
0 5598 5615 5813
0 7911 10000 7939
1037 3914 9198 4014
0 1857 8117 2033
4682 8395 9571 8521
2253 4674 10000 4751
0 2157 10000 2250
7899 6492 9104 6822
2098 6544 7899 6667
0 1647 10000 1648
0 4674 2060 4742
0 192 5826 285
0 3770 777 3908
0 2901 10000 2961
0 4669 8110 4674
0 9695 4408 9994
0 1506 10000 1545
0 4320 7070 4357
0 5973 9952 6024
6987 5598 7813 5797
8084 7939 9243 7959
0 7939 7936 8103
0 8964 9436 9031
0 6905 6447 7132
0 4751 10000 4792
0 7714 10000 7813
3638 6302 7632 6487
5178 5181 8051 5250
0 5020 4404 5117
0 8395 2734 8614
3914 5259 8692 5534
0 835 9825 890
5465 2735 5983 2892
3930 890 9154 1139
0 3192 4391 3275
0 9107 812 9589
0 7142 8083 7327
0 4880 10000 4943
3226 8569 8362 8809
0 5117 10000 5181
0 56 9610 145
590 1109 3930 1186
0 5259 3862 5483
0 1803 7818 1843
8779 8569 9570 8956
0 8103 7993 8369
4123 1685 10000 1764
0 3020 10000 3096
0 4039 5562 4311
0 3626 10000 3706
0 1637 10000 1647
0 5962 10000 5973
1545 2328 7818 2362
0 2250 10000 2328
5206 285 6582 542
5488 4490 6605 4505
4299 9465 7883 9694
0 2033 10000 2149
1833 3770 10000 3914
2866 3460 9327 3616
0 604 9975 834
0 6066 10000 6136
4299 9272 7362 9465
0 3363 2866 3626
0 7634 10000 7714
0 4505 9898 4667
0 7327 10000 7537
5413 4943 8155 5106
4472 9695 6277 9970
0 8815 4468 8903
0 5916 10000 5962
0 7537 10000 7634
0 6136 9989 6297
0 4792 10000 4880
0 2328 1545 2901
7936 7968 9855 8100
0 3706 10000 3770
2756 1204 4842 1364
6040 8815 7953 8921
0 3096 10000 3192
0 1468 10000 1506
1739 1393 9708 1468
4299 9109 6911 9149
0 2961 10000 3020
0 1545 10000 1605
7993 8103 9494 8329
4391 3192 9207 3270
0 8369 9763 8395
0 1764 10000 1803
2741 5181 4207 5234
638 1186 1596 1338
7906 9572 9989 9658
0 890 1324 1100
0 5813 10000 5916
0 1648 10000 1685
4194 1605 10000 1637
941 150 8089 190
5804 7813 8843 7910
0 6030 6873 6066
0 1685 4123 1764
1545 2366 6538 2628
2866 3363 8229 3448
