3005 8307 3155 8891
598 8280 1215 8442
1416 0 3340 1892
6638 4610 9109 5167
4051 9707 10000 10000
6422 5898 6726 9137
1491 7827 2974 9614
5963 5898 6422 9137
3340 2542 6910 2925
4051 5555 5849 6995
3340 363 4196 1332
3182 5716 3671 9000
2293 3715 3474 5555
8633 5508 8912 6487
704 1415 755 3156
3182 5564 3487 5716
9117 2060 9249 8544
6513 953 6650 1275
755 5555 3182 6124
9413 5297 9784 7815
6910 2060 9117 2925
6638 5167 8486 5460
1416 3715 2293 5555
3182 9000 3671 10000
3671 5716 4051 10000
4085 7021 4360 9323
540 6124 3005 6636
9798 3569 10000 8544
3340 2925 5963 3401
8486 5167 8945 5460
6638 3613 8979 4093
4583 9617 8945 9707
6125 5202 6638 5321
4333 85 6042 363
8945 8544 10000 9707
76 0 293 8357
4137 3715 5848 5381
8945 5167 9117 8544
5963 2925 8606 3541
3474 4500 4128 5221
1285 6636 1345 7824
8073 0 9302 1341
1826 1897 3340 3401
5775 1536 9798 2060
6726 8628 8737 8685
3340 1332 3840 2542
9249 4811 9413 8527
3840 1332 5775 2060
5775 363 8073 953
6726 5898 7876 7568
1416 1897 1825 3341
4196 363 5534 1056
6726 8883 8108 9103
0 9630 3004 10000
4555 7021 4583 9480
1416 3401 5963 3715
4858 7320 5963 7654
4196 1183 5728 1332
8157 5460 8633 7810
3474 3806 3975 4500
4583 9137 8945 9617
8619 3017 9078 3613
8206 8886 8930 9137
755 0 1416 5555
9413 4811 9779 5106
6650 953 8073 1536
3340 0 3996 351
9249 2060 9798 4811
8633 6487 8945 8628
293 0 400 9003
6726 7961 8629 8627
5429 2152 6370 2542
6749 5460 6850 5851
