7835 1190 9435 1462
4743 9007 6487 9819
7315 4416 7758 6652
6247 2360 7167 2506
8697 8000 9056 9987
7638 8735 8250 9280
326 4993 1969 5854
2463 197 2553 879
8412 2666 8425 3907
7112 9007 7552 9208
3823 203 4724 440
8196 5345 9634 5452
9489 6561 9850 6768
9634 4580 9893 6424
2097 6141 3819 6377
9056 8730 9374 10000
7203 1190 7835 2666
7832 4580 8196 6149
7112 9550 8697 9876
4977 1392 5717 2275
8264 7188 8588 8000
6192 1187 6247 3765
3063 2631 3270 3976
7819 6434 8137 6823
267 9876 4445 9907
2820 2510 3029 3881
1356 1058 4863 1184
4319 4252 9893 4416
6247 1835 7202 2352
9681 8000 10000 10000
6247 1722 6643 1835
2811 78 4863 197
735 2727 896 4116
1885 1425 2691 1751
7841 1462 8671 2074
2097 6377 3320 6565
9056 8000 9681 8730
1969 4252 3819 5854
5443 5714 7315 5797
326 6269 1933 6302
120 9907 4445 9977
1415 1595 1885 1631
7217 8166 8264 8535
2816 7493 4743 7874
4743 8840 5919 9007
214 78 267 1857
0 9977 4445 10000
4445 9876 8697 9987
3819 4252 4319 6616
267 78 295 9876
295 78 735 2202
1385 9157 3924 9686
326 7596 1385 9686
6838 4416 7013 5057
8264 5452 9634 6424
4743 7493 5524 7890
1893 2727 2347 4116
295 9846 7112 9876
9108 2464 9396 2493
8264 6424 9489 7188
2245 7025 4671 7151
5919 8166 7217 8535
5683 6652 6876 6723
6247 2506 7203 3253
6247 3253 7203 3848
4545 1876 4977 2504
849 6616 2184 6927
849 6302 2097 6616
7758 4416 9820 4570
5919 8535 7523 9002
2347 1797 3139 2146
735 78 2811 197
3302 3900 5133 4077
6166 120 7203 1187
3509 6486 3796 6547
4319 4416 6357 5037
395 6312 849 7199
9867 33 9998 1257
4743 8166 5919 8840
1969 4251 9278 4252
4381 6616 5443 6927
5550 3072 6051 4004
4863 676 5826 1184
1867 7248 5396 7353
295 2202 735 4116
4445 9987 9056 10000
2184 6616 4381 6927
0 0 9867 78
326 9686 4272 9815
1356 197 2463 1058
6925 9007 7112 9629
8588 7188 9489 8000
3591 1754 4190 3875
7203 2666 8056 3835
4251 1246 5545 1392
2245 7151 7758 7248
849 6927 2245 7248
6357 4416 6838 5714
3924 9243 4627 9683
8346 1036 9049 1047
1885 1219 2899 1425
8196 5452 8264 8166
5826 120 6166 1187
6071 5797 7315 6652
9435 100 9623 1191
735 1754 2347 2727
1356 1184 4251 1219
9374 8730 9681 10000
4977 2374 5806 2404
5826 1187 6192 2374
3302 2226 3535 3240
4319 5037 6357 5714
4319 5714 5113 6554
4863 120 5826 676
6247 1187 7131 1678
295 9832 4370 9846
295 4116 1969 4993
2347 2987 2601 2998
326 5854 3819 6141
4251 1392 4484 3426
295 4993 326 9832
8196 5013 9187 5345
9435 1262 9892 2599
5443 5797 6071 6652
105 2060 120 9091
1385 7351 1838 9157
46 2741 93 8965
7203 145 8298 1190
4863 78 7929 120
8264 8000 8697 9550
735 197 1356 1754
896 2727 1893 4116
4977 3072 5501 3783
326 7248 1385 7596
6192 3848 7121 4179
2899 1219 4251 1754
1969 4116 6192 4251
8671 1462 9108 2666
9893 1262 9994 7591
7758 5818 7815 6877
