3304 3917 3488 4318
5996 3818 6174 3877
77 5598 614 9632
2514 4531 2576 6588
6174 3465 7021 4498
2921 2761 4202 3333
783 7285 1405 7588
1388 4602 1962 5548
2086 4010 2178 5521
6174 4498 9210 4568
5934 1212 7842 1855
5569 6969 6471 7461
6159 1855 6568 2954
2373 4531 2514 7063
0 167 4589 265
5569 5973 6091 6346
6575 1855 6995 3356
2078 2762 2372 4010
614 5548 1210 6271
2373 2761 2577 4531
4342 2761 5068 4743
5436 7775 8000 8025
1174 7588 1362 8520
6606 5973 7234 7640
7827 5956 8790 6533
2577 6176 2897 7063
6019 4816 7827 5121
1975 2758 2055 5726
614 6756 783 9632
7021 1855 7083 4164
4436 5973 4821 7142
51 9632 783 9863
2897 7651 4202 8076
0 380 5795 472
2078 6584 2350 7032
3679 5938 3933 6821
3679 3984 4088 5580
4202 5973 4436 8076
5068 2786 5778 4533
1210 5548 1962 6271
1069 472 5795 557
4202 5878 7827 5973
2078 7063 2897 8211
8000 9056 8568 9185
7827 4816 8842 5956
783 6756 2078 7285
3443 4441 3677 6175
555 472 700 1324
4202 5505 6019 5878
5934 265 6681 1212
1388 3180 1962 3761
700 472 1058 775
7083 1855 7466 4472
6019 5121 7827 5878
0 1463 51 10000
4821 5973 5435 7142
0 1324 2066 1463
7842 4001 9259 4498
51 2633 1962 3180
8015 9770 9312 9824
2596 3754 2671 4611
8524 3129 9259 4001
2993 5736 3443 5873
4436 7142 5435 7775
2696 740 2898 2158
7070 8025 7593 8039
8524 1508 9049 2866
5068 4568 6019 5505
1878 557 1967 1084
1405 7285 1970 8044
327 3657 1388 4297
8524 2866 9049 3129
9259 982 9601 4816
2577 2761 2921 3533
2755 4359 2937 6176
9601 1792 9618 2093
5365 8798 5939 9796
2921 3333 4202 3533
783 8606 7480 8787
1388 3761 1962 4602
8842 4835 9429 5543
51 9863 10000 10000
0 265 5934 380
2078 1193 2383 1765
783 7588 1174 8606
51 3180 1388 3657
2078 2158 4158 2761
4436 7775 5436 8076
8842 5543 9418 5869
2897 8076 5436 8211
327 4297 1388 5548
1967 2633 1968 5272
4158 772 5060 2003
6681 982 9259 1212
7842 1213 8934 1508
5435 5973 5569 7775
2178 4010 2373 6584
8989 6579 9600 6590
9641 167 9992 3600
3087 6176 3679 7651
5068 1777 5449 2786
6019 4568 9259 4816
1962 2633 1967 6271
9672 5107 9829 5736
5569 6596 5695 6969
4589 167 9601 265
7842 1508 8127 4001
9049 1508 9259 3129
0 108 4519 167
8127 1508 8159 3797
1534 8798 3924 9705
7329 5977 7821 7775
2897 6176 3087 7651
51 3657 327 5548
8160 1508 8524 4001
2671 3754 4202 3917
6681 265 9601 982
587 2191 2066 2633
2577 3533 4202 3754
4063 8397 7406 8450
2066 5364 2075 6606
5798 1651 5934 3465
0 472 555 1324
1405 8211 3763 8605
587 1463 2066 2191
51 1463 587 2633
614 6271 1967 6756
3679 6821 4202 7651
8842 7855 10000 9185
