1971 9278 2600 9846
8260 170 8450 636
3242 9379 5559 9859
3242 8637 9657 9015
1142 7201 1963 8327
0 9859 9006 10000
208 170 287 8496
5173 6688 5736 7592
292 824 1142 2959
4800 2178 5095 4015
6986 6325 8083 6439
5118 4529 5734 6095
4622 4529 4740 7936
8267 1167 8507 1999
40 8496 667 9859
9267 6863 9654 8637
287 232 6043 824
2019 1623 4557 2072
5737 5535 6574 5693
9828 170 10000 10000
3140 3385 3242 9859
1625 2648 3734 3385
5559 9015 7242 9859
6758 6559 9136 6578
2019 2121 3677 2585
8418 6578 9267 7595
6758 4576 9293 5220
3734 2121 3795 3804
4932 6688 5173 8041
292 2959 1142 4085
8530 9015 8976 9706
8509 170 9757 2481
287 824 292 8496
667 8496 1142 9859
5202 6139 5470 6679
0 170 40 9859
0 112 10000 170
1142 8415 1493 9782
7633 1052 7913 2445
9006 9015 9828 10000
2038 7201 3140 8101
2019 824 5130 1623
5539 1910 6723 2817
7546 1052 7622 2181
1791 6303 2732 6312
9657 4576 9825 5537
0 0 10000 112
3832 4529 4430 6216
6994 1580 7447 3137
7967 1273 8253 4489
3800 2121 4800 4529
5111 9016 5306 9379
7464 3729 7951 4487
7262 3350 7455 3863
6758 824 6994 4576
9434 5174 9630 6556
6723 824 6758 7595
5140 824 6723 1910
5173 7595 9267 8637
7136 5220 8463 6038
4740 4529 5118 6134
6758 6578 8418 7595
8563 2587 8753 4510
7242 9015 8530 9859
40 170 208 8496
5737 4529 6622 5168
1142 2648 1625 7201
522 4375 1030 8496
1625 3385 1791 7201
3242 3385 3725 8291
8753 2587 9736 4550
292 4085 522 8496
1142 824 2019 2648
