3889 4958 4591 5631
1492 2676 2541 2833
1894 5490 2248 5634
3689 2502 4352 3916
5340 6080 6393 6600
6619 442 9957 572
4764 9603 6473 9849
3684 8093 9223 8462
5259 3497 5830 3802
8819 5675 9223 6350
205 787 1003 2189
3689 1256 4352 2502
0 0 98 10000
98 9496 6363 9603
7431 620 7999 691
98 132 205 6237
5259 2722 5918 2901
5531 1027 6025 1366
2697 5058 3066 5400
4352 3830 5089 3916
6394 6080 7620 6601
6794 937 6955 2258
5278 462 6612 688
5424 6602 7613 6947
312 7839 552 9000
9817 5675 9882 8737
7114 3070 7475 3141
7114 937 8995 1456
493 4648 3812 4809
7719 3088 8347 3153
6363 9232 7746 9603
9974 0 9980 9019
1453 6080 2726 6878
2729 6177 2814 6935
8665 5675 8819 8093
5578 1456 6090 1804
9766 3775 9906 5449
7225 4477 7398 4900
4352 2608 4384 3830
2790 6949 3218 7220
4013 6080 5335 6938
1110 9407 3764 9473
6617 6949 7677 7423
9646 9018 9974 9975
4591 4958 5003 5834
6173 3775 6298 4446
5964 8462 7746 9225
7677 5993 8537 7423
1840 8582 3299 8929
2697 5400 3196 5993
1453 5660 2069 6080
6524 3775 8629 4166
2299 427 2577 2189
205 427 2299 787
8188 602 8985 708
6524 4477 7008 5675
8508 7423 8665 8004
3684 6949 4164 8093
3196 4958 3889 5993
2555 2851 2648 3316
499 4876 1163 5469
6955 3463 8621 3775
9906 572 9967 9018
5717 4958 6354 5834
3454 7260 3684 7973
6354 3775 6524 5993
1003 787 2299 1128
7008 5506 9906 5675
2577 1256 3689 2189
3961 9027 5465 9230
205 2223 677 3306
1592 6949 1729 7708
8621 3681 9906 3775
3008 7348 3235 7839
8629 4951 9766 5449
8675 3153 9742 3463
5128 2722 5259 3908
2577 752 4286 1051
3196 4911 6169 4958
8589 268 8887 427
7746 9789 9646 9975
5003 4958 5717 5579
222 3770 493 5343
806 9027 3961 9232
5531 708 9906 937
98 6237 967 6949
8537 5675 8640 6975
2248 5490 2697 5660
6524 4166 8629 4477
3684 8462 5671 8770
8074 9378 9646 9789
169 6949 312 8415
8621 3463 9906 3681
9295 1828 9858 2682
98 51 5923 132
7008 5449 9906 5506
6524 5675 8537 5993
312 9032 749 9496
9223 8812 9402 8835
2859 9232 5695 9404
205 5475 656 6023
6011 2109 6110 4394
1158 2189 1492 3916
2069 5660 2697 5993
8074 8835 9906 9018
2555 2189 3049 2849
9967 132 9974 8676
98 8629 271 9436
1492 2189 2555 2617
8570 1553 8603 2846
3543 8160 3604 8603
9157 937 9906 1828
4164 7231 5873 7392
679 3916 6011 4342
5089 2109 6011 2722
8819 6350 9223 8093
7134 1775 8056 2331
493 4342 5842 4519
7746 8462 9223 8745
312 9000 3322 9027
1492 3135 2323 3458
7746 8745 9223 8835
2508 5008 2694 5490
1003 1128 2299 2189
6956 937 7114 3409
493 3306 679 4342
679 2189 1158 3505
7746 8835 8074 9789
8603 1553 9157 3153
8629 3775 9766 4951
3889 5631 4365 5830
601 8369 1544 8582
4164 7423 5308 8002
4352 708 5531 2109
2577 1051 4352 1256
1492 3458 3689 3916
4164 6949 6088 7132
679 3505 1158 3916
3055 2189 3682 2846
9742 3153 9893 3343
5155 5579 5717 5719
8074 9018 9646 9378
1163 5490 1453 6237
552 7839 3139 8123
8056 1635 8530 3018
2069 5993 7677 6080
7398 4477 8530 5322
98 9975 9974 10000
7114 3153 8675 3463
4121 5834 5739 5943
967 6237 1453 6949
4398 2109 5081 3744
