7263 6225 8135 9841
38 0 154 8188
7263 9841 10000 10000
6676 3515 8135 4370
2209 1386 2656 2272
1646 7618 2673 9277
1838 3143 3251 3841
6035 6203 6508 7266
279 0 847 2906
2548 0 5293 1107
2677 8021 3251 9145
6676 4370 8135 5523
496 5359 2677 6043
2548 1123 9292 1386
1994 4244 2883 5094
1640 0 2548 1301
5293 0 10000 306
9415 6336 10000 9599
3498 2213 8098 2305
5183 3477 6358 5327
2883 4231 5183 5327
2174 2346 4406 3143
1837 3841 3059 4204
8682 2311 10000 2915
682 6955 1646 9256
4510 8334 5578 8697
3337 8849 5602 9819
154 5327 6676 5359
8949 839 9287 1063
496 6043 1613 6939
1703 1386 2172 3129
8915 2915 9653 4197
230 3606 531 3819
8098 1386 9292 2311
5602 8849 7263 9819
851 1386 1686 3136
3124 7173 3337 7739
4426 2311 5149 3129
3251 3143 5183 4231
8694 7264 9415 8860
8135 3515 8682 6336
2544 9338 2669 9819
3337 8705 7263 8849
6358 2311 8682 3515
2548 1109 8774 1123
5285 2311 6358 3477
8135 6336 8694 8860
2677 6203 3066 7692
6358 3515 6676 5327
191 6596 496 9813
154 0 248 2327
6676 5523 8135 6225
3073 6203 5767 7075
2677 5359 6143 5886
6950 306 8803 819
9653 2915 9916 4339
2782 1386 8098 2211
8135 9599 10000 9841
8694 7112 9088 7264
6676 6225 7263 8705
531 3143 1745 5259
9292 306 10000 2311
4077 7076 6023 8301
8135 8860 9415 9599
8682 5235 9919 5989
0 9819 7263 10000
