49 1136 128 4446
605 3163 1206 3973
6070 1337 6672 2724
128 7550 1397 7960
8694 5557 9548 6121
622 6749 4838 6939
2245 9599 8459 9726
4110 8699 8459 8991
9440 421 9874 1133
1783 1375 2320 3614
3179 8991 4308 9088
3406 7980 7085 8168
3179 9088 4308 9599
7274 349 8284 488
4885 4235 6047 5357
257 692 2702 843
8176 488 8541 1737
128 4565 4410 4853
3179 8168 9642 8379
7085 6327 7988 7187
1559 5214 3574 5899
5174 3058 7716 3518
9331 488 9386 3539
257 843 419 4565
2799 3546 5480 3647
9386 1133 9874 3539
4044 4853 4300 6524
419 2416 1664 2965
8129 3539 8243 6588
622 6601 3573 6666
5007 1534 5710 2262
1783 3647 6317 3935
8641 8699 9521 9726
4525 8379 9521 8510
8459 8699 8641 9726
4035 236 4561 3058
7337 3541 7702 3873
7108 3873 7956 4945
2245 9413 2595 9599
2245 8168 3179 9408
1206 2965 1783 4444
0 0 9874 82
2007 8707 2245 9115
371 4853 1559 5615
4078 3935 6047 4235
3030 7387 3148 7550
3574 5214 4044 6601
4028 8379 4525 8685
6012 488 7873 1337
137 1572 257 3296
5415 236 9386 308
5012 236 5384 1129
371 5615 1559 5899
3788 236 4035 1759
7085 7187 9642 8168
4308 9004 4687 9452
6047 3935 6317 7980
128 4853 371 6601
8541 488 9331 3539
890 7960 1123 9907
6317 6327 7085 7980
2869 866 3396 2957
6755 3647 7108 6327
6672 1337 8176 1737
1990 7806 6047 7980
371 5899 2443 6434
419 1366 1768 1480
3833 8699 4110 8980
5007 2724 7735 3057
8345 2636 8427 3409
4525 8510 9521 8699
4410 4235 4885 6749
1397 9324 1890 9335
4078 4235 4410 4565
2510 5899 3317 6468
7956 3873 7988 6327
231 6601 622 6969
3653 82 8562 168
553 4444 3949 4565
419 1480 1769 2310
1559 4853 4044 5214
1990 7980 3406 8168
2245 9903 8245 9988
7988 3539 8129 6685
6672 1737 7395 2141
2055 3935 4078 4233
7395 1737 8345 2724
419 2965 536 4550
9521 8379 9642 9903
4885 6172 5796 7513
6632 4968 6755 5599
7108 4945 7956 6327
843 7960 882 9081
8694 6121 9642 7187
2372 843 2799 3451
9874 0 10000 9903
6672 2141 7395 2724
5505 488 6012 1322
5007 2262 6070 2724
8541 7060 8694 7178
8026 488 8176 1215
559 7047 3620 7366
4561 236 5007 3058
2029 7673 3348 7806
9642 3539 9828 6093
128 7960 843 10000
4885 5357 5421 6115
0 82 3653 236
470 843 1290 1294
257 249 3098 692
8284 308 9385 484
2245 9726 9521 9903
