5497 3430 5713 4168
8258 6575 8582 9610
2586 4844 2944 5967
2836 3676 3383 4516
2274 9830 10000 9882
6503 4086 7702 4875
1235 1705 2638 4564
4625 6354 5275 8047
5167 1940 5497 4168
5602 9610 10000 9830
4314 8831 4946 9011
5722 8292 6648 8829
9320 4086 9413 4784
800 611 1884 1705
4992 8829 5602 9830
2638 1705 2812 4204
8980 1676 9777 4055
4314 4168 4367 8829
1951 5079 2509 6023
6502 6354 6858 8004
0 9402 1470 9643
3261 9206 4992 9796
4045 3312 4314 9011
8315 838 8353 3197
3122 9011 4876 9206
5721 5879 6297 6340
4376 1770 5167 2816
3712 915 3851 2822
8980 838 9777 1676
0 4748 2950 4844
5602 8829 7688 9420
7026 3565 8375 3909
6195 428 6332 1556
0 9011 1337 9402
8783 4959 9061 5040
5862 7426 6463 8041
754 7382 2950 8276
5269 4168 5721 6354
6503 4056 9414 4086
417 3640 1224 4732
2274 9402 3122 9830
9777 0 9978 6911
8582 6575 9061 7563
351 5584 754 8448
8353 838 8980 3565
8640 5040 9061 6575
0 5584 351 8448
4450 6624 4625 7426
8313 0 9777 838
5721 3541 6245 5879
778 123 6086 301
2950 6713 3389 6717
0 8448 1993 8947
5167 1556 6332 1940
3639 5894 3710 8173
6858 6354 8190 7753
9009 7890 9734 7940
6334 13 8109 428
1235 4566 3333 4748
9061 5164 9731 6926
5602 9420 7688 9610
8820 7563 9157 7711
3851 3312 4045 9011
754 5584 1951 6676
0 9882 10000 10000
1951 6023 2950 7382
4314 301 6195 1556
8258 5040 8640 6575
1470 9402 2274 9882
5497 1940 5872 3189
7688 8099 8258 9610
8190 6354 8258 7753
9443 4055 9722 4578
0 4844 1951 5584
3851 301 4314 3312
9777 8643 10000 9609
4367 4168 5269 5640
754 8276 3235 8431
1337 9011 3122 9402
4625 5640 5269 6354
0 0 379 4415
7064 8640 7578 8653
0 9643 1470 9882
7137 428 8313 3391
6648 8099 7058 8770
6332 428 6498 5801
5357 6459 5768 7297
6858 7753 8258 8099
8200 5177 8243 5674
754 6676 1951 7382
6677 5058 8089 6046
6925 1068 7026 1637
622 1917 1235 3619
