0 9695 6338 9813
418 5389 6006 5741
6831 7532 9026 8508
2325 8186 2671 9384
8017 6118 8649 7532
2506 1354 3557 1814
2671 8614 4246 9442
8017 4129 8649 6118
9026 991 9381 8852
9728 875 9947 8426
6831 6795 6918 7520
2506 1079 8455 1354
4680 7256 4981 8277
2100 3265 2515 4816
6006 3324 8017 3917
2671 8480 5307 8614
8018 3629 8649 4129
3640 1354 8935 1826
9381 991 9726 8476
684 2253 834 5335
6006 3917 8017 4153
871 2253 1876 3472
62 6622 289 9695
508 5933 716 9442
289 6323 508 9442
508 5741 5495 5933
1253 7096 1831 9438
4233 6795 4647 8244
6006 4153 8017 4245
53 0 154 5348
6338 7256 6831 8852
4384 2256 6300 3258
716 7875 1213 9313
7752 9017 10000 10000
2671 5933 3426 6795
4067 3324 6006 5377
5228 675 8766 833
6918 6760 8017 7532
7752 8852 9381 9017
684 991 2289 1746
6032 7256 6338 9695
154 0 5228 875
5228 617 10000 675
289 9442 3546 9618
192 875 409 5282
684 1826 8649 2253
8649 1826 9026 4147
3427 6081 6779 6616
2671 8426 4140 8470
0 6302 475 6323
716 6064 2443 7096
716 7593 973 7698
4246 8614 6032 9695
4067 3268 7449 3324
6338 8852 7752 9813
5495 5741 8017 5933
7667 6135 7866 6760
8649 4147 8993 7056
684 875 9728 978
7471 4245 7599 5605
3921 5933 6519 6040
2671 6795 4213 8419
6831 8508 9026 8852
434 1228 684 4584
0 9813 7752 10000
7629 40 8033 617
2515 4210 3987 4256
2188 978 7751 987
2071 2253 4382 3263
4680 6802 6759 7256
