4326 9787 6607 9980
2051 4834 3353 5491
6266 7780 6664 7947
6766 2441 7423 3114
3434 4292 3986 5079
6266 7490 7414 7780
5925 509 6871 1588
3986 4292 7782 4561
487 4047 625 5673
2207 8846 3872 9239
1541 6287 1930 8004
3711 2297 7541 2441
261 6681 476 8386
1985 3782 2051 7456
5961 3247 7096 4279
487 9858 1882 10000
487 9680 1134 9714
1985 7456 6153 7512
2051 6829 3315 7075
1882 8309 4268 8393
9408 7456 9424 9962
3115 4292 3158 4719
1885 108 7586 347
7554 9372 9203 9646
1930 3782 1985 8309
9049 5886 9385 6337
6097 7075 6632 7367
2318 3782 3273 4292
6741 5359 8347 5736
9970 387 9994 8196
3315 6897 4826 6978
5096 6019 8766 6286
5231 1588 6871 2030
6983 7780 7659 8177
9461 1444 9485 1896
1265 9417 2313 9714
5688 509 5925 1218
5019 7955 6664 8087
5621 1218 5889 1530
1954 347 2081 1782
1493 5063 1754 6280
8930 7456 9305 8219
7998 6958 9461 7405
5292 8087 5389 8254
237 1691 500 2690
1755 4648 1803 6275
4268 8087 5292 8791
2976 509 5512 836
6632 7075 7998 7405
8320 3760 9265 4068
1265 76 1850 1691
2084 811 2275 1602
36 7 120 6469
4156 4865 9435 5079
2605 5886 3096 6270
8580 7456 8930 8251
5086 8791 5735 9033
9490 387 9876 4099
1316 2690 1345 6568
9435 401 9461 6726
3711 1529 4204 2291
5096 5886 9049 6019
1985 7512 3168 8087
9511 4391 9899 5376
7587 97 8724 252
237 7 637 1691
7815 3933 8320 4531
9666 5376 9775 6185
5096 6749 5773 6981
3096 5886 5096 6270
7587 6628 8135 6742
3955 1314 5039 1490
3986 4561 4080 4892
637 7 1265 1691
4268 8791 4427 9428
1930 3235 3273 3782
1985 8087 4268 8309
500 2417 1347 2690
487 9828 3568 9858
2976 870 5063 969
2976 401 9435 509
1927 8393 2207 8494
6664 7780 6983 8177
3315 6270 5096 6887
6840 2030 7271 2098
25 8386 487 10000
1347 2417 1487 5357
7747 7456 8580 8251
1347 9160 1837 9239
120 7 237 8386
5688 388 6951 401
1882 9858 4268 10000
1850 108 1872 1678
5408 5079 6249 5886
1170 3904 1265 7608
7659 7456 7747 9033
487 9182 1131 9680
9511 4301 9780 4391
2051 5886 2605 6829
487 2690 1316 3336
3711 2441 4512 4263
2784 358 8830 381
2784 969 3368 2445
6871 986 7398 1999
1347 9239 3872 9417
4156 4616 4846 4865
8320 4164 9226 4496
9271 986 9435 4865
4268 9693 8775 9787
4216 1529 4329 2142
237 6230 261 8064
6831 9039 7212 9112
2784 401 2976 969
7659 9033 9038 9072
4 7 25 3401
3790 5515 4763 5882
6607 9787 9408 10000
2084 1602 2317 3235
4549 3247 5961 4292
3168 7521 5227 7955
2296 4354 2596 4817
3273 2611 3395 4292
8448 5687 9230 5886
2313 9417 3568 9714
9087 9693 9388 9783
7541 2800 7782 4292
6249 5079 6741 5886
2051 5491 3434 5886
9222 0 9982 327
648 3336 847 6306
648 6690 1093 8244
6741 5079 8448 5359
4268 9646 9408 9693
3872 8960 4089 9373
500 1691 1850 2417
869 6119 1112 6690
2605 6270 3185 6808
7423 2441 7541 3247
6871 650 8370 986
1265 7 7587 76
7578 6380 8866 6627
3168 7955 5019 8087
6543 4561 7194 4854
9899 387 9948 3850
8448 5079 9289 5517
9025 986 9271 2763
9511 6866 9930 9942
3395 969 5688 1218
2153 3782 2318 4051
5096 6380 7535 6627
1546 2417 1755 4999
1850 103 4387 108
2317 1602 2784 2611
1265 4788 1304 7019
4493 9114 7532 9643
4549 2441 5780 2793
2051 7405 9461 7456
2317 2611 3273 3235
9490 4913 9509 5731
4813 5079 5408 5829
0 0 8481 7
7998 6829 8980 6958
7602 2437 7649 2800
6664 8177 7659 8791
7747 8251 9408 9033
1755 2417 2084 3235
3568 9417 4268 9858
4814 1218 5231 1279
487 9714 3568 9828
3422 1218 3711 3993
7782 2800 8265 3632
9424 7456 9511 10000
2207 8393 3872 8846
