4626 7759 5298 8862
8231 7239 9130 8239
6289 6123 6745 7480
4171 3416 5114 4813
4352 9422 4793 9853
2117 3758 2511 6439
5298 7480 5986 8862
9589 424 9649 6230
5986 8277 9275 8862
446 3236 700 3753
5241 2612 5917 2748
3581 715 3716 4778
2986 513 5797 695
1756 978 1937 8010
2117 978 2660 3758
5828 6123 6289 7480
0 9685 2660 10000
3581 4813 7522 5091
7338 424 7518 4744
4411 7213 4609 7263
2737 9242 4352 9853
806 978 1169 3730
4232 161 9668 420
4091 7008 4411 7676
6748 6466 8174 7429
4091 7676 4626 9242
5298 6123 5828 7480
4793 9422 8285 9853
5234 2748 7338 2848
806 424 7338 513
1225 978 1486 3095
6116 4534 7101 4762
9275 3851 9589 9422
3348 7008 4087 8027
806 0 4232 424
0 8945 2117 9685
4626 9050 8209 9152
1169 8299 2117 8945
2660 9853 8285 10000
8285 9470 9651 9780
0 6989 806 8945
2737 7008 3229 9242
0 3753 806 6989
5114 715 5234 4534
6748 6123 8177 6449
3719 1324 3833 1454
6505 2848 6589 4416
3717 3415 4150 4805
2853 715 3581 3264
3369 8029 4091 9106
4626 8862 9275 9050
5986 7480 8231 8277
2117 6439 2509 8061
1937 978 2117 8299
2511 3758 2660 9685
6289 563 6466 594
806 513 2660 978
9687 0 9998 5338
1539 2872 1716 5893
4731 1006 5114 2195
806 3730 1074 8844
446 472 720 2191
3229 7008 3346 9083
4232 0 9492 142
2737 5091 2922 7008
2660 2163 2732 3136
61 0 308 3137
9368 1578 9401 3851
5008 5091 7341 6012
4626 6123 5298 7759
4352 9340 6699 9422
8231 3189 9038 6948
3833 715 4429 2427
2670 5080 2737 6609
2922 6148 3483 7008
3833 2465 5098 3414
7522 3476 7674 6123
