5730 2081 7587 2594
3883 5078 5912 6938
9849 0 9923 8370
3144 2176 3486 4164
6582 627 9839 1145
1023 510 3738 1557
6525 2594 8287 2987
6043 3723 8673 4433
8982 1145 9463 3583
7875 4433 8698 5441
76 1497 317 4002
5192 510 5730 2594
6181 13 9712 627
6181 1145 7587 2081
9923 0 10000 8860
7875 6454 8777 7810
6622 8255 7301 8500
772 8460 3358 8626
8514 1145 8982 2594
7352 4433 7875 9839
363 7901 1168 8418
3883 510 4692 4451
3738 641 3870 1410
3883 7182 4923 7891
5192 3045 7625 3464
698 5239 2717 7297
0 8672 2094 9771
8698 3583 9463 6454
6130 5078 6327 6057
1832 1557 3144 5239
2898 7901 3273 8441
3850 2176 3881 7022
5730 510 6181 2081
3144 4369 3839 5229
4974 4433 6253 4679
554 4634 698 6847
3883 4451 4675 5054
9463 1580 9832 3384
1023 0 6181 510
3291 7901 5468 8334
6181 627 6582 1145
7875 5441 8698 6454
698 4634 1832 5239
3144 1557 3883 2176
4692 510 5192 4433
7875 8802 8419 8860
7875 8860 10000 10000
601 0 1023 3982
5192 2594 6488 3045
8777 6454 9849 8860
715 7359 798 7799
3489 2176 3850 4369
1023 1557 1832 4634
7587 1145 8514 2594
