2420 977 9271 1051
90 2178 331 3910
5304 7437 5906 9804
7807 3026 9009 4249
3993 4877 5079 6879
3212 3845 3880 4306
5079 5731 5132 8620
9776 3851 10000 9809
6131 5731 8323 6434
6018 4877 6527 5722
6533 7421 6666 8242
1218 5369 2519 6072
9278 3851 9776 7521
4001 3227 6438 3572
1950 8675 4549 9132
2519 6879 5079 8095
6666 8710 8000 10000
8496 5164 9009 7930
2420 1100 3020 2016
787 4398 1033 5136
9278 7521 9776 8710
6131 6434 8257 6805
5095 4979 5546 5554
1331 8920 1950 9132
9274 3851 9278 7390
3871 1165 4001 3699
6666 7930 6978 8606
8000 8710 9651 9873
7810 7421 8123 7901
5215 1937 7738 3227
2420 1051 9271 1100
843 2016 1170 4380
9009 1937 9246 6942
5215 1530 5730 1937
7738 5164 8496 5731
7754 1937 7807 4838
0 9659 689 9968
843 920 1699 2016
5546 4877 6000 5720
843 397 3433 755
1218 6072 2211 7873
3020 1100 3871 3750
3871 1106 8840 1165
1886 4327 6548 4877
331 397 843 4398
1446 2016 1886 3384
1886 2016 2961 3769
2237 9517 4530 9964
1650 33 6714 397
3433 397 5572 755
1230 2016 1446 3345
9271 995 9925 2096
2519 5369 3013 6851
4001 1176 5624 1530
6548 4327 7738 5731
5168 7067 5304 9671
3023 5369 3992 6864
1172 3384 1883 4390
7807 4249 9009 5164
2420 920 10000 977
5138 5731 6131 7067
393 4398 582 5922
1699 920 2420 2016
2032 8354 4549 8675
1040 9517 2088 9824
1886 4877 3993 5369
4001 1530 5215 3227
9025 7544 9271 7861
8338 5978 8496 7042
5730 1165 9271 1937
1218 9132 4549 9517
5572 397 6840 920
7807 1937 9009 3026
618 5369 1218 7554
9271 2096 10000 3851
5304 7067 7842 7417
3880 3750 7738 4327
4549 8095 5079 10000
6840 102 9908 889
843 755 5572 920
