8402 7254 8593 9598
9527 5041 10000 7682
3704 4165 4842 5486
6423 5320 7372 6188
7622 5041 8594 7254
9427 3281 9445 4272
5010 1793 5250 2589
259 3237 575 9295
1398 1581 2507 2420
7607 3281 8917 4003
5250 1630 5937 2581
3704 8926 4203 9218
7607 2824 9903 3244
3714 1630 4026 2469
7857 1786 7984 2507
7030 2589 7414 3852
3862 5747 4842 8706
7857 444 9237 1728
5103 6518 5806 7254
7270 1039 7367 1631
510 2701 1288 2864
4842 4145 5021 8123
802 4152 4710 4165
901 7784 1136 9295
5477 9621 8402 9728
901 6467 2457 6835
7425 444 7857 1683
5806 3852 7425 4350
7414 466 7424 3463
7372 4350 9932 4414
9932 0 9995 4105
9527 7682 9971 8156
8594 6483 9527 8198
1136 8186 1643 9373
1136 9373 5832 9481
3155 4216 3631 4639
259 350 1398 1084
6322 8123 7674 9621
4583 2589 7030 3221
575 6455 901 9295
8949 3281 9345 3993
4124 3237 4264 4142
5806 4350 6423 7254
2762 1637 3620 2481
5441 3221 7030 3852
7607 4021 9114 4331
2263 2701 3714 2965
259 1084 1398 2420
4744 3221 5441 3380
6423 6188 7372 7254
4208 1185 5725 1274
8542 1786 8693 2765
2814 897 3707 1225
8797 4414 9884 4942
2550 6455 2679 7466
5948 9728 9141 9884
3012 4639 3704 9260
2832 4639 3012 9171
9259 8198 9978 9830
5103 4145 5377 6282
2147 6835 2350 8072
5103 7254 7674 8123
259 0 1253 339
1643 8186 2818 8780
7372 4414 7622 7254
5925 8706 6322 9610
7622 4414 8674 4980
13 0 259 8012
7674 7254 8391 9253
2507 0 2542 2539
0 9884 9141 10000
7425 0 8284 370
5021 4145 5103 8123
1136 7784 2147 8186
6423 4350 7372 5320
4664 8746 5018 9230
9413 1051 9779 1782
259 2420 2507 2701
4264 2589 4583 4145
3704 5486 4842 5747
1230 3236 3949 3237
575 3237 2014 4145
5180 8123 6254 8695
3704 5747 3862 8706
7125 318 7270 1867
2762 10 4961 338
4224 8706 5925 8746
1398 361 2381 1581
9080 5204 9380 6483
7607 1686 7824 2584
0 9295 681 9728
2014 3237 4124 4145
575 5871 2818 6455
0 9728 5948 9884
5441 3852 5806 6518
1136 9486 5576 9608
3012 9260 5035 9279
2545 0 2744 1880
575 4145 802 5871
1136 9613 3711 9621
1643 8780 2278 8997
681 9295 1125 9578
901 6835 1862 7784
1288 2701 2263 2965
7425 1686 7606 4252
1862 6835 2147 7784
259 2965 4264 3236
802 4165 1177 5866
9141 8198 9259 10000
1136 9621 5477 9728
8594 8198 9097 9400
