763 186 1465 1109
972 5620 1683 9555
8404 9034 9243 9729
3515 3345 4391 3819
2117 7591 2313 9894
0 1506 186 3770
3515 1564 4261 2755
6793 1855 7044 2156
2228 4447 2671 7132
9040 6234 9628 7912
8746 2735 9251 4351
1710 2032 2748 2961
4480 8395 9571 8516
4207 4678 6519 4999
4261 2151 6793 2735
7899 6472 8156 7591
7179 6472 7899 7463
1416 1564 2936 1648
342 4584 857 4856
0 0 761 712
0 3770 161 4436
2748 2032 3219 2961
4207 4526 4481 4674
0 9941 10000 10000
342 1506 6793 1564
2228 4356 5763 4430
6771 5500 7010 7591
7010 5541 7836 5740
9176 7912 9243 8258
2630 7912 7993 7968
2630 8519 3099 9867
3876 6489 6152 7132
1710 3540 2067 4792
2630 7591 8449 7859
7010 5861 8156 6472
6548 5014 7721 5183
3499 4447 3907 5494
792 5620 938 9721
3908 5183 7860 5500
6035 548 7648 883
4261 2735 8327 2755
1465 824 6029 1109
2102 3207 2860 3819
0 9107 482 9919
0 7326 792 9107
662 4888 1710 5620
3103 8519 4034 9843
8449 4356 9179 5435
763 0 5568 178
763 1109 4103 1186
2671 4447 3498 5493
2936 1564 3515 2032
8084 8609 9570 8815
3165 7968 7411 8395
9757 0 9902 6421
3515 2755 4391 3345
1157 1564 1416 4888
4927 2755 5748 3818
7949 1109 9117 2114
5275 5972 6518 6088
1416 1648 1710 2329
6811 2156 9080 2636
2470 236 6582 322
5488 4490 6605 4505
4096 9465 6517 9804
4261 1564 6793 2151
2102 3819 6064 4356
6064 2755 6752 4220
1465 322 6035 824
8449 5910 9011 7296
4096 9272 7159 9465
186 1506 342 7326
1758 4792 2102 8898
9252 1634 9627 5910
2228 7132 6771 7591
7860 4356 8156 5861
3103 9860 9231 9941
4096 8855 6330 9031
2671 5500 6771 5972
2313 7591 2630 9941
8156 4356 8449 7591
2102 4356 2228 7591
364 2355 1157 4387
7411 7968 7993 8395
3219 2032 3515 3819
4604 1109 5647 1429
4096 8815 9432 8853
6833 2755 8746 4356
862 1450 7949 1506
9252 322 9708 1633
4096 9069 5402 9149
1710 2961 2860 3207
9708 322 9757 9034
7993 7912 8757 8356
4391 2755 4907 3483
2648 7968 3165 8459
342 1781 1157 2355
4101 4449 4207 5182
943 1186 1596 1409
7906 9465 8385 9839
0 721 662 1141
342 4888 662 7326
342 1564 1157 1781
9629 1634 9690 7204
6585 8 8156 190
2630 7859 8192 7912
662 5620 792 7326
1710 1648 2936 2032
1416 2329 1710 4888
2860 2961 3219 3819
