9109 1308 9223 5057
5921 8743 7004 9985
6702 5433 8452 5886
7007 1851 7190 2585
7639 9192 9444 9616
7004 9101 7639 9616
93 4417 822 6301
2134 736 2464 922
8204 2594 8425 2667
7004 8962 7639 9101
3823 87 4205 646
6411 5345 9223 5433
9489 3309 9505 7979
9505 5241 9793 7072
3069 5498 4236 6360
7639 8962 9444 9192
7190 1851 8557 2585
8190 4137 8991 4850
8557 9616 9997 9997
5221 1530 6392 2088
7788 7411 8265 8043
5960 2680 6215 3236
2117 3912 3064 4206
7042 6434 7820 6593
93 9719 824 9907
2113 3666 3278 3912
0 1047 2859 1189
9505 1308 9867 5241
6416 1851 7007 2680
9444 8743 10000 9616
6416 1530 6555 1851
4302 87 4863 840
267 2998 3285 3066
736 1360 2348 1523
8564 1189 8746 3980
2089 6377 3051 6616
8847 8285 10000 8743
822 4417 6838 4840
6505 5433 6702 6280
316 6301 497 6594
93 9907 5050 9985
1650 1559 1885 1631
6615 8166 10000 8285
4389 6845 5280 7669
4888 8743 5078 9839
108 1189 267 1782
93 9985 7180 10000
8153 9616 8557 10000
3729 5057 8071 5345
267 1552 653 2998
0 87 712 1046
3246 8743 4837 9640
296 7481 1248 9444
6838 4417 7479 4592
8452 5433 9489 6682
4389 7684 5792 7905
2113 3066 3285 3666
1248 9157 3246 9907
9100 1565 9109 2493
7759 6682 9489 7411
2245 7150 2497 8363
5920 7934 6615 8709
6805 6434 6876 7627
6215 2680 7007 3629
7007 2587 7490 3881
4232 2113 4546 2977
1867 6616 4389 6800
822 5345 2089 6616
9223 3309 9457 4666
4973 7934 5920 8725
2673 1360 2871 2756
712 87 1203 931
3285 3384 3892 3912
2859 1047 9109 1189
3509 6486 3796 6547
4192 3912 7648 4417
336 6616 849 7401
9867 931 9893 7098
5078 8743 5921 9985
2784 4251 2869 4337
5442 6845 5914 7641
5210 3280 5940 3912
5036 310 6136 931
1867 7150 2159 8419
0 3066 2113 3781
7425 9616 8153 10000
1867 6800 4389 7150
0 0 10000 87
93 9444 1248 9719
712 931 9867 1046
7004 9616 7415 9899
8265 7411 9489 8067
3892 2997 5210 3912
7648 2587 8190 4417
4929 1189 5221 1836
3246 7150 4120 7979
1248 6616 1867 8766
3729 4840 6838 5057
3246 9682 4652 9902
614 1046 8347 1047
309 1247 2240 1360
7759 8067 9867 8166
6136 310 6923 811
6702 5886 8452 6434
9109 1047 9867 1308
653 1631 2673 2997
3673 1189 4542 1394
7077 8764 9444 8962
5252 2298 5575 2375
5575 2113 6416 2680
3285 2998 3892 3384
4389 5345 6411 6434
4389 6434 5990 6845
5036 87 9893 310
6555 1530 8078 1815
824 9719 1150 9894
822 4840 3729 5345
653 2997 3447 2998
2089 5345 3069 6377
3673 1560 4530 2113
190 6616 296 8655
8071 5058 9217 5345
9223 1308 9505 3309
5990 6434 6564 7460
93 7540 161 9091
1248 8766 3246 9157
23 4786 93 8965
5221 1189 8564 1530
4863 87 5026 877
6615 8285 8847 8743
1203 87 3823 736
0 3781 2113 4417
5210 2756 5921 3280
849 6616 1248 7481
5940 3629 7007 3912
3194 1189 3673 2790
3064 3912 4192 4417
8860 1189 9088 4113
9893 780 9994 7109
7406 6706 7759 6877
