4824 12 6292 384
2231 4142 2528 7435
4743 1452 9794 1583
449 885 766 1610
3122 7989 3544 9412
5786 8944 7365 9538
3862 833 4743 1957
726 9340 1819 9532
1513 3383 4151 3805
4885 4636 5334 9538
798 8454 1246 8973
8708 3514 9666 3783
2528 4142 7015 4325
3862 2614 5762 2733
2528 4325 7015 4636
0 8427 701 9519
1746 4142 1815 8876
6445 7363 9612 7691
3138 9716 10000 9914
0 416 620 859
6313 1132 9831 1452
2252 833 3661 2227
728 8293 946 8403
820 3225 1513 5176
6763 1583 9831 1957
7495 3034 8708 3805
0 9627 6867 9716
820 2386 3820 2733
1704 2063 2252 2112
3580 8729 4218 9432
0 4589 121 8270
8708 3034 9694 3506
3610 7989 4020 8588
1155 6058 1513 8132
3138 9915 10000 10000
1722 3805 1737 8132
5334 4636 5786 9538
5786 4636 6186 7174
1474 2227 3801 2384
4932 1276 6313 1450
726 8973 1733 9337
5786 7363 6445 8944
1830 5013 2214 5835
7677 833 8598 1044
2317 384 4504 805
3138 9914 6269 9915
7040 4636 7134 7249
3820 833 3862 2701
1513 3225 7495 3383
3844 3805 7015 4142
8623 5636 9323 6817
3862 1957 9105 2218
9831 1132 9995 3060
4712 3383 7495 3805
7134 4970 9988 5636
2528 5079 3142 7227
3661 833 3806 1841
7015 4044 10000 4636
121 4589 786 7438
6445 8097 7324 8706
2475 2815 2614 2994
4743 833 7677 1132
4151 3383 4712 3805
9226 8097 9361 9128
4095 4636 4835 7435
439 1610 820 4589
9380 8097 9559 9431
8174 8097 9225 9300
1843 5835 2231 7269
4743 1907 6104 1944
840 5176 1471 5962
2528 7255 2915 7402
8882 226 9971 1132
0 9538 9612 9627
3862 2278 9646 2604
820 0 1457 2386
4504 384 6527 833
1857 8047 2191 8562
5824 2641 7495 3225
5824 2607 9774 2641
7134 6892 9612 7363
7365 8097 8174 9538
3122 7435 4794 7974
2614 2733 5824 3225
3147 4636 4095 7435
9223 2641 9831 3034
7495 2641 9223 3034
7015 3805 9831 4044
4835 4636 4885 7827
6206 4636 6956 7332
4808 1583 6763 1872
0 9716 3138 10000
6445 7691 9612 8097
9612 5636 10000 9716
0 859 439 4589
2231 7435 3122 9538
6867 9648 9418 9716
3083 4636 3147 5044
6527 0 8882 833
1737 3805 3844 4142
7134 5636 8623 6892
