4178 1804 4522 2601
2068 7920 3754 8246
8942 8952 9526 9639
1401 1305 1913 1792
7007 1762 7108 2271
959 3501 1172 5462
8221 3368 8595 3720
205 7645 1426 9504
8651 3368 8765 3706
959 3242 3041 3501
1352 7071 5485 7645
2704 722 4518 1305
1426 7645 1613 9504
0 0 959 3254
0 9504 1373 9943
6986 3591 7070 6572
4529 1804 5074 2584
2865 6725 5396 7008
1172 3501 3089 4120
4518 325 5122 1804
959 6628 1351 7645
4516 4217 4978 6606
3089 3246 4859 4217
7070 4641 8119 7159
588 3254 959 6838
0 7645 205 9504
588 6838 897 7640
236 3254 588 7249
6038 3368 6938 5089
2068 8603 3259 10000
1613 7645 2068 10000
8119 3724 9056 5412
4350 7920 5628 8952
5122 2246 5856 2606
1352 6628 2790 7009
7070 7159 8564 8952
2068 8246 3259 8603
959 5462 2865 6628
9056 2295 9345 5434
6723 9402 7636 9769
2704 0 5122 325
1172 4120 3089 5462
2865 6606 5628 6725
110 3254 234 6801
1401 0 2704 1305
9498 478 9806 2219
9851 478 9988 9481
2865 5462 3089 6606
7487 3368 8119 4641
2704 325 4518 722
5510 478 5714 1587
5987 6606 7070 8952
8564 8710 9609 8943
4978 5094 6971 6606
6866 483 9027 885
2647 7645 5628 7920
3259 9769 9990 10000
959 2846 4946 3150
7334 1019 7364 3288
9378 478 9473 5043
3259 8246 3754 8952
3259 8952 8942 9402
3259 9402 6723 9769
9498 2453 9847 5001
7364 1019 9056 3368
7935 904 8353 1019
9990 478 10000 9293
6038 478 6713 2141
8119 5434 8564 7159
1988 1305 4509 1771
988 0 1401 1598
2068 7645 2647 7920
3754 7920 4350 8952
6036 229 8245 478
959 2606 6038 2834
3089 4217 4516 6606
4978 2834 6038 5094
7246 3429 7487 4636
7636 9402 8942 9769
959 1804 4178 2606
5628 6606 5888 6917
5630 6960 5987 8948
959 3154 4761 3237
8564 5434 9535 5619
8564 7580 9838 8585
6038 2271 7254 3337
8564 5630 9851 7297
