3638 3033 3749 4316
1472 3822 2470 4241
2828 8160 3213 8510
3813 9244 7656 9441
0 782 867 1260
5546 1240 6745 3033
2470 947 8305 1240
3857 5983 4403 6289
1607 8913 2602 9507
1318 1057 1472 8385
6745 1240 8291 1646
2470 1958 2843 4986
8432 6266 9960 7091
3544 9507 3800 9995
416 7345 724 9507
3234 31 5545 273
9402 1962 9939 2388
9402 744 9789 1962
0 1260 907 1833
3813 9441 4577 9867
5380 3434 6279 4269
8618 947 9402 2221
1597 6982 5614 7608
2470 1874 3957 1958
2390 5997 3780 6331
116 7532 394 7745
7836 230 8679 669
3234 690 9789 744
907 8385 1607 9507
1472 4986 1597 8160
1597 6450 4651 6980
3749 3434 4991 4263
3213 8160 6294 8619
6279 3434 8701 4128
880 285 3234 744
1597 7608 5614 8160
2602 8160 2809 9499
4779 6698 5583 6982
7656 9274 9960 9867
7656 7091 9784 7807
358 3236 724 7345
1597 6332 4762 6450
724 3236 907 9507
1798 5799 2390 6314
6745 1827 8118 2986
3749 3033 9473 3434
2843 1958 5546 3033
8305 2397 8681 3022
1597 4986 5380 5799
8701 3456 9459 3845
116 7745 416 10000
2390 5799 5526 5983
1472 1057 2470 3822
907 1057 1318 8385
6490 4756 7656 9244
5526 4269 6279 5983
1474 8160 1607 8373
7656 4756 8432 7091
2843 3033 3638 4316
6833 9867 10000 10000
6279 4128 9473 4756
6294 5983 6457 8399
1607 8160 2602 8913
2470 1240 4449 1388
2846 8619 3813 9490
9473 2397 9960 6266
1472 4241 2470 4986
907 744 9402 947
9960 0 9998 3030
5413 5262 5526 5535
4648 1743 5540 1868
2843 4316 5329 4812
3813 8619 5967 9244
6279 4756 6485 5923
8660 2221 9388 2358
0 1833 907 3236
6745 1646 8069 1823
8432 4756 9473 6266
8305 947 8618 2221
4699 1476 5012 1692
9789 0 9928 1746
1649 9507 3528 10000
4968 345 5847 690
4936 9441 7656 9867
7656 8085 9881 9274
5614 5983 6294 8160
4577 9441 4868 9678
416 9507 1649 10000
3813 9867 6833 10000
0 0 3032 258
116 3236 358 7345
0 3236 116 10000
907 953 1839 1057
5967 8619 6490 9244
