6086 7191 6898 7997
243 8521 765 8693
6551 244 7419 2159
5350 3247 5478 8423
4794 2810 5350 8401
8931 28 9701 825
3095 3381 3601 3412
768 1288 1244 4018
7367 6178 9775 6210
2437 8414 5350 8693
2436 7873 2437 8324
73 7048 218 7536
0 8693 5937 9146
5553 2944 7823 2956
0 4453 2122 6462
7827 0 8183 2159
5453 2958 8173 3039
6086 4677 6897 5134
5040 244 5350 1288
7197 9412 9779 9547
2437 5227 3105 8414
7640 6307 9067 8217
0 9146 3597 10000
5495 3039 6086 8187
665 1288 768 4035
7197 5180 9815 6176
2414 244 3128 1288
275 244 665 4035
3254 3412 3538 5135
665 244 2414 1288
5937 8693 6110 9090
768 4018 3095 4453
8183 0 8931 2159
7197 4677 9786 5178
4849 9648 9933 9996
218 6462 2122 8521
1244 2110 3095 4018
6086 5134 6674 6805
7208 6210 7640 8896
5350 2159 9351 2944
2122 6223 2347 8418
3095 2110 5350 2810
275 0 7827 244
3105 5227 4085 7874
3105 7874 3890 8414
2059 1288 5350 2110
6915 4677 7197 8175
3890 7874 4794 8414
3597 9648 4849 10000
3645 2810 4074 5217
275 4166 384 4345
1353 1288 2059 1880
7640 8217 7877 9412
9351 825 9843 4348
3597 9420 5290 9547
8173 2944 9351 4348
3597 9647 6649 9648
7297 3039 8166 4299
9082 8774 9849 9106
8931 825 9323 1729
255 1562 275 3121
6086 4348 9843 4677
3128 244 5040 1288
2436 4695 2985 5227
7877 8217 9082 9412
9082 6210 9843 8774
5350 244 6551 2159
5495 8187 7109 8678
4749 2810 4787 7873
4085 2810 4639 7446
7419 244 7827 2154
9843 0 9980 4690
