1408 9513 2157 9990
6729 128 8788 171
2157 9379 5559 9806
1142 8637 9854 9006
272 7006 1537 7710
2157 9806 8806 10000
64 3781 7454 4014
5173 6928 7004 7206
0 128 2020 1913
64 4014 7454 4085
7176 6325 8273 6439
2768 4538 8011 4722
3503 5009 4740 5334
8099 1687 8739 1999
64 4085 272 10000
4153 8508 9475 8637
2972 128 6729 852
2020 1910 4751 2287
5975 5405 6161 6116
9854 0 10000 10000
3140 5405 5700 6174
2226 2287 4751 2903
5559 9006 7449 9806
8752 6577 8834 7128
0 1913 2020 2287
5173 7206 9003 7432
8857 128 9212 4927
0 3760 4889 3781
4450 6913 5173 7364
0 3511 4507 3759
8806 9006 9854 9288
9234 0 9606 7710
272 4085 346 4625
272 8496 1142 10000
3862 6221 5470 6311
0 3781 64 10000
2020 128 2972 852
1142 9009 2094 9513
7912 1447 8091 3626
8806 9288 9854 10000
2585 5415 3140 7202
2020 852 3970 1910
4751 1910 7891 2252
7621 1476 7848 1854
1791 5371 1800 6312
9638 0 9658 8072
0 0 9234 128
2768 4085 4995 4538
4751 3136 7041 3444
5788 4091 8099 4489
4751 2263 7641 3136
5111 9016 5306 9379
7643 2263 7859 3972
7454 3511 7636 4055
3970 1447 7621 1910
9606 0 9638 8465
6729 171 8857 1447
3970 852 6729 1447
272 7710 8914 8222
8099 3498 8508 6152
2546 4773 5117 5009
1791 7448 8437 7707
8752 1447 8847 5293
7449 9006 8806 9806
0 2903 4751 3511
5117 4722 6918 5036
272 4722 1537 7006
272 8266 9374 8496
1537 5009 1791 7710
3140 6325 7170 6913
9658 0 9854 8637
360 4085 2763 4722
0 2287 2226 2903
