6911 1485 7227 3546
8511 2351 9498 4616
2657 8584 3095 9373
4444 4616 5224 5171
1496 1471 2661 1963
4374 5657 8492 6557
6315 107 6950 824
910 6961 3686 7017
3933 1454 4374 5946
1134 105 3003 845
11 0 480 2497
1496 1963 2624 6557
9498 2351 9581 6961
1929 9547 5247 9999
7745 2351 8511 4616
480 0 7273 105
7273 0 8081 2164
4700 1454 6293 2802
3695 6557 4701 6915
6355 9168 8804 9530
40 2668 209 9190
480 9303 1929 10000
4700 2802 6127 3520
3003 105 4036 836
5129 207 6299 848
1992 7967 7354 8570
7387 6961 9580 9051
3127 8584 7034 9129
2624 4090 3649 5902
6950 105 7273 848
4701 6557 9498 6961
1929 7021 1981 8439
8081 1039 9758 2351
480 105 910 9303
4322 6961 7382 7882
4385 5189 5983 5604
910 105 1131 669
910 8363 1712 8376
8510 4616 9498 5657
3095 9168 4572 9459
9581 2351 9729 8962
1153 1615 1496 5414
910 848 7249 1454
2812 1454 3626 4066
2624 5902 3649 6557
6293 1454 6860 3616
5224 4616 6098 5189
4374 1454 4700 3669
8492 5661 9299 6557
209 5080 429 9356
9758 0 10000 10000
8014 2183 8081 2320
6472 4616 8510 5657
2624 1963 2812 4090
7273 2164 7745 4616
8081 0 9758 1039
3649 1454 3933 6557
3973 6076 4339 6397
1992 7021 4115 7965
5306 9547 5387 9953
6098 4616 6472 5657
7249 848 7267 2790
4374 3669 7270 4616
4505 169 4947 838
