1109 6147 1230 8075
1460 577 9323 598
2953 3924 7377 4261
411 810 1084 845
3184 8811 3193 9187
2953 3106 4200 3880
5614 9573 6057 9654
372 134 1839 430
6691 4408 7392 4480
2606 2202 3845 2521
4845 3106 6176 3853
6158 7946 9640 8323
372 430 1460 773
945 4647 3798 5031
8248 1531 8705 2425
3058 7202 3371 8012
6158 8323 9640 8520
1402 9026 1969 9335
26 9712 1402 10000
6290 3106 6355 3823
116 8682 888 8711
8720 5292 8899 6147
7592 8520 8542 8859
3058 7119 5107 7202
9778 0 9969 7030
7397 6244 9778 6665
5329 5181 6762 5759
3455 661 8046 698
2704 4423 5667 4447
1248 6584 1766 7119
4414 9004 5155 9700
2704 4261 4441 4423
1682 9882 3367 9995
606 4625 945 5593
7184 1794 8045 3106
8157 9700 9136 9974
126 2121 2161 2196
1402 9335 2681 9671
705 6168 903 7090
1948 2986 2538 3897
8720 4747 9479 5292
3768 773 3845 2183
2354 773 3327 1968
4169 7540 7467 7795
7867 3255 9146 3823
9790 8859 10000 10000
4203 9249 4414 9700
4441 4261 5090 4420
8235 3823 9146 4172
5512 2573 6309 2844
3474 8859 9790 9004
3768 9004 4203 9700
1708 2669 5155 2909
2960 6610 3417 6670
4943 6087 7353 6144
2002 0 3446 281
8073 598 8372 936
116 8811 3184 9026
6309 1794 7078 2263
5667 4544 6691 5031
3845 1045 4356 1751
26 3542 855 3959
3562 6862 3759 7036
3996 5181 5329 5791
8224 2701 9428 3106
3491 5181 3996 5737
9640 7795 10000 8520
8401 6665 9778 7055
7467 7540 10000 7795
6691 4480 7424 5031
4169 7365 10000 7540
8286 4320 9567 4511
2953 2986 7167 3104
5774 9004 6725 9573
8286 5807 8709 6062
9136 9004 9790 10000
1766 7053 4663 7119
3845 1925 4393 2521
6355 3106 7361 3835
757 2720 1688 3542
4035 6244 7397 6747
945 4447 5667 4647
7873 4320 8009 5179
4943 5892 8052 6023
1460 453 6621 577
3704 81 5145 430
586 5967 4848 6147
6371 8520 7592 8859
8965 9004 9132 9630
4035 6147 6535 6244
7569 3106 9354 3255
8235 4172 9428 4320
3845 1751 4393 1925
116 3981 1416 4447
7329 7795 9575 7944
2548 1996 3174 2161
8899 5292 9479 6147
3195 8520 4432 8859
991 5892 4449 5951
1109 8520 3195 8811
5145 81 5518 430
5107 7055 10000 7202
3798 4647 5667 5031
26 9026 1402 9319
8009 4320 8105 5838
2344 5031 3268 5838
26 2521 546 3508
8045 1531 8224 2399
8542 8520 9843 8854
9428 1531 9431 2634
4432 8520 6371 8761
4169 7795 7329 7946
1792 5838 7120 5892
0 0 2002 134
7270 5031 7744 5175
5518 81 8923 309
8286 4511 9567 4747
26 9319 1402 9712
6725 9004 7851 9700
5518 309 6732 430
3446 81 3704 430
6732 522 8923 577
4203 9004 4414 9249
5456 1655 5988 1794
2202 5031 2344 5516
5155 9004 5774 9573
1532 916 2009 1677
1839 134 2002 430
2070 5031 2195 5502
8105 4320 8286 6147
4876 773 8073 1046
9567 3569 9776 3786
8308 4747 8720 5738
5667 4333 6622 4544
7867 4253 8172 4288
7533 3106 7569 5019
1416 3981 2704 4447
3925 9700 7862 9980
3474 9004 3768 9700
1969 9273 2973 9334
9479 5008 9555 6072
6535 6147 9567 6244
7851 9004 8965 9700
1135 5538 2343 5838
3996 5791 8009 5838
8045 2399 8224 3106
551 2521 5184 2662
577 857 1532 1522
8090 1024 8390 1509
1708 2951 4695 2986
5329 5778 6126 5788
3446 0 8923 81
1969 9103 3092 9271
4393 1046 8061 1529
6403 2311 7184 2862
1491 7120 1623 7551
1248 8337 3953 8440
4432 8761 6371 8859
6732 401 7059 522
2960 6747 7397 6862
2704 2986 2953 4261
4072 8012 4169 8257
4169 7946 6158 8520
7569 3255 7867 5031
3371 7365 4156 7823
5107 6862 7397 7055
7397 6665 8401 7055
8390 598 9323 1531
4393 773 4873 1046
31 3981 116 6345
9146 3255 9354 4172
945 5031 1135 5890
9567 1531 9778 3569
9323 0 9550 1531
2002 281 3446 430
1766 6584 2960 7053
4663 6862 5100 7113
1248 6147 4035 6584
372 1677 1322 1774
3327 773 3768 2202
8705 1531 9428 2701
3225 8859 3474 9733
917 6147 1109 8779
5 7532 26 9709
5271 1576 5376 2867
1248 8012 4068 8337
3371 7202 10000 7365
29 134 372 1776
372 1795 2026 1991
4393 1531 5271 2521
8923 0 9323 577
187 4447 586 4540
9354 3106 9428 4172
9550 33 9744 264
26 2202 2429 2521
1751 3813 1948 3981
2429 2202 2606 2521
1623 7119 3058 8012
3268 5031 7270 5181
1135 5031 2069 5538
