7718 3371 9105 3595
9125 4011 9779 4793
3935 4469 5648 5406
446 1916 6254 2012
1431 774 1873 1742
3235 4373 3694 4783
5306 1368 6254 1916
0 7803 312 10000
0 7294 514 7536
3122 6455 4709 6968
1160 7000 2301 8760
0 4188 273 7024
6736 3105 7633 3547
7718 2369 8003 3371
8064 4809 8951 4880
5019 5406 5158 6767
56 588 446 3842
6912 3600 9023 3616
3705 3816 3935 4930
5019 6859 5584 8041
7718 1717 9649 2369
8574 4880 8949 7472
3555 6968 5019 8041
3021 9422 7969 9627
4709 5786 4984 6953
9220 6630 9840 8643
1873 1076 3312 1543
446 588 4036 774
5067 9035 10000 9300
8951 4809 9840 6630
2573 5406 5019 5786
3913 8041 8951 8618
673 9494 2222 9503
8297 4880 8574 7247
8738 0 8841 673
5172 5406 6404 6723
787 9035 3021 9494
446 3816 3705 4188
5648 4795 8851 4809
9649 1787 9831 2263
7027 2183 7712 2838
727 4246 1064 7264
1923 9722 3466 9971
2160 3105 4596 3816
1112 8760 2301 9035
4544 9315 7776 9422
5428 3595 6147 3698
6471 3816 6912 3995
3290 9627 6888 9689
3527 774 4036 1916
8506 7477 8922 7983
8243 9555 8566 9616
8003 2369 9105 3371
9137 6630 9162 7861
7718 0 8738 711
3269 4188 3517 4372
446 2580 2160 2784
1160 4930 2573 6356
5019 6776 7331 6859
1873 1543 3527 1916
3935 3816 5837 4068
5306 588 7027 1368
1685 6606 1869 7000
571 4188 727 7336
2739 2012 7027 2318
312 7803 673 9722
6848 4011 9125 4469
2301 8041 3913 9035
8064 4880 8293 7964
3913 8618 8894 8643
787 7803 1112 9035
9105 2369 9840 3616
2160 2012 2739 3105
2573 6968 3555 8041
3881 2341 7027 2838
6597 4011 6848 4402
2573 6117 3122 6968
8962 7967 9220 8643
7718 966 8731 1717
1112 4249 3172 4918
446 2784 2160 3816
2301 6356 2573 8041
727 4189 3116 4246
3122 5786 4709 6455
9840 711 10000 9035
8295 7477 8493 8027
673 7803 787 9494
2573 5786 3122 6117
3068 9035 5067 9292
1116 4930 1160 8729
7027 0 7718 2183
4596 3527 4943 3554
3913 8643 7215 9035
5648 4809 7933 5388
2739 2838 7718 3105
446 2012 2160 2580
8141 9722 9669 9949
7969 9300 10000 9555
5584 6859 8064 8041
6912 3616 9840 4011
2739 2318 3881 2838
0 7536 1112 7803
6254 1368 7027 2012
372 9722 1525 9809
3466 9722 8141 10000
4036 588 4994 1916
4994 588 5306 1916
2573 4930 3935 5406
282 4188 540 7210
7215 8643 9773 8993
6404 5406 7839 6707
5050 3105 6694 3588
0 0 7027 588
3881 2318 7027 2341
4172 4074 6468 4465
