5130 9372 7829 9406
2964 7414 9742 7731
5572 3413 6786 4486
9036 415 9475 2138
1985 1034 8975 1360
1322 5640 3187 5982
7426 2918 8325 4565
0 5893 286 10000
0 0 1985 1605
5130 8761 8906 9314
3145 3496 5310 4503
1322 5994 4789 7414
1995 1360 6992 1444
1985 1468 7250 1771
4919 6713 7610 6796
0 1605 1985 3589
8448 3209 8538 4792
8779 4410 9446 4712
1322 7414 2964 7740
1985 0 4215 1034
3145 1771 7426 2767
0 5495 1322 5893
9322 7740 9618 8128
0 4761 3353 5495
7426 1360 8448 2918
320 4503 7426 4761
3268 5539 4311 5610
8975 1034 9036 2172
4919 6056 7000 6346
8605 5329 9363 5618
286 5893 1322 9663
699 4494 1780 4495
8975 2172 9475 4410
9475 0 10000 4410
6966 6825 9686 7413
4919 6346 9446 6713
4986 1 5641 415
8605 1360 8918 2287
1322 8176 2604 10000
3145 3052 6650 3395
9935 6828 9987 8061
3145 2767 6957 3043
320 3589 3145 4494
4789 6508 4861 7394
2604 8761 4787 10000
393 9663 1174 9949
9322 8144 10000 9372
5458 6825 6185 7196
5023 4761 8365 5596
2604 8176 9322 8761
3517 5647 9194 5994
4787 8761 5130 10000
1985 1771 3145 3589
4215 471 8622 728
1 3589 320 4755
4215 757 8894 1027
1322 7740 9322 8176
3353 4761 4988 5494
9446 4410 10000 6713
