2847 5767 4101 6546
7861 4823 8145 5578
4339 1490 5666 3050
2441 6882 2774 7380
4963 7482 7974 7763
56 5634 568 9676
7481 7763 7499 8370
2369 9739 4180 9750
3128 3992 3370 4572
6245 1490 6263 5341
0 9895 6143 9906
56 3299 1780 4004
2324 9143 2544 9668
56 3050 5666 3299
6009 151 6107 474
878 5634 1108 7408
878 7408 3845 8004
4339 919 6229 1490
2846 6546 4099 7361
3370 3992 5348 4327
9476 5808 9769 6199
3836 8004 7476 8081
6360 151 7466 500
2035 8774 2264 9353
6141 8408 6523 8946
1492 956 1557 2155
0 2139 56 9676
535 618 884 1565
3831 2815 4339 3050
1354 7046 2031 7236
0 0 535 804
1085 2038 1491 2815
804 8531 5290 8774
7466 151 8405 919
7974 7363 8347 9822
1085 0 10000 68
3845 7408 4073 7935
56 4817 1107 5632
1085 2815 3831 2988
6229 919 10000 1197
7958 2407 10000 2612
8348 4399 8401 6199
8633 2219 9927 2334
1108 4817 5913 4934
8348 9016 9626 9856
4963 6633 7974 7021
2664 1674 4339 2815
5913 3614 6058 3915
6263 1490 7470 1833
4226 4934 4664 5607
4963 7021 7974 7482
8348 7193 8958 9016
7974 6634 8255 7363
0 9676 804 9895
1108 4934 3700 5767
2035 9856 5196 9885
6263 1833 6316 4298
2585 956 3359 1670
6174 621 7466 919
6316 1833 7208 4162
1491 2171 2664 2815
2949 3357 3106 4004
8958 7193 9769 7702
1533 151 2720 550
7958 2612 9695 3707
8405 151 10000 919
7208 1833 7470 2858
3128 3583 5259 3793
2758 8004 2793 8497
8401 5808 8619 6194
7797 1490 7958 4162
5290 8081 5933 9739
2035 9359 2303 9718
1448 2988 3830 3044
4101 7763 7481 8004
3370 4327 5013 4540
5348 3542 5913 4817
3128 3793 5348 3992
4963 5774 6050 5795
8737 6199 9769 7193
6094 5578 6355 6633
1108 6071 1809 6208
568 5634 878 8004
3700 4934 4037 5669
8348 6199 8737 7193
7208 3552 7470 4162
3128 3299 6094 3542
56 2476 1085 3050
5933 8081 6141 9739
535 1565 884 2476
2545 9143 5136 9395
56 4004 3128 4477
8401 4162 8644 5808
6845 5578 8348 6633
6355 5578 6845 6633
6669 8081 7342 9350
568 8004 2758 8531
884 1272 1085 2476
1085 68 1491 2038
4339 621 6174 919
2720 151 4407 621
7470 1490 7797 4162
2075 4477 3103 4793
8621 5808 9476 6199
2545 9460 4797 9736
4407 151 5456 621
6229 1197 10000 1490
4118 956 4339 1674
4101 6224 4226 7135
0 804 535 2139
6360 500 7064 594
884 0 1085 1272
1557 956 2463 1672
729 8608 804 9467
8993 7702 9626 8903
4261 6201 4961 7728
4387 5774 4963 6199
4664 4934 4970 5737
4199 8081 5094 8410
56 2139 535 2476
8633 1987 10000 2219
1491 621 4339 956
8644 4162 9157 5808
7208 2858 7470 3548
56 4477 2065 4817
1780 3299 2949 4004
3128 4572 5348 4817
3359 956 4118 1674
1557 1674 2664 2171
3124 8774 4955 9142
1108 6298 1935 6415
9626 7702 9769 9895
9769 5808 10000 10000
1491 68 10000 151
804 8774 2035 9895
6316 4162 8401 4399
8633 1490 10000 1987
5666 1490 6094 3299
7958 1490 8633 2407
9157 4162 9316 5383
535 0 884 618
9482 4162 9907 5781
