897 0 1596 928
971 7672 2070 9437
8446 9034 9141 9873
4355 3230 5095 3797
2070 7672 2313 9437
66 2997 1591 3363
3965 1364 7944 1783
5037 2155 6794 2198
2219 4792 3150 5899
9463 2267 9630 7939
9144 2267 9463 4649
0 1913 3592 2200
8446 8278 9626 8800
4362 4673 6930 4962
4167 2200 8306 2669
7924 5600 8156 7314
7179 6581 7899 7572
1596 190 2307 1913
257 4678 1519 4789
0 0 881 615
0 2997 66 4622
1957 2669 2792 3404
4208 4673 4356 4947
257 9437 2313 10000
2951 703 3507 1545
4355 4356 6945 4457
6714 4965 7025 6597
7632 5600 7831 6426
9109 7939 9243 8112
5009 6436 5804 8863
2764 8289 3133 10000
6040 4965 6513 8059
1591 4504 3143 4792
2313 7672 2764 10000
7185 4673 7632 6326
7632 5182 8139 5573
3718 4965 5733 5177
738 6436 971 8902
3718 5233 5752 5879
3592 694 6451 883
4355 2699 6553 2736
3592 883 8306 1109
2792 2669 3599 3208
257 8902 971 9437
0 4678 257 10000
738 4792 1363 6043
3133 8569 3994 10000
8446 4356 8886 6115
1596 8 7839 145
3592 1109 3965 1783
3150 4504 3718 5899
2307 1702 3592 1913
8446 8802 9757 9034
4034 6436 5009 8569
9757 0 9902 6421
3599 2669 4355 3718
772 3363 1591 4678
5095 2736 5864 3797
8306 883 8886 2669
6517 4965 6633 6208
0 2200 1591 2329
8886 883 9144 4649
2470 236 6582 322
5488 4504 6605 4519
5009 8863 5804 9889
3592 1783 7944 2155
4355 3797 8886 4356
5864 2736 6742 3797
2307 324 8862 674
8446 6115 8842 8082
3994 9151 4852 9840
66 3363 772 4678
971 6436 2102 7672
8886 4649 9386 7856
2764 6436 4034 8289
7632 4356 8159 5182
3994 9889 8446 10000
3994 8569 4685 9138
2219 5899 5804 6436
2102 6436 2764 7672
8159 4356 8446 9889
1363 4792 2219 6436
0 2329 1591 2997
7084 7710 8062 7969
1952 3718 4355 4504
3965 1140 5455 1364
5804 8496 6372 8853
6742 2669 8886 3797
7944 1109 8306 2155
9144 674 9757 1586
4702 8726 4949 9149
1591 2669 1952 4504
9630 1586 9757 8802
7907 7969 8133 9470
4355 2736 5095 3230
3133 8289 4034 8569
712 930 1413 1833
3718 5181 5272 5231
1444 930 1596 1888
7274 9375 7907 9658
0 619 894 930
257 4792 738 8902
0 930 667 1882
9144 1586 9630 2267
1596 150 8744 190
5804 4965 5901 8004
738 6043 1363 6436
2307 674 2951 1702
1591 2200 4167 2669
2792 3208 3599 3718
