7492 7926 8518 8587
2346 1640 2562 5458
0 0 1524 791
6177 3830 7499 4241
5698 5005 6806 6344
12 791 124 9526
3966 953 4242 1870
9159 131 9359 1870
5311 5005 5698 6366
3252 5005 3372 9075
4438 1870 5654 1991
0 9855 9993 9967
9779 7538 9954 8091
1774 7912 1933 8974
2278 1640 2346 4538
3454 4524 7526 5005
7526 1870 7950 5005
7613 131 8921 1077
2562 5005 3252 6257
1474 9499 9359 9697
3454 1640 3950 3196
4567 6707 6976 6838
3845 6366 6976 6707
4242 1161 7424 1430
9359 131 9708 6518
3869 6707 4567 7327
1097 6903 2278 7056
3454 3732 5739 4260
8600 8677 8672 9336
1185 5458 2182 6134
1524 0 2823 508
1524 1426 1979 3206
1185 4538 2346 5458
7424 1161 7818 1870
154 9700 1474 9855
124 1917 894 5930
5938 0 7613 1150
2936 1640 3454 5005
5291 6838 6436 7279
5103 7926 6802 8466
3845 5998 5311 6366
9359 6518 9749 9047
3845 7525 5058 8587
1146 6257 3252 6903
7950 2378 9359 3828
9708 1266 9776 5454
6976 5005 7950 6838
5394 0 5938 1161
2825 7912 3227 8507
8519 7671 9177 7737
1524 3261 2278 4538
4456 1991 4541 2256
124 1076 894 1917
7950 3828 9359 4997
1474 9697 9779 9855
2037 508 4242 953
7818 1161 9159 1870
4601 5085 4798 5998
4242 0 5394 1161
8806 4997 9359 7525
6177 1870 7140 3493
124 5930 605 9075
124 9075 3627 9268
2037 1640 2278 3261
7950 4997 8806 7525
3372 5005 3845 9075
605 5930 988 8787
2037 953 3966 1640
8946 131 9152 991
5739 3732 6177 4260
894 791 987 5077
1185 791 1524 4538
5938 1150 8531 1161
3966 1870 4438 3732
5654 1870 6177 3732
4589 6838 5291 7278
1524 508 2037 1426
7613 1 9580 131
2562 1640 2936 5005
991 791 1146 6862
124 9291 1471 9699
5103 7525 8333 7926
4567 7279 7950 7525
5124 8588 8482 9242
4541 1991 5654 3732
1146 791 1185 6257
2823 0 4242 508
7950 1898 9348 2378
1474 9336 6260 9499
3454 4260 7526 4524
6436 6838 7950 7279
4242 1430 7424 1870
