3668 4518 3798 6522
7564 7306 7689 9142
6912 2407 7006 2616
7128 162 7401 1626
6992 5260 7782 6191
110 1574 6214 2031
6727 6191 8331 6861
4241 6191 6727 6861
8904 2721 10000 2957
233 2325 6182 2432
6170 9142 7689 9337
6731 4531 9103 4907
9169 7779 9438 9575
3668 8536 5196 8955
2422 5340 2914 9057
0 1574 110 9716
5713 2709 6043 4897
8414 4316 9459 4385
4727 162 7035 1557
7401 0 7984 1830
7061 162 7079 3365
6567 4907 6992 6191
290 6600 744 8506
6214 4409 6731 4895
290 8507 743 9505
7155 3532 8338 4296
7333 9716 9169 9863
239 3455 290 4722
8199 1830 8572 1921
290 4858 552 6291
6731 4507 9108 4531
0 856 2742 1551
9169 4907 9984 7366
6201 2083 6796 4393
5837 5251 6041 6191
2677 2960 2994 2996
6041 5251 6567 6191
3556 4518 3668 8955
2422 4646 3556 5340
8904 2957 10000 4316
8990 0 9190 1830
7984 1250 8990 1830
233 2494 4474 2626
9491 7890 9998 9844
4581 7377 5183 8068
7689 7306 8868 9337
7096 1101 7113 1131
4581 8068 5158 8511
4241 2808 4309 4965
8344 3524 8904 4258
4241 6861 4581 8536
7782 5260 8868 6191
8868 8102 9095 8129
0 72 7186 162
1300 4646 2422 7894
290 2810 1757 3094
3668 6522 4241 8536
6170 7306 7564 9142
110 2083 219 7797
9190 0 10000 1962
8331 6191 8868 7306
3798 4518 4241 6522
4581 6861 8331 7306
4241 5251 5837 6191
3504 8955 5111 9288
9103 4531 10000 4907
750 3286 1300 9337
7391 4908 8241 4986
1300 3286 3556 4646
4771 4907 6515 5214
5111 8955 6170 9337
110 9507 9129 9716
8051 84 8967 1250
825 169 1048 379
4310 2734 4767 5251
8868 4986 9129 8102
750 9337 8868 9507
7113 1962 10000 2721
9129 4986 9167 9157
0 0 7332 48
3556 3286 4241 4518
3375 5340 3556 8949
6043 2709 6196 4675
1300 7894 2422 9337
0 9915 5059 9987
4771 2709 5709 4902
7333 9863 10000 10000
2422 9057 2907 9329
2914 5340 3375 9337
5196 7306 6170 8955
233 2637 2241 2808
4771 2432 5638 2661
657 4384 750 4676
290 3094 4241 3286
2994 2808 4224 3092
6992 4986 8868 5260
0 9716 7333 9915
0 379 2902 856
2947 162 4727 1574
233 2083 2737 2301
7091 2721 8863 3466
