3594 3154 3639 6321
1472 3822 2648 4190
2602 8306 3551 8448
5181 6982 5526 9341
0 0 288 1439
6267 1211 6745 4564
4044 694 6267 1476
3654 5192 3858 6011
1366 8845 2602 9258
1318 1057 1472 8303
6745 1211 8237 1630
2648 1958 3639 3154
8539 5516 8798 9747
2927 9595 3645 9769
162 6925 723 7806
2648 152 7270 273
9387 1571 9789 2140
9387 362 9783 1571
302 462 689 1833
1366 9815 4675 9906
5977 1577 6267 4073
8683 1211 9387 2406
1586 6799 3532 8303
3585 471 3669 1958
2389 6106 3058 6799
117 6925 162 8241
7836 273 8275 1116
4386 307 5330 694
116 8346 1366 8866
1472 4190 1586 8303
1586 4935 2389 6799
3858 3600 5977 4073
5858 5516 6294 8757
6745 1630 7357 4564
2648 273 3290 1956
3858 5023 4523 9367
2602 9367 4242 9536
4578 6178 4862 6982
8798 7682 9845 9317
8251 5516 8539 9747
723 140 941 7806
3058 5800 3526 6598
116 8866 1366 9558
2389 4935 2648 6106
7357 1928 8213 3787
3639 1958 4747 3600
4747 1577 5977 3600
8244 1211 8369 3091
4523 5023 10000 5516
8369 3651 9889 3845
162 7806 1318 8346
3058 3983 3377 5800
1472 1276 2574 3822
941 140 1318 7806
6421 5734 7377 9341
3858 4564 6557 5023
1318 8303 2295 8332
7377 5516 8251 7462
2648 3154 3021 6044
8251 9747 10000 10000
7357 3845 9960 4564
6294 5734 6421 8757
1366 8346 2602 8845
3669 694 4044 1475
2846 8448 3813 9319
8369 2406 9947 3615
1586 4190 2648 4935
6267 273 7836 1211
9960 140 9998 3170
5435 5516 5526 5855
4203 1577 4649 1827
3858 4073 6267 4564
4523 6982 5181 9544
6294 5516 7377 5734
9387 2148 9786 2398
0 1833 723 3598
7357 1630 8188 1912
6557 4564 9960 5023
8369 1211 8683 2406
4073 1476 5012 1548
9789 140 9928 1886
1366 9258 2602 9815
5330 345 6209 690
5181 9341 7377 9906
7377 7462 8251 9906
5526 5516 5858 9341
4675 9544 4912 9835
116 9558 1366 10000
1366 9906 7575 9975
723 55 9926 140
116 4672 604 6925
0 3598 116 10000
1318 269 1441 1057
5858 8757 6421 9341
