7333 6854 8127 7362
2774 3110 3249 9343
1821 1345 3084 3110
7778 0 8336 3660
4483 3845 6913 5263
3249 5263 5896 5276
9376 2189 10000 2730
1596 4375 1924 7146
1928 4297 2567 9343
0 9343 7333 10000
7334 8591 8322 8940
3249 5747 5576 7514
8336 0 8999 8689
6913 4023 7255 5529
3249 7514 7333 8245
5884 5799 7238 6560
7333 902 7774 3649
9376 0 10000 1328
5576 6560 7333 7514
0 4772 1596 7176
3084 2151 6676 3074
6715 791 7310 3845
3249 8245 6254 9343
0 7176 1928 9343
306 1345 1821 3090
8288 6854 8336 8553
5910 5276 6906 5758
2415 10 3409 31
2567 4297 2774 9343
7333 3667 8335 6852
9376 2730 10000 8961
6254 8245 7333 9343
4276 678 5945 2151
1596 3110 2774 4297
0 3110 1596 4772
0 31 4214 392
3249 3299 4483 5263
5016 0 7333 622
7333 7368 8256 8589
3249 3110 4424 3260
8999 0 9376 8689
0 622 2756 1345
3249 5310 5099 5747
5576 5276 5874 6517
8336 8689 9188 8924
7333 0 7778 850
7333 8961 10000 9455
4483 3110 6714 3836
7859 9455 9477 9937
9376 1328 10000 2189
3084 1345 3782 2069
2756 622 4254 1340
