6035 7129 6789 7997
249 8348 765 8522
6062 749 6805 2986
5271 8419 5918 9443
4805 244 5142 9469
8162 749 8932 1546
747 3407 3884 3412
747 2999 4287 3377
9743 3802 9775 6210
3016 8324 3951 9203
1986 8323 2437 8324
73 7048 218 7536
218 8529 3016 9235
7566 2896 7823 3002
218 4355 1925 6835
5148 0 10000 174
7823 2896 9351 3039
6035 4407 7186 4729
5148 174 5197 6850
7570 9412 9222 9623
1925 5227 3080 6835
7786 7007 10000 8217
218 9235 3458 10000
5271 4092 6035 8074
665 0 747 3422
6035 5494 9692 6207
1747 244 4690 508
275 0 665 3422
3080 4355 3545 5377
761 244 1747 2361
5937 8517 6110 8914
341 4037 3545 4355
6016 174 10000 749
7505 4677 9205 5440
4032 9648 9116 9996
218 6835 3080 8323
275 3422 3545 4037
6035 4746 7394 5469
6035 6220 10000 6512
6805 1554 9351 2896
765 8324 3016 8529
747 2456 4318 2898
747 0 5148 244
3217 5377 4032 8324
3080 5377 3217 8324
2120 1282 4623 2412
6813 7007 7783 8024
4385 5233 4540 8396
3458 9235 4032 10000
3545 3422 4032 5377
276 4045 341 4345
1747 1282 2103 2456
7570 8074 7786 9391
9351 749 9995 3446
5226 4769 5271 9547
5271 3528 8657 4035
4032 9647 7084 9648
6805 3039 9351 3467
9711 8217 9860 9926
8932 749 9351 1554
255 1562 275 3121
7505 4092 9718 4655
1747 537 4803 1254
2099 4368 2439 5227
7786 8217 9244 9227
6035 6512 10000 7007
5207 174 6016 3048
5271 8074 7568 8419
4752 3389 4787 8886
4032 3422 4385 9647
6811 749 7827 1516
9775 3467 10000 6220
