2156 9379 2725 10000
6729 138 9412 171
5306 8973 7312 9667
64 8637 9629 8973
77 6891 1411 7584
2725 9379 5306 10000
64 3781 6446 4014
5495 6758 6257 7426
0 128 2174 1607
4800 4014 5798 4557
7969 5229 8083 6326
2413 4587 6152 4845
4029 5286 5266 5611
7913 1759 8745 1999
64 8973 4670 9267
1492 8551 9475 8637
2876 128 6729 842
0 1607 2876 1952
6003 5286 6161 6123
9815 171 10000 8973
2413 5008 3968 6274
0 2681 6446 2903
5306 9667 9200 10000
8703 6153 8785 6704
1911 1952 2876 2681
8318 6758 9448 7524
8575 3760 9814 5135
64 3760 4953 3781
2522 6791 5173 6914
64 3506 4571 3754
7312 8973 10000 9082
8824 171 9815 2840
64 4575 3394 4587
0 9513 2156 10000
5469 6221 6675 6341
0 3356 64 9291
2174 128 2768 1361
0 9291 2156 9513
7668 1460 7913 3052
9200 9082 10000 10000
2413 6914 4200 7469
2876 842 4146 2681
6446 1460 6723 5286
7592 1460 7643 3136
1791 5371 1800 6312
9385 5140 9757 5574
0 0 10000 128
64 4356 4713 4573
6723 3136 7072 5157
7892 3760 8559 5139
4146 1460 6273 2646
4217 9314 5306 9379
7643 3760 7886 5279
7092 3319 7605 3512
6723 1460 7592 3136
9629 6153 9727 8917
6729 171 8824 1460
4146 842 6729 1460
3161 7657 8318 8515
8199 5140 9355 6079
4029 5008 6293 5276
6325 6758 8270 7643
7913 2840 9815 3031
7312 9082 9200 9667
0 2903 6446 3356
2413 4857 6260 5004
64 4587 1528 6862
64 7596 2303 8531
1534 4587 1780 7464
2413 6344 8137 6758
7913 3031 9815 3760
64 4014 4688 4345
0 1952 1911 2681
