6824 5396 7590 9819
38 0 154 8188
8838 8539 10000 10000
6938 3476 9283 3981
2572 818 2811 2449
1234 7738 2098 9710
2703 3143 4870 3591
6035 5659 6508 6722
531 0 795 6043
2572 198 7480 818
2105 8021 2679 9145
7590 5396 8067 8539
1780 4097 2703 7118
2811 1123 4628 2322
2703 3591 2883 7738
2105 0 2572 2449
2572 0 10000 198
9283 3476 10000 8539
7480 2209 9213 2449
5091 3476 5902 6517
2883 4696 3710 7738
1198 2521 4058 3143
1198 3702 2321 4097
7881 2449 10000 2873
1198 4097 1780 7738
4678 8567 6023 8853
2679 8853 6824 9393
5902 5193 6938 5396
8803 855 9167 1063
496 6043 1151 7571
1777 0 2105 2449
7881 3047 10000 3476
230 3606 531 3819
7480 1063 9213 2209
2679 9393 6650 9815
1198 0 1777 2449
3124 7738 3337 8304
2811 2322 7468 2449
2883 3591 4870 4696
8067 7312 9283 8539
6938 3981 8659 5396
2188 9694 2669 9819
2679 8567 4678 8853
4870 2449 7881 3476
2811 1072 4520 1123
5902 3476 6575 5193
8603 5396 9283 7263
1780 7118 2703 7738
6575 3476 6938 5193
234 6068 496 9813
154 0 201 4654
8067 5396 8603 7263
3710 4696 4421 7738
4421 4696 4870 8567
7670 198 8803 1037
7881 2873 10000 3047
4628 818 7480 2322
8340 8539 8838 10000
8067 7263 9283 7312
6023 6722 6824 8853
795 0 1198 6043
9213 198 10000 2449
4870 6722 6023 8567
7593 8539 8340 9984
8659 3981 9283 5396
496 9819 7590 10000
