4876 8409 5957 9360
6510 3688 8701 4186
558 2961 3942 3243
2547 4231 6591 4573
931 2515 9105 2769
3032 5799 4667 6746
0 4627 1709 5616
1211 3243 1226 3383
2204 1431 3914 1834
9295 3631 9875 6441
2266 6759 2387 9668
3914 2235 7777 2468
5116 6609 5774 8409
6372 2769 6510 4228
8807 524 9030 1941
0 2769 3942 2961
8942 0 10000 524
8632 5463 8880 9298
3032 7612 4773 8678
4773 4861 4863 9787
3032 7321 4609 7612
6510 2769 9295 3688
7013 4488 8880 5368
3942 2769 6372 3243
441 5752 646 8273
8049 5463 8588 8519
9295 7759 9856 9197
931 1495 2179 2049
5303 524 8248 1420
0 511 931 2769
0 0 931 511
2204 1834 3914 2515
9105 524 9242 2305
9300 6441 9367 7612
2387 6759 3032 10000
646 5751 3032 6759
3032 9833 4876 10000
6591 4231 8880 4488
3914 1431 4110 2024
4876 9360 9875 10000
3914 2024 5939 2191
931 2049 2204 2515
6591 8738 8049 8802
1826 6947 2119 7768
1226 4231 2547 4627
0 2961 558 4627
931 853 2022 1431
9875 3631 10000 10000
1226 3243 2286 4199
1829 5685 2522 5751
0 7881 441 10000
7013 5368 8146 5454
2547 4573 5116 4861
5957 4573 6591 9360
2536 4044 4787 4231
8880 3688 9295 9360
7013 5463 7662 8738
6591 8841 8619 9360
931 0 8942 216
5303 304 8899 522
441 9668 2387 10000
0 5951 400 7881
9295 775 9996 3631
2022 853 5303 1431
4876 4861 5098 8407
7662 5463 7957 8372
6591 4488 7013 8738
2676 4861 3660 5523
5774 4573 5957 8409
5431 216 8743 302
3032 8678 4773 9833
4110 1431 8807 2024
558 3243 1121 4564
441 8273 2266 9668
931 216 5303 853
5116 4573 5774 6609
