6606 9646 9387 9788
2000 4834 2837 5856
5974 7695 6423 7843
7271 2708 7648 3353
3538 3806 4324 4432
6708 7405 7076 8096
5925 0 6950 1425
2000 4441 6453 4709
460 4047 598 5673
2974 8261 3401 9511
1389 7857 2142 8744
5925 2040 6485 3035
437 7611 910 8386
1639 5209 2000 5885
598 3668 8320 3795
1389 9770 2411 10000
495 8386 1015 10000
3731 7221 4720 7457
1597 6521 2234 7019
3872 8261 4294 8781
9423 9035 9749 9158
2731 4398 3158 4441
2833 0 4096 640
7212 9443 9387 9646
1609 4441 1951 5170
9244 5171 9376 6319
6097 7046 6632 7338
598 3806 3214 4398
5408 5311 7693 5528
9970 0 9994 7809
3498 6749 3932 7031
3398 6019 8320 6208
5590 510 5888 3134
7076 7405 7391 8096
9430 1557 9462 1896
2207 8096 2411 9770
5450 140 5925 510
5247 7260 5520 8087
5888 510 5920 3123
2080 968 2616 1308
1317 5134 1587 6310
8580 7922 8931 8725
8580 6208 9244 7135
5126 8096 5293 8193
25 385 264 2935
1587 6235 2687 6306
4354 8261 7746 8725
2360 640 4529 968
6632 6769 7376 7405
8320 2800 8462 4356
570 968 2080 1541
2080 1318 2612 1602
25 2935 2498 3134
4648 4709 7692 5135
1587 6051 2780 6235
8580 7135 8931 7922
4354 8725 6105 8814
9462 1136 9959 4019
763 5134 1317 5337
8878 3781 9455 4066
2663 1903 4340 2127
2000 5917 8320 6019
437 7457 3421 7607
9491 4406 9970 5376
7091 249 8290 396
25 107 2034 385
7990 3795 8320 4709
9502 5376 9775 5699
4883 6749 5560 6981
2866 6019 3398 7457
7587 6628 8135 6742
4964 1314 5289 1901
2157 4817 3987 4834
264 385 2360 968
3872 8918 4303 9153
1904 3353 7648 3506
2183 7607 3421 8096
570 1602 1754 2535
2411 9511 3401 10000
3568 968 4529 1183
4529 0 4964 1381
2189 8096 2207 9667
6166 7855 6708 8089
3398 6405 6933 6749
7203 1600 7271 2031
0 8386 495 10000
664 4398 1411 4949
8217 6208 8580 8096
1365 7857 1389 9470
0 3134 437 8063
6950 249 6989 670
3401 9788 9423 9869
1223 1541 1851 1596
5408 5528 8320 5917
1015 7607 2183 7857
7746 8357 8252 8632
1085 7937 1269 9680
9491 4356 9970 4406
2234 6517 2866 7457
264 2535 1754 2935
598 3506 7648 3668
4096 0 4337 577
2663 2127 5428 2428
5961 1425 6872 2011
3401 8261 3872 9417
4150 4709 4648 5054
8462 4066 9670 4315
7402 1595 9354 2027
4798 8814 6105 9788
3604 1771 4217 1884
93 8063 261 8325
6831 8967 7212 9040
2451 116 2833 430
8572 8725 8663 9316
0 107 25 2958
4070 5647 5407 5914
3401 9869 9970 10000
2147 1602 2663 2428
4683 3795 7319 4441
3421 7458 5219 7955
2000 4718 3403 4817
3214 3806 3538 4441
8320 5585 8837 5886
2411 8639 2974 9511
9387 9035 9423 9788
7319 3795 7990 4709
4648 5145 7112 5311
2853 4834 4065 5827
8290 249 9958 398
437 3134 1904 3506
437 7019 2068 7443
7693 4709 8320 5528
4511 8814 4798 9721
3872 9187 4285 9404
264 968 570 2535
598 6447 1169 6690
1302 6317 2862 6517
7271 2305 7533 2708
7091 650 8590 986
0 0 2833 107
6933 6405 8217 6628
3421 7955 5232 8095
6453 4441 7297 4667
9462 720 9940 1075
8320 4733 9161 5171
6872 1425 9424 1595
9775 5376 9970 9869
4964 0 5428 1218
598 3795 4633 3806
3398 6234 6921 6405
1754 1602 2147 2935
2034 107 2093 322
2147 2428 5428 2935
1011 6720 1302 7019
6105 8725 6606 9788
5428 510 5590 3134
7391 6749 8126 8096
2498 2935 5428 3134
9453 5322 9491 5731
4072 5311 5408 5645
7410 0 7667 231
8126 6749 8217 8096
7648 2753 8011 2800
5293 8096 8580 8261
8931 7135 9387 9443
1904 3134 5925 3353
3401 9417 4354 9788
4964 1218 5381 1279
1015 7857 1085 10000
2663 1381 4779 1760
7648 2800 8320 3398
9387 7574 9750 8822
2411 8096 2974 8639
