9029 2409 9302 3574
7839 4241 9368 4569
4581 3554 5648 4936
5214 1631 5978 2318
905 962 1873 1404
3583 4089 3888 4701
5978 943 6349 2318
155 1404 257 8543
137 943 155 7854
2341 6133 4322 6580
1231 7000 2347 9372
0 685 82 9783
6705 943 6847 3696
7760 892 7839 4569
7476 4730 8065 4848
4779 6108 5108 6683
257 1631 452 8139
7721 2750 7760 3616
3509 4701 4581 4936
5108 6108 5525 7726
7839 892 8487 2970
8574 4569 8871 7585
3068 6772 4908 7726
2559 9422 8565 9606
2765 6607 4710 6772
9497 4384 9986 7202
257 1404 2914 1631
0 590 7034 685
5067 8950 7972 9372
8871 4569 9368 7585
2160 5412 7293 5618
5525 7870 9193 8618
797 9486 2346 9495
8329 4569 8574 7191
8738 0 8841 673
2574 5843 8329 6108
82 8988 797 9520
2160 2631 3020 4183
5648 4808 6028 4926
9368 2127 9844 2309
7577 195 7683 4430
797 3263 1027 7685
3267 9867 7071 9968
3888 2318 4581 4701
1101 6772 1231 9361
1101 9372 7972 9422
6037 3554 6566 3694
6847 3516 7026 3957
2559 9606 9368 9637
2914 1404 5294 1631
8329 7633 9193 7870
8565 9495 8888 9556
7839 2970 8738 4241
8574 7585 9258 7630
7685 0 8487 892
3509 4089 3583 4701
709 1995 1022 3136
1160 4939 2098 6772
4908 6772 5108 7726
457 1631 2232 1995
5648 3554 6033 4799
82 693 5767 943
1501 6803 1869 7000
709 3263 795 8973
2232 1631 3888 2579
82 9520 2559 9783
7293 590 7577 4569
2562 8082 5525 8618
7358 4848 8129 5764
2562 8618 9368 8636
797 7835 1101 9420
9368 2319 9497 9637
1160 1995 2232 2579
2562 7726 5525 8082
4745 2318 6702 3166
6847 3957 6987 4658
2562 6772 3068 7726
9193 7633 9368 8618
8487 0 8738 2970
2160 4183 3030 5412
1160 3448 2098 4939
2347 7000 2562 9372
2098 3448 2151 6017
2574 5618 7293 5843
9229 168 9954 2127
8329 7191 8574 7633
184 8597 709 8988
2185 5618 2574 6093
3496 8950 5067 9277
1104 3366 1160 6351
0 0 7685 195
4587 2617 4597 3554
2562 8636 9368 8824
4506 4936 7034 5412
3030 2579 3509 4936
1160 2579 2160 3448
0 9783 9497 9806
7972 9000 9368 9417
5525 6693 8329 7870
7034 590 7293 5412
3509 2579 3888 4089
1041 1995 1096 7736
6349 943 6705 2318
372 9806 1525 9893
2559 9637 9497 9783
3888 1631 5214 2318
5294 943 5976 1559
3030 4936 4506 5412
457 1995 629 6528
2562 8824 9368 8950
5525 6108 8329 6693
4599 3169 6694 3548
0 195 7577 590
4644 2318 4745 3052
6037 3696 6845 4807
