2665 691 3018 3436
90 3600 331 5332
4224 9665 7725 10000
7807 3209 9009 4333
4224 5019 5056 7667
1033 4274 7192 4324
5079 5851 5400 6328
9732 5445 10000 10000
6477 4863 7617 6215
5972 4863 6458 5748
5845 7536 6666 7669
582 4863 3035 6072
9278 3209 9615 9212
3989 3209 7693 3436
3654 7454 4224 10000
1950 6652 2920 9632
4224 9272 7725 9665
8647 4333 9009 8661
3018 691 3277 2944
368 4274 1033 4547
9651 1846 9732 9272
6477 6219 7656 6888
5545 5019 5916 5718
1854 7765 1950 9132
9274 3209 9278 6748
3735 1738 3989 3035
6564 7930 6876 8606
7725 9272 9732 10000
6245 7841 8123 7921
5633 1846 8137 3209
5525 889 9732 1164
820 1250 1281 2779
9009 3209 9246 8214
3688 1628 5633 1738
7664 4863 7894 6893
7518 3436 7807 3968
331 9936 3654 10000
820 31 1781 1250
3296 4875 5954 5019
2292 691 2665 3970
1218 6072 1787 9213
2665 3436 7282 3964
5525 1164 9732 1231
582 4550 8647 4863
0 0 820 2779
1281 1250 1831 2274
0 2779 2292 3600
331 9632 3654 9936
4395 0 6840 434
2292 0 3688 691
1281 2274 1831 2779
8137 1846 9651 2275
1787 6072 3035 6652
4395 1231 5633 1628
1033 4333 8647 4550
4870 7845 5304 8661
3654 5019 4224 7454
331 3600 2280 3967
7895 4863 8382 7384
3688 0 4395 1628
5545 5748 6371 7355
393 4550 582 6074
1831 0 2292 2779
4224 8661 9009 8817
331 9213 1379 9520
3035 5019 3654 6652
3989 1738 5633 3209
9258 3209 9271 9208
8391 6143 8578 7042
5633 1231 9732 1846
2920 6652 3654 9632
5525 434 6840 889
8137 2275 9651 3209
618 6072 1218 8257
9732 0 10000 5445
6477 6896 7887 7526
331 3970 7807 4274
4224 8817 9009 9272
6840 48 9711 889
4395 434 5525 1231
