8063 8315 8630 8991
9689 4112 9922 9533
2251 3860 4290 4638
5210 5324 7622 5698
7622 4913 8971 6547
9427 2750 9445 3741
5002 1992 5322 2589
262 1514 575 8520
1942 1725 2778 2891
7517 2472 8239 3782
5441 1630 5763 3659
1849 9217 5787 9254
8250 2472 8906 3942
2362 1638 5332 1725
7343 1786 8670 1855
5913 3664 7074 4208
3862 6432 5264 8735
6004 503 8587 1189
5264 6432 5546 8490
7047 1630 7343 1824
1221 2840 1547 3229
3862 6005 5546 6432
802 426 814 4638
679 8367 1849 9295
5948 9562 9470 9672
1380 5160 1592 7861
814 426 9587 487
5332 4215 8838 4509
7161 3345 7415 3463
8907 3741 9024 4913
9932 0 9978 5622
9639 4112 9688 8407
9024 4112 9379 8315
679 7262 1380 8367
1849 9260 4323 9465
2094 4638 3631 4769
259 52 802 1514
6998 6704 9024 8315
4290 2623 5332 5160
575 1514 679 9295
9024 3741 9778 4112
4086 3237 4290 3858
5846 6005 6195 9550
2853 780 3697 1638
6120 2315 7048 3648
7074 3957 8906 4212
2866 1725 3217 2896
814 487 1221 3860
5381 1638 5441 3485
6195 6005 7622 6704
5441 1189 6958 1278
8692 1222 8843 2201
3706 1189 4485 1565
5386 4750 8907 4913
2533 5495 2621 6977
5948 9672 10000 9884
3012 5495 3704 8735
2652 5495 3012 7761
6505 9178 9639 9550
5332 4913 7622 5160
2147 7208 2586 7780
6505 6704 6998 9178
0 0 8023 42
1595 5430 1845 8264
3862 5698 7622 6005
6195 8468 6505 9550
5332 4513 8696 4690
13 52 259 8064
6998 8315 8063 9178
1221 487 2702 547
0 9884 10000 10000
3443 52 7738 126
3704 5495 5210 5698
1849 8185 2703 8688
1849 5160 7622 5324
1849 8735 5546 8780
9778 0 9907 2074
1221 1725 1942 2840
4290 1767 4995 2623
2534 5341 4513 5495
1230 3236 3949 3237
814 3860 2251 4638
6195 6704 6505 8468
3704 5698 3862 8735
7074 1866 8623 2011
802 199 5991 338
5264 8490 5544 8733
1221 633 2346 1699
9379 4112 9529 6670
7517 2230 8415 2447
0 8535 575 9726
1221 3237 4086 3860
679 5705 1380 7262
0 9727 5948 9884
5546 6005 5846 8780
848 9295 1761 9727
4995 9260 5128 9549
2362 829 2832 1625
679 1514 802 5705
1761 9295 1811 9707
1849 8780 4002 8844
575 9295 848 9727
1849 5324 2485 7070
1942 2964 3037 3210
7343 1189 8141 1771
1849 7208 2142 8181
3217 1725 4290 3236
802 4638 1380 5705
8063 8991 9238 9173
1849 9550 5948 9727
8630 8315 9379 8991
