9519 6897 9791 7979
4275 8123 6100 8200
1476 3631 3477 4056
8799 7234 9295 7753
5139 8612 5472 9471
1469 8113 2046 8730
4952 9647 5870 9790
6429 2741 9791 2810
408 8113 1189 8580
6433 5017 7022 6664
3378 6664 6710 6724
255 9647 4952 9790
9342 192 9878 665
7758 2167 9653 2736
6081 4209 9212 4335
8313 5166 8559 7711
7000 4671 8554 4752
150 5190 2106 5198
8564 4335 9212 5017
8858 5166 9212 6897
1719 3058 1997 3631
1220 2129 5212 2277
1220 2277 5212 2375
7024 2167 7757 2557
1997 2557 7758 2579
5683 1008 6050 1351
6710 6664 7550 8236
6016 2664 7244 2741
6323 847 6866 2190
1220 1744 3923 1811
5333 3096 5520 4509
1472 7130 1615 7163
9267 8236 9830 9014
5870 8800 6756 9048
6429 3056 9791 3288
939 2537 6980 2557
5583 2646 5899 6321
3477 3631 4120 4056
202 196 417 2624
6016 4586 6433 6664
6081 4391 8524 4586
1861 1277 3750 1292
5683 347 6202 805
9210 192 9258 1741
417 5178 4673 5190
2431 3382 4617 3631
4275 8414 6853 8544
1220 1811 3931 1982
8915 523 9178 1864
7266 192 9210 523
2812 4056 4120 4423
2001 1370 3274 1571
8325 3881 9212 4209
216 5438 873 5956
3378 9209 5071 9383
150 5200 216 9967
230 5956 914 8070
2285 4056 2812 5178
975 6339 1416 8113
4275 7672 6100 7831
5334 347 5683 1353
1719 2557 1997 3058
216 8730 255 9790
5870 9623 10000 9668
6429 2810 9791 3056
8741 5166 8858 6897
1512 289 1675 1076
1220 2375 5514 2477
5514 1353 6202 2477
914 6339 975 8113
1861 296 3010 347
417 5109 1806 5156
9212 3881 9290 6897
9791 2741 9910 7979
6081 2741 6429 4209
7331 8236 9124 8399
7022 5017 7438 6531
3931 1353 5212 1784
604 4745 2285 5043
1096 2557 1476 4745
1220 1982 3931 2129
5683 805 6202 1008
3378 6395 4583 6661
8559 5166 8741 7820
681 311 1065 1222
4388 347 4529 1024
1476 2557 1719 3631
7776 523 7882 1581
8325 3288 9290 3881
5476 8612 5495 9440
2431 2646 3637 3382
5172 6321 6016 6664
2946 6724 6710 6942
5870 9082 8712 9337
255 9385 4168 9484
216 9790 10000 9967
939 1292 2001 1744
5870 8545 6840 8800
7554 6611 7836 8058
2946 6942 3355 8990
681 1292 814 4745
5529 2646 5583 5790
4673 2646 5076 6664
1673 5429 2005 7593
6202 289 6323 2477
4275 7831 6100 8123
2812 4423 4120 5178
7970 523 8091 1978
7550 8112 9833 8236
5076 2646 5172 6664
9489 675 9666 1722
1476 4056 2285 4745
9496 3288 9665 6897
6016 2741 6081 4586
4617 2646 4673 5178
6429 4169 8303 4209
417 196 604 5109
3432 8122 4275 9209
150 9974 10000 10000
814 1292 939 4745
8091 523 8915 1978
5495 8544 5870 9647
3790 5618 4647 6104
7836 7711 8554 7978
9833 8112 9965 9082
2046 5429 2086 7252
7024 1978 9210 2167
257 0 558 174
1997 2579 2133 3631
7836 5166 8313 7711
5212 1353 5484 1470
4120 3631 4617 5178
604 192 681 4745
939 2557 1096 4745
1416 5429 1472 8113
7438 5017 9212 5166
7022 6531 7550 6664
9666 675 9965 2741
5899 2646 6016 6321
2669 2583 7232 2646
6100 6942 6710 8414
5191 7615 5580 7672
3378 5190 4651 5560
1220 2477 6323 2537
4275 8200 6005 8388
2136 6165 3119 6425
0 0 150 10000
6853 8414 9267 9082
150 9967 9661 9974
4529 347 5334 1353
3637 3216 4617 3382
4323 8612 5139 9207
5175 2646 5182 5348
7266 523 7776 1978
8741 6897 9519 7234
6433 4586 8564 4671
6429 3288 8325 4169
914 5432 1407 6339
216 5200 2127 5425
6323 289 7266 847
9290 3288 9496 6897
1075 201 5282 289
7068 847 7266 1690
4275 8544 5310 8607
7438 5166 7836 6531
9910 2741 9965 7979
255 8730 2946 9385
2136 6724 2946 8730
3637 2646 4617 3216
5870 9370 10000 9623
604 0 9965 192
9665 3288 9791 6897
255 9486 2965 9635
5870 9668 9747 9689
7836 7979 9965 8112
3931 1784 5212 2129
967 1744 1220 2289
7000 4752 8564 5017
3874 710 3931 1195
9965 0 10000 9370
8623 7820 9497 7974
2133 2646 2431 3631
638 5043 1235 5066
6633 4671 7000 4936
3378 6942 6100 7398
