3468 4961 3738 5944
7564 5866 7622 9846
6891 1723 6913 2616
6913 1563 7782 2008
7625 2008 7782 9915
401 1668 2722 2807
6727 6624 7564 7934
5628 6522 6727 7934
8338 2706 10000 2860
3468 162 3641 3789
5785 9160 7564 9326
7423 2008 7625 5866
8456 7559 9354 8097
817 8809 5785 8944
438 4676 2994 5367
0 3606 172 9963
5850 2300 6043 5648
9294 4316 9459 4753
4722 162 6043 2300
7113 39 7782 1563
6997 162 7062 1049
6727 5866 7534 6578
172 6319 438 9507
6727 4062 6870 5819
438 7763 817 8944
7868 2706 8338 4629
7796 8827 8101 9720
172 4676 438 4919
7782 1823 9140 1848
172 4919 438 6319
7782 2706 7809 4819
401 379 1824 1668
9169 4884 9984 7343
6043 162 6501 3163
4883 5648 6043 5814
2934 2960 2994 3150
6043 4062 6345 5813
2453 5969 3668 6392
3468 4452 4883 4961
8338 2860 10000 3773
8967 0 9167 1823
7782 1250 8967 1823
172 379 401 2807
9603 7559 10000 9963
4523 7934 7564 8068
8101 8472 9603 9915
7062 1121 7113 1131
4074 8507 5148 8745
3963 3615 4806 3789
8338 3773 9319 4192
4166 6522 4523 8068
7782 5041 8456 8472
8939 8102 8966 8329
172 59 6451 162
438 5944 2323 7763
758 2960 2928 3152
2323 6522 4166 7402
2323 8068 7564 8507
0 39 172 3606
9167 0 10000 1848
8533 4884 8818 7016
3738 5814 6727 6522
4523 6522 5628 7934
4883 2624 5423 5648
438 9199 5736 9300
9466 4207 9966 4884
758 3152 2994 4676
7816 4884 8241 5040
2994 162 3468 5367
6345 4062 6652 5806
5785 8867 7352 9160
172 9507 7564 9730
7801 334 8967 1250
825 169 1048 379
3738 4961 4883 5814
8818 4884 9166 7547
438 9326 7564 9507
7782 1848 10000 2706
8966 8155 9466 8472
0 0 8967 39
3468 3789 4883 4452
2554 7402 3556 8054
6043 3705 6886 4062
817 7763 2323 8809
172 9915 9056 9956
5423 2300 5850 5648
0 9963 10000 10000
438 9301 5714 9326
438 5367 3468 5944
438 8944 5785 9199
758 2807 2994 2960
4615 2335 5302 2624
744 2807 758 4676
172 2807 724 4242
3641 2300 3912 3589
7268 2008 7423 5866
172 9730 7564 9915
1824 162 2722 1668
3641 162 4722 2300
2722 162 2940 2666
6917 2008 7268 5769
