0 0 1618 313
4377 3693 7726 3857
144 5656 1241 6185
144 5520 1637 5656
1902 618 2562 2159
1867 5520 2085 9356
5285 2376 7726 2658
2237 6240 2840 7229
1087 313 1618 1240
7754 3857 9832 4232
2518 8342 4537 8623
7219 9641 9757 10000
9757 7724 9984 8877
7726 3351 7830 3854
4377 809 5268 1978
8899 7482 9091 8221
1241 5656 1266 6840
4377 3857 7734 3882
8587 5142 8865 6975
7578 3882 7754 6668
6071 5418 7300 5698
4021 4498 4282 7229
9498 4820 9993 5012
8865 5142 9854 5619
2562 3279 4341 3792
8364 1205 8967 1651
2132 8342 2518 9241
5285 1978 6970 1996
4537 8413 8008 8623
5610 3486 7726 3693
2518 9203 3912 9358
4359 4710 7578 4886
4341 737 10000 809
322 7153 650 7772
8008 8413 8436 8623
1637 9487 8835 9641
7300 5418 7578 7301
7983 5142 8203 8413
2840 7061 3970 7229
1424 5656 1637 10000
524 1869 734 5520
7585 6668 7839 7259
5095 2992 7726 3056
650 6840 1052 8844
4537 8037 7958 8413
0 8844 1052 10000
4537 7641 7898 7686
6327 4892 6905 5418
2567 2384 2843 3278
1902 420 10000 618
5268 1774 9069 1978
2237 7229 7300 7301
5636 4886 5999 7227
1637 9641 2556 9982
8436 6978 9757 7482
4377 3236 7726 3286
7830 3351 9829 3857
3690 4335 4021 5148
0 313 144 8844
2589 9641 7155 10000
4989 5001 5001 6700
734 372 905 1009
4377 1978 5095 3236
4377 3882 7576 4217
144 7772 648 8839
1694 0 2838 419
6643 8799 9132 9366
9832 3671 9860 3829
4377 3286 5610 3693
6397 1694 8496 1755
2840 3897 3285 4981
4359 5001 4989 7229
3323 3897 3496 4885
8436 5142 8582 6967
9056 4244 9144 5056
3500 4161 3629 5023
5285 2002 7601 2144
654 313 734 1869
4537 7686 7958 7964
7754 4244 7949 6305
2518 8623 9132 8799
7754 4232 9926 4244
1087 3792 4377 3897
2518 8799 6643 9203
144 1869 171 5520
8865 6325 10000 6978
2838 235 10000 420
9080 1694 9433 3271
2942 6978 3825 7061
4282 4498 4359 7229
1087 1240 1618 3792
1867 9366 8625 9483
5610 3286 7726 3486
2562 737 2785 2360
9871 809 10000 4222
2100 5520 2237 8167
9423 7482 9747 9420
6071 5698 7300 7229
5791 0 10000 235
144 6185 1241 6840
8162 2002 9063 3190
1266 5656 1424 10000
1637 5520 1689 8321
1902 2159 2562 3792
2237 3897 2840 6240
4589 9203 6643 9366
5285 2291 6674 2376
8203 5142 8436 8413
4377 4271 7439 4334
4021 4334 7578 4498
2838 0 5791 235
6360 809 6397 1477
4027 3897 4178 4112
2237 7301 4537 8342
734 1009 906 5520
4359 4886 5636 5001
1160 3897 2160 5429
1618 420 1902 3792
4537 7301 7942 7631
7958 4244 7983 8335
7726 3258 8603 3348
5584 4498 6327 4637
5095 3056 7726 3236
9182 4244 9498 5114
7983 4244 9056 5142
4537 7964 7958 8037
2843 737 3532 3279
2562 618 10000 737
8967 1205 9867 1690
1052 6840 1266 10000
9132 7482 9423 9641
6002 4886 6069 7061
4341 809 4377 3783
3970 5148 4021 7229
6397 809 9623 1180
1087 3897 1159 5511
906 313 1087 5520
3532 737 4341 3279
144 313 654 1869
171 1869 524 5520
5115 1978 5285 2647
5095 2658 7726 2992
