5767 7272 8223 8582
8794 2343 9591 2772
0 253 201 1644
0 1922 3716 3085
3402 3435 5767 6384
2414 6290 2462 9098
8838 4807 8962 7890
5767 5324 7901 6098
7807 4095 8198 4569
0 3214 2523 5328
937 1729 2058 1922
4774 0 6260 1119
8230 4095 8794 7890
5767 6735 8223 7272
2590 3219 3332 7503
5767 5151 7546 5299
6573 9098 8101 9989
1669 5698 2288 6202
9740 4804 10000 7890
3332 6384 4878 6925
0 3085 5464 3203
8962 4804 9252 7073
8794 2772 10000 4804
845 5764 1532 6095
7124 1207 9591 2343
8230 7890 10000 9709
845 6342 2189 7143
8230 9709 10000 10000
5767 6154 6515 6730
4774 1119 9591 1207
845 7143 2414 9528
2414 9098 6573 9508
116 5328 845 9411
6260 0 9591 1119
2058 176 3428 549
6490 4095 7805 5148
4878 7579 5195 8488
2521 9508 6573 9878
6864 6156 7589 6735
6490 2343 8794 4095
2462 5328 2523 9098
452 9528 1012 9976
8225 6735 8230 7798
2523 3214 2590 7503
2058 0 4753 176
5847 2343 6490 4647
2523 7503 4878 9098
1153 9528 2414 10000
3838 6925 3869 7320
9591 0 10000 2772
9272 4804 9727 7862
4774 1207 5584 3084
5767 1207 7124 2343
5767 8582 8223 8928
3717 176 4774 3083
7111 8928 8166 9014
2058 577 3109 1738
