4329 6351 7661 6553
8064 6900 8321 7051
7621 1482 9176 1670
9158 6553 10000 8076
2455 8244 2751 8470
1088 7955 4225 7969
2269 4250 5354 4505
2036 9489 9147 9521
0 7729 1088 8148
4329 5603 5492 6351
1998 386 9215 564
228 2439 8902 2551
711 9314 1174 9675
228 2551 8902 2574
55 7236 2973 7601
3353 1726 7176 1812
228 2722 1394 3645
2451 1119 6059 1410
2269 5049 9664 5169
8112 8148 8949 8943
1088 7844 8713 7945
1491 3645 2075 5556
3210 1410 5984 1479
1394 2722 2032 3267
1998 258 9312 302
706 2256 9451 2417
706 1584 1788 1594
55 7601 8064 7729
6975 5342 9664 5926
6975 5169 9664 5342
9737 258 9828 2453
706 1603 7621 1696
8713 6553 9158 7237
2869 1410 3210 1538
2973 7405 8064 7601
9664 303 9733 5854
5438 2722 7644 3291
9512 8581 9963 8730
5374 3293 6274 3430
5489 6709 8713 6857
7843 2787 8833 2906
1174 9569 9708 9675
228 2574 7843 2711
7393 5978 7661 6264
706 927 2451 1584
2269 4622 3639 4716
55 5556 5492 5603
6448 3921 8734 4069
6448 3790 8244 3881
6975 5926 10000 5978
0 0 408 734
53 5437 55 6924
2269 4893 9448 5010
5363 3879 6229 4507
2768 743 7778 838
1830 6709 2962 6938
1174 9526 9403 9569
3744 5848 4329 6673
228 734 2768 838
605 3685 1491 5421
2306 8607 8112 8943
1830 6945 2969 7236
2306 8997 4558 9310
55 5848 2582 6709
3225 8528 5985 8607
2269 5169 6975 5556
1774 9395 4178 9469
55 734 228 5556
1174 9395 1774 9489
7621 1672 9425 1936
7661 6241 10000 6416
7661 6416 10000 6553
706 2417 8902 2439
1088 8010 7019 8139
706 1696 3119 1968
4561 8997 7433 9489
5354 3430 7843 3790
0 8148 2753 8244
3210 1482 7606 1603
7271 1968 9451 2255
706 838 2451 927
2498 5014 8469 5049
8949 8148 9512 9489
2973 6709 5489 7405
711 9904 10000 10000
7521 7945 8713 7982
1998 575 9330 638
4329 6553 8713 6673
2075 4022 2269 5556
8902 2417 9447 4893
408 258 1998 520
706 1968 2652 2256
743 520 1444 552
2451 838 9210 1005
2652 1968 7271 2256
55 5603 4329 5848
2582 6673 8713 6709
6059 1241 9450 1482
2075 3645 5354 4022
5492 5556 6975 6351
6448 4075 7552 4842
55 6709 1830 7236
3558 9314 4561 9395
2753 8148 8112 8527
9451 1217 9576 4518
5489 6857 5885 7405
7661 5978 10000 6241
7433 8997 8949 9489
6059 1005 9664 1217
7585 4075 8213 4812
2582 5917 3472 6432
2041 2711 6854 2722
1998 639 8377 734
1394 3291 5354 3645
7644 2722 7843 3291
2269 4505 5336 4622
2038 2722 5067 2988
2085 3127 5438 3291
0 9314 249 10000
711 9675 10000 9904
2269 4022 5354 4250
1088 7729 8713 7844
228 838 706 2439
5885 6857 8064 7405
9158 8076 9975 8147
6059 1217 9451 1241
9210 734 9664 1005
0 8244 2306 9314
249 9314 711 10000
2451 1005 6059 1119
2306 8943 8949 8997
8713 7237 9158 8010
2269 4720 4307 4882
408 0 10000 258
