0 9845 2414 9993
6723 170 8782 213
5306 8967 7210 9712
4619 8637 9658 8967
1071 5406 1411 8125
4089 6914 4619 10000
42 3556 289 8987
4619 6914 6096 7257
42 0 2063 1820
4430 3866 8067 4015
7969 5533 8083 6630
5406 4489 8784 4770
4430 4166 4752 5406
7748 1844 8268 2228
42 8987 3169 9396
8850 7658 9545 8637
2428 170 5614 927
2063 1924 6723 2162
6096 5533 6189 6955
9838 0 10000 8967
3169 5406 5035 6461
2063 2184 4375 2862
4619 9712 10000 10000
8784 6496 9335 6578
42 1820 2063 2195
8463 4936 8784 7257
8784 4110 9622 6143
3611 3556 3881 3936
4089 6673 5442 6914
319 3556 3276 3934
8629 8967 10000 9181
8832 170 9595 3950
289 3556 319 4888
0 9513 4089 9845
5406 6006 6076 6222
0 0 42 9513
2063 0 2428 1924
42 9396 4089 9513
7621 1460 8678 1829
8629 9181 10000 9712
2789 5806 3169 8306
2428 927 5614 1680
2428 1680 6723 1924
7621 1844 7697 2973
1411 6303 2352 6312
9631 170 9658 6150
2428 0 9658 170
3882 3556 4430 5397
4705 3136 6995 3444
5151 4177 8099 4489
4430 2162 6723 3136
4701 9262 5306 9379
4430 3685 8673 3772
6876 3511 7455 3682
6723 1460 7621 3136
9545 6244 9658 8637
6723 213 8784 1460
5614 170 6723 1680
4619 7658 8850 8637
5809 4936 8463 5345
4752 4489 5406 5406
4619 7257 8784 7658
8460 1844 8753 3091
7210 8967 8629 9712
42 2903 4430 3556
5406 4770 8784 4936
1411 6312 2789 8306
289 8306 3169 8987
1411 5406 3169 5806
3169 6536 4045 9241
9658 0 9838 8967
319 3937 2600 4608
42 2195 2063 2903
