6780 2440 7227 3897
8404 2319 9498 4578
2876 7519 3095 9097
5176 1829 5290 5616
947 1761 2677 2087
4481 5616 8591 6437
947 775 10000 824
924 775 947 7519
4056 1761 4322 9168
910 95 7527 304
253 95 480 5254
1496 2087 2539 6855
9498 2319 9581 6936
2256 9548 6541 9898
7339 2440 8404 4516
0 0 7548 95
3004 390 7548 775
5060 956 7437 1761
4339 6862 9175 6936
2007 9168 9043 9294
40 95 209 6617
0 9548 2256 10000
5290 2440 5774 4557
1001 390 3004 767
947 847 7437 956
4339 7714 7132 8784
4339 6936 9581 7714
4322 8784 9581 9168
3037 3323 3656 6393
2610 334 7273 390
4481 6437 9175 6862
1929 7519 2002 8529
7437 847 9730 2319
480 95 910 9306
7132 7714 9581 8784
5290 5044 6421 5616
910 304 924 9207
924 8363 1726 8376
8591 4704 9175 6437
480 9306 9625 9353
9581 2319 9729 8930
1153 2087 1496 5886
947 956 5060 1761
2677 1761 3864 3323
2539 2087 2677 6855
5777 2440 6351 4576
5290 4578 9498 4704
4339 1761 4481 6862
9175 4704 9498 6936
0 9355 8552 9465
9730 824 10000 10000
7944 2319 8081 2386
6421 4704 8591 5616
2677 3323 2821 6180
5292 1829 7437 2439
7548 0 10000 775
3864 1761 4056 9168
4322 1761 4339 8672
947 6855 3864 7519
0 9543 6577 9548
5290 4704 6421 5044
6279 1793 7250 1829
4481 1761 5176 5616
947 824 9730 847
