3055 4796 4113 5531
2251 2474 2684 2851
2238 3457 2259 5805
3055 3072 4352 3900
5717 6327 6346 7187
6660 211 7862 572
4571 9541 8804 9637
4571 7948 6772 8969
5332 1804 5415 3900
8574 5285 9104 6277
0 993 1436 1712
3388 1804 5258 2277
0 1712 1436 2851
0 9496 2142 10000
7715 572 7999 714
0 449 2097 787
5423 2025 5592 2723
5531 203 5675 1366
2998 3186 3055 5400
4696 2277 5258 3900
6346 6327 7941 6722
5890 1834 7526 1964
6160 21 6612 688
6346 6722 7941 7187
449 8209 1728 8500
9104 6060 10000 6277
7357 3070 7718 3141
5847 1141 9112 1440
2870 3072 2992 7452
7357 3141 8171 3191
4571 9107 6772 9335
9707 5246 10000 5430
1728 6043 2868 6934
2351 6934 2730 7104
8664 7865 9383 8727
5531 1759 9490 1804
9707 3410 9835 5246
7397 3191 7432 5244
4352 3642 4560 3830
2992 5589 3061 7270
4266 6016 4571 9637
3675 8747 3940 9408
6772 7187 7941 7631
9833 7865 10000 9940
4305 5039 4852 5834
6210 2132 6252 4129
6772 7631 7941 8736
7941 6327 8664 8071
3280 8639 3674 9924
3066 5589 3193 8530
1383 5805 1728 8209
6252 2143 6772 4297
2251 1758 3388 2189
0 132 2097 449
8188 602 8985 708
5890 4297 7397 4796
8664 6277 8721 7865
3615 6016 4076 7218
3235 5589 3603 8639
2339 2851 2618 3006
1162 3766 1251 8190
6772 3191 7397 4297
5890 1964 10000 2132
5717 5136 6793 5684
3615 7219 3925 7748
5629 4796 6793 5136
0 787 2097 993
6793 4796 7397 5684
2251 132 2865 1758
4571 8969 6772 9107
0 2851 709 3457
1728 7086 2139 7339
8574 2541 9104 5285
3198 5589 3235 8601
9104 5430 10000 6060
9104 2541 9954 3294
5258 1804 5332 3900
2865 132 3301 1304
4309 4796 4884 5039
8781 0 8887 447
3280 9943 9996 10000
4884 4796 5629 6016
449 5313 568 7312
2142 8639 3280 9231
5847 764 10000 1022
0 5838 309 7758
5981 6277 8659 6327
2259 3072 2693 5805
7432 3191 8171 4189
4086 6016 4266 9416
8804 8942 9680 9868
309 5838 357 9496
9835 3410 10000 5246
9496 1022 10000 1964
0 0 3388 132
7397 5244 8574 6277
5981 5684 7397 6277
449 8777 731 9496
9201 8736 9224 8915
4571 9335 6772 9541
0 5313 449 5838
5901 2132 6012 4170
0 3766 1162 4226
1728 5805 2868 6043
9389 7966 9819 8942
2251 2189 3388 2474
9954 2132 10000 3410
0 8838 269 9357
2097 132 2251 2851
6252 2132 9954 2143
3603 6016 3615 8268
5904 1444 9496 1749
4571 7231 6280 7392
3055 3900 5890 4796
5592 1804 5890 3900
8721 6277 9961 7328
6772 2143 8056 2541
0 4226 568 5313
7941 8071 8664 8736
357 7806 424 9019
0 3457 2238 3576
6772 8736 8804 8805
2693 3072 2730 5495
1436 993 2097 2851
6772 2541 7357 3191
568 4226 1019 7312
709 2851 2259 3457
6492 9637 7801 9908
8056 2143 9954 2541
9104 3294 9707 5430
4080 5589 4305 6010
449 8500 1728 8657
4571 7392 6115 7821
3617 0 5531 1804
3388 0 3617 1716
1383 3576 2238 5805
4571 6150 4950 7079
0 3594 1230 3766
2684 2474 3374 3071
9707 3294 9954 3410
5629 5136 5717 6016
6772 8805 8804 9541
1297 3576 1383 6318
449 7312 1162 8209
7357 2541 8574 3060
5174 6016 5717 7169
7432 4189 8171 5244
2142 9295 2782 9983
8171 3060 8574 5244
5717 5684 5981 6327
1019 4226 1152 6920
3388 2277 4696 3072
