49 1136 128 4446
1132 3321 1264 6772
3610 1750 6695 2044
866 7566 2886 7829
8404 4993 8831 6121
910 3321 1132 6772
478 9599 9874 9726
4856 6046 5223 9115
9841 93 9874 9457
1783 1328 2309 3614
2197 9024 4525 9073
5223 6046 5503 8525
2869 9115 5086 9451
8283 480 8312 5321
5120 4517 6741 5909
128 531 1930 732
3610 480 8283 579
456 732 910 5614
5503 7979 9549 8352
7268 6279 8283 7053
1783 3614 2919 5668
7085 2044 7716 3840
9331 539 9642 3205
257 732 419 5614
3265 1328 3350 4514
8831 3205 9424 5469
4044 4517 4193 7388
1469 1328 1783 3321
6047 6046 8283 6200
1783 6601 2918 6770
5574 2177 6741 2612
3610 3363 6741 3909
5086 9155 9631 9577
5503 8352 9549 8525
5086 9115 9804 9155
3610 2725 5574 3363
7658 3840 7716 5909
7085 3840 7658 5909
478 9592 9778 9599
2197 7981 4109 9024
1264 3321 1783 6772
128 0 9874 93
2197 9073 4509 9115
288 5614 478 9903
3350 4092 6741 4517
2985 7432 3148 7550
3746 4517 4044 6772
4168 8095 4525 8521
4994 978 8098 1551
137 1572 257 3296
3610 160 9331 480
3617 585 5384 773
478 5614 898 6707
3610 773 8283 852
7268 7061 9549 7979
2793 9451 4309 9563
6047 6200 7268 7061
23 5614 288 7777
8369 480 9331 3200
866 9115 2869 9334
6047 7061 7268 7979
3350 93 3610 4092
6762 2177 7085 5909
4994 1551 8098 1750
866 7829 2197 9115
1783 5668 2919 6601
910 1328 986 3321
4109 8521 4390 8798
3816 2195 5530 2725
8322 3205 8346 5846
5223 8525 9479 9107
4525 4517 4856 9115
1250 9334 1437 9363
4195 4517 4492 4954
2919 6060 3746 6601
7268 6200 8283 6279
478 6772 4044 6812
3610 93 9841 160
2919 3214 3248 4463
986 1328 1469 3321
2919 4517 3746 6060
2197 7831 4073 7981
0 9903 8644 9962
5120 5909 8283 6046
6695 1750 7716 2044
3610 3909 6741 4092
8098 978 8283 5909
419 732 456 5614
9549 7061 9642 9115
5503 6046 6047 7979
6741 2177 6762 5873
7716 1750 8098 5909
843 7550 866 9451
8346 6192 9629 7039
2309 1328 2826 3482
9874 0 10000 10000
3610 2045 6949 2177
4994 852 8283 978
5574 2612 6453 3260
7268 7053 9525 7061
7449 579 8176 729
1511 6903 3620 7366
3610 852 4994 1750
3147 7608 4033 7806
9642 3299 9828 5853
478 6812 843 9591
4856 4517 5120 6046
128 93 3350 531
910 732 1730 1183
1930 531 3350 1328
9331 160 9841 539
478 9726 9209 9903
