1398 3717 2858 3933
648 4488 890 5956
3534 2968 5537 3005
7768 8228 8170 8825
9495 8606 10000 9127
6903 3933 9495 4532
717 4064 1398 4478
995 6709 9132 6841
0 836 3124 1282
1908 263 10000 660
2858 3005 6056 3078
511 1334 648 6301
3696 1727 5490 2116
648 6127 2008 6301
3944 9029 5153 9127
1995 8150 4097 8792
592 6461 787 10000
2178 4673 4717 4770
1033 7709 8194 7998
1925 4437 3184 4488
787 6709 869 9029
0 7722 592 10000
2178 5648 5935 5956
5624 7192 9135 7478
5199 8228 7768 8804
787 9431 2270 10000
995 8804 7768 9029
890 4673 2178 5956
3124 1164 7851 1282
787 6622 9495 6709
6613 3933 6903 5371
7989 1727 9495 2788
1398 2665 2858 3717
1629 1334 3696 2284
7219 9408 7406 9554
7194 9127 10000 9408
8646 5371 9415 5517
6064 3697 7989 3801
3696 1711 9430 1727
2554 7998 6815 8118
6064 2851 7989 3697
869 6709 995 9029
4331 3078 5369 3723
1033 7560 9135 7709
3944 9127 7194 9587
7431 5371 7714 5876
2270 9587 10000 9725
0 660 10000 836
9135 6709 9495 9127
4184 8228 4495 8738
3290 7484 9135 7560
2703 9725 9766 9916
3124 927 7851 1164
0 1282 511 6301
1033 7998 1995 8804
2270 9431 3199 9493
7406 9408 10000 9587
2178 4872 4579 5648
2858 3801 8721 3802
8194 7709 9135 9127
9495 3241 9813 3246
592 6301 9495 6461
7989 2788 9495 2898
3310 3933 6551 4488
648 5956 9495 6127
1033 6905 3290 7560
4900 4673 5397 5616
1833 263 1908 660
5369 3078 6064 3801
2858 2665 7989 2851
890 4488 6613 4673
1398 1334 1629 2665
5144 8152 8194 8228
3290 6966 3466 7484
3290 6905 4605 6966
6903 4532 9495 5371
787 9029 3944 9431
9495 3246 10000 8606
6196 4673 6613 5359
0 7666 580 7722
7989 2898 9495 3801
1033 6853 7646 6905
3696 1349 6047 1433
511 1282 7851 1334
3696 1433 9495 1711
2008 6127 9469 6301
787 6461 9495 6622
7948 6905 9135 7192
3124 839 6487 927
5607 6966 7948 7192
4728 2284 7989 2615
0 0 1833 660
995 6841 1033 8804
2858 3802 9495 3933
3466 6966 5607 7484
1833 0 10000 263
7851 836 9989 1324
