6606 8227 6850 10000
811 5456 2566 5872
5974 7842 6423 7990
7360 2031 7468 5922
3179 3974 3743 4831
5735 7572 6893 7842
6564 986 6871 5209
3743 3974 5089 4831
597 2534 655 6275
2851 8394 3867 9009
1438 6690 1930 8047
6171 986 6305 4864
286 6690 502 8386
1999 5209 6871 5259
5958 25 6171 4864
487 9880 2442 10000
487 8394 1067 9684
3821 7456 6892 7532
1930 6690 2273 7535
3592 8101 4341 8394
9423 8088 9464 9066
3157 3974 3179 4797
3092 108 3990 1381
7553 9097 8376 9646
1147 4864 1999 5129
8629 6267 9245 6513
6340 6750 6632 7285
1613 3974 3157 4797
7194 2031 7360 5456
9970 0 10000 6247
3821 6346 3932 7449
3932 5922 5164 6455
4760 1609 5756 2424
6146 8089 7733 8227
9366 1783 9462 1896
1067 9239 2442 9486
5903 0 5958 3102
502 8047 5633 8091
5844 0 5903 1381
1794 600 2081 1235
811 5220 1999 5456
6893 7902 9473 8009
8425 6750 9372 7521
3673 8091 5293 8101
0 1557 2084 2268
655 6227 2282 6275
4341 8101 5638 9473
2196 478 3092 1381
3932 7304 6906 7456
8320 25 8378 5003
637 478 1707 1557
2084 1381 2142 3974
12 2268 120 7294
6305 986 6564 5209
2714 6166 3932 6346
1930 7535 9473 7572
5638 8047 5735 9659
9462 1565 9970 4019
811 5129 1999 5220
9354 4019 9774 4390
3953 1856 4636 2406
6090 5922 8296 6226
1930 7572 3582 7980
9491 4418 9774 6628
6451 97 7588 252
48 84 637 1557
8191 1777 8320 4118
9774 4568 9883 5377
5164 6718 10000 6750
655 5922 3930 6166
7313 6628 8135 6704
4097 1219 5231 1381
3179 4831 4216 4861
637 108 3092 429
4248 8394 4341 9473
2322 3102 3643 3821
502 8091 3455 8343
260 2534 597 6690
2442 9659 5735 9862
4097 968 5058 1183
4097 108 5231 968
0 8386 3535 8394
6146 8009 7731 8089
3932 6455 5164 7304
7203 1600 7271 2031
0 8394 487 10000
1147 3974 1613 4797
6893 7572 9473 7902
1067 9211 2442 9239
120 2534 260 8386
6912 400 6951 821
2442 9862 6146 10000
1707 1385 1927 1542
4862 5456 7360 5872
1095 7019 1438 8045
7733 8009 7869 9018
1067 9486 2442 9684
8923 4390 9774 4418
2273 6275 2714 7535
811 2534 1147 5129
3643 3102 5089 3974
3990 108 4097 1381
2322 1869 3864 2428
6871 986 7021 4545
2851 9009 3867 9659
4150 4864 4648 5209
8378 3561 8876 4165
8967 1565 9354 3744
5735 8009 6146 9862
3604 1659 4217 1772
260 6690 286 8383
7139 9039 7212 9420
637 429 3085 478
6850 9018 9387 9039
0 84 48 1557
655 5872 7360 5922
6850 9646 9387 10000
2142 1381 2303 3974
5089 3102 5958 4864
3582 7572 5735 7980
1147 4797 3179 4864
2303 3821 3643 3974
7516 5811 8918 5922
2442 8394 2851 9659
9387 9018 9422 9792
7649 3655 8112 4985
1999 5259 6647 5347
2566 5456 4862 5872
9302 0 9615 794
655 2534 811 5872
502 6690 1057 7936
7649 5003 8374 5743
4248 9473 5638 9659
3867 8394 3936 9659
120 2268 2084 2534
597 6447 1168 6690
2714 6346 3510 6738
7468 2031 7499 5437
7588 25 8112 986
0 0 5231 84
5164 6519 9191 6598
1930 7980 5715 8047
7126 1757 7194 4562
9677 986 9970 1565
8378 5135 8923 5811
8923 986 9677 1565
9612 6750 10000 10000
5231 0 5844 1381
2303 1460 2322 3796
5164 5922 6090 6519
1147 2534 2084 3064
637 103 3174 108
2322 2428 5903 2774
1095 6720 1386 7019
6146 8227 6606 10000
2322 2774 5681 2903
6906 6750 8216 7535
2322 2914 5820 3102
9082 5693 9491 5731
1999 5365 6903 5456
5958 0 8333 25
8216 6750 8410 7403
7528 2659 7649 2800
6850 8227 7707 8947
7869 8009 9423 9018
1147 3064 2084 3974
3936 8394 4248 9659
4125 1196 5231 1219
487 9684 2442 9880
2322 1381 5855 1608
7649 2408 8097 3305
9473 6750 9612 10000
1067 8394 2442 9211
