7616 7233 8335 8844
6003 7953 7616 8439
4612 1079 4681 4775
234 5247 1914 5449
5356 804 5459 9649
0 6087 3496 6425
7876 2945 7945 3498
9858 5358 10000 10000
21 417 234 2839
2229 6425 2674 9926
9057 984 9099 6443
1224 2939 1387 5247
234 1079 3695 1540
3695 1079 4612 1709
3927 8214 4192 9142
3695 5944 5197 8214
6393 8439 7120 8669
6083 6821 8226 6876
8891 0 9099 984
3695 4780 5197 5944
6697 984 8655 1172
6697 1375 7945 2945
8504 1480 8554 1798
0 5449 3351 5782
8655 984 8844 6443
855 1598 3695 2553
1224 2553 3564 2939
5841 2945 5965 8844
2674 6425 3496 9156
9099 2274 9416 6443
5459 250 6073 393
947 6690 2215 8560
0 9926 5197 10000
170 6968 947 8451
5720 393 6326 2945
9099 0 9826 2274
3496 5782 3564 9156
3351 2939 3564 5782
5459 393 5720 2945
7668 5477 7891 6100
9886 0 10000 5358
2215 6425 2229 9858
5251 804 5356 10000
2243 2939 3351 4748
5965 2945 6003 8844
1387 2939 1914 5247
6126 3498 7533 6821
8174 139 8891 984
3695 1709 4612 4780
7533 6443 9416 6821
1780 8560 2213 9888
4507 8214 5197 9926
8844 984 9057 6443
2674 9156 4507 9905
6326 984 6697 2945
1914 2939 2243 4748
0 5782 3496 6087
7568 8844 9286 10000
1914 4748 3351 5449
9858 0 9886 5358
9416 2274 9826 7147
7773 395 8174 893
234 1540 3695 1598
5356 9649 7568 10000
7616 7147 9826 7233
6003 2945 6126 6821
6003 7287 7566 7953
8335 8248 9286 8844
4681 804 5197 4780
8560 1375 8655 6443
286 2630 1224 4415
5459 2945 5841 9486
5459 9486 7568 9649
5197 804 5251 10000
6126 2945 7876 3498
0 6425 2215 6690
2674 9905 4504 9926
234 403 4069 804
6697 1172 8655 1375
9286 7233 9826 10000
5841 8844 7568 9486
8335 7233 9123 8245
7553 4237 7668 6092
0 0 8891 139
7945 1798 8560 6443
31 8560 1777 9921
234 1598 855 2553
7668 3498 7945 5477
3564 2553 3695 8214
9826 0 9858 10000
234 814 1915 1079
