5130 9372 7829 9406
2614 7578 3448 10000
5208 4068 8618 4450
3512 1459 9515 1585
1729 0 3512 1590
1685 5610 5171 5789
3843 2768 9089 3048
14 4867 284 9557
0 0 1729 1590
5130 8613 8471 9238
3843 3048 5208 4591
1685 5789 4368 7405
3512 1360 8509 1444
1780 1590 9532 1790
7572 6346 7779 7425
1007 1590 1779 4591
284 4791 9089 4807
9089 4351 9531 4807
1685 7405 4799 7578
3512 1027 9532 1360
2446 1834 3843 4591
284 4955 1054 5663
9467 8092 9855 8388
1174 4935 5171 5591
4612 1834 7474 2421
320 4591 9089 4791
1174 5591 5072 5610
8984 1790 9065 2657
4368 6222 9235 6346
8110 5575 9245 5768
284 5663 1130 10000
1779 3414 1780 4495
9089 1790 9532 4351
9532 0 10000 4935
6337 6346 7572 7578
4799 6346 6120 7578
4986 1 5641 415
2446 1790 8984 1834
1685 7578 2614 10000
5208 3048 6667 3872
9467 7938 9964 8067
3843 2563 8975 2768
320 1590 1007 4591
4408 7227 4790 7394
3448 7578 4612 10000
1130 4935 1174 10000
9279 4935 9467 9372
6120 6346 6337 7578
5171 4935 9279 5575
4612 7578 8826 8535
4368 5789 9092 6206
4681 8613 5098 9638
1780 1790 2446 4591
3512 627 9473 817
85 2258 320 3841
3512 817 9528 1027
1174 5610 1685 10000
284 4807 9532 4935
9467 4935 9963 7578
