1583 0 2034 2011
2710 4186 3302 8128
1186 8128 3194 9783
919 6979 1137 9812
8896 399 10000 2014
203 4186 519 9812
7626 3537 9111 5436
519 6979 919 9812
5099 4687 5295 8045
9111 4173 9291 9323
1137 6979 2626 8031
9291 4173 9761 9323
7861 0 10000 399
6779 9660 7624 9889
7466 0 7626 3833
7774 8459 8847 9323
5899 0 6537 1128
9761 4173 10000 10000
7861 2014 8825 3285
9216 2014 10000 4173
7626 0 7861 3537
7774 5536 9111 8459
4933 9660 5103 9981
137 4186 203 9812
137 2011 2034 3245
2318 4186 2710 6979
7744 5536 7774 9303
2034 0 3302 3245
519 4186 2318 6979
3302 0 3477 9660
1518 9812 2291 9944
5899 3480 7399 4266
5295 7519 7626 8045
137 3245 794 4186
3477 8045 7626 9660
1137 8170 1178 9727
6126 4266 6261 7197
3972 0 5899 4266
9111 2014 9216 4173
7861 399 8896 2014
7626 9323 9761 10000
3477 4266 5161 4517
6267 5065 6304 6612
794 3245 3302 4186
3477 4725 4935 7842
5295 4534 6081 6681
7626 5436 9111 5536
3872 0 3972 3877
8847 8459 9111 9323
0 0 1583 2011
6304 4320 7626 7519
0 2011 137 9812
5899 3150 7102 3361
6304 4266 7399 4320
