5199 2635 6545 3495
6027 819 8566 1964
3239 2692 5199 4849
5199 2573 7254 2635
42 0 126 4905
5199 7812 6049 8202
510 194 762 2338
7975 8900 7994 9085
6926 9281 7384 9712
1307 2338 1730 4240
8566 819 9963 1643
510 2338 982 4240
2386 9263 3983 9724
83 4905 1784 5078
126 0 386 4905
762 906 1730 2338
2846 2278 7254 2419
6545 2635 6626 8227
3045 1964 7254 2278
6654 5176 7945 5226
7151 6413 8396 7090
1784 1068 1984 5078
83 6295 1231 7588
2073 7667 2386 9379
2485 1209 6027 1581
1805 781 3504 965
8978 5734 9547 7479
1288 5094 1953 5717
83 5078 1288 6295
8254 8536 10000 9281
6027 332 10000 431
4735 4849 5199 8227
6654 6413 7148 7103
2485 2843 2808 5446
1730 1068 1784 4240
2809 1581 2846 8341
3239 5973 4167 8341
3045 1581 6027 1964
6654 2635 7254 5176
2386 8536 8246 8900
83 8441 2073 9379
83 7667 2073 8441
8978 7556 9987 8529
8978 2431 9014 4124
9093 1797 9359 2390
9276 2431 9781 3694
7459 4254 9728 4472
1984 1068 2485 5717
2386 8341 8978 8536
4167 5973 4183 8173
0 0 42 10000
2846 2419 7254 2573
2846 1581 3045 2278
9781 1797 10000 7556
387 194 510 3766
3239 5740 4735 5973
4183 5973 4735 8227
6627 2635 6654 6928
7254 2431 7459 4580
386 4240 1784 4905
7254 4580 9583 5103
2402 9893 7384 10000
3983 9338 5059 9471
2846 2692 3239 8341
386 6 5944 194
982 2338 1307 4240
5199 6327 6545 7812
2386 8902 4610 9263
42 4905 83 9323
2485 1068 6027 1209
1441 5717 2809 7667
4167 8227 6366 8326
6626 7168 8617 8341
6626 7109 8614 7168
6027 431 10000 819
1730 1023 5332 1068
7254 1964 8566 2431
3239 5308 4735 5740
6836 91 9885 332
2846 2573 5199 2692
42 9379 2386 10000
3983 9474 6900 9721
8617 6413 8978 8319
3239 4849 4735 5308
2386 9724 7370 9893
762 221 1667 906
5199 3495 6545 6327
2386 7667 2809 8341
1288 5717 1441 7667
7384 9281 10000 10000
