3005 8803 3085 9898
1161 7367 1215 9218
1 0 3340 1090
8945 1800 9245 5321
5883 7684 6726 10000
4360 6750 6696 7223
1215 8803 3005 10000
4658 5472 6726 6750
6265 2542 6910 5152
3183 5152 4658 6750
3340 315 4159 1536
3037 6750 4240 8089
1529 1363 2622 4041
8711 6486 9245 6981
667 2147 755 3156
3061 5686 3183 6066
9245 5405 10000 7800
5227 953 6650 984
0 5686 3037 6203
9414 3811 10000 5405
6910 1800 7770 4129
4658 5321 8084 5460
1529 4512 3183 5686
3091 8803 3921 9393
3091 9529 5883 10000
2898 8370 4360 8803
0 6203 1214 7367
9245 8543 9978 9914
3348 2542 5106 3713
6910 4129 8945 5321
7770 3048 8700 4129
7151 9136 7734 9847
6239 5168 6638 5321
4159 27 5573 363
8711 6981 9245 10000
0 7367 1132 8969
4270 3715 6262 5146
8084 5321 9245 6486
7770 1800 8945 3048
3322 4512 4085 5130
1215 6597 2997 6637
8073 0 9232 1422
2674 1090 3340 4511
3943 1536 9245 1800
6726 8406 7124 8694
3340 1536 3943 2542
9245 7800 10000 8543
3943 1800 6369 2542
5682 0 8073 953
6726 5472 7876 7142
759 2270 1525 3041
4159 363 5682 953
6870 8883 7151 9965
0 8992 1126 9979
4406 7816 4583 8205
5106 2542 6265 3715
5883 7226 6718 7668
4159 1034 4925 1332
8084 6486 8711 7879
3340 3806 3841 4500
4601 7261 5769 9529
8700 3048 8945 4129
8273 9136 8561 9767
0 3156 1529 5686
9313 3811 9414 4880
4159 1332 8073 1536
3340 3 4078 315
9245 0 10000 3811
6726 7879 8711 8406
0 1090 1464 1748
7151 8406 8711 9136
6369 1821 6878 2542
4658 5460 7949 5472
