6005 7342 6445 8077
6015 1656 6836 2805
4459 3963 5346 4006
4459 3106 6189 3578
5634 539 6529 841
9599 2849 10000 4044
5339 9287 6351 9586
1786 4031 4290 4049
6389 2978 8108 3213
4814 243 5338 268
2823 6739 3591 7556
5132 1361 6095 1475
1485 8414 2321 9709
8661 4526 8907 6195
7391 3660 8040 4084
1175 9780 1485 9794
2714 8083 3313 8154
4413 243 4564 960
4915 1585 5178 1656
1485 8334 2314 8414
4397 7342 6005 8077
7870 2524 8939 2676
690 2850 3244 2854
692 6697 2289 6992
4425 9602 6926 9688
7391 4125 8908 4526
1985 5333 2237 6584
3200 348 3966 766
0 7556 1062 8938
4764 841 6529 1361
4566 8706 4614 9152
703 4527 1786 4922
0 3103 1416 3418
6041 6877 9697 6886
9072 5024 9924 5756
3354 5274 3573 6721
5352 8327 6445 8706
8959 243 9912 617
474 3869 692 7001
6148 0 10000 243
4857 4031 5372 4098
4459 3578 6171 3963
2321 8706 3528 9710
1416 3106 3251 3418
4319 243 4407 1308
4955 9172 6428 9233
4145 2951 9072 2978
9199 4044 9946 5024
23 7355 689 7556
41 4994 469 5987
3717 5274 4605 6356
700 7001 2166 7521
9946 4044 9973 8033
0 1310 690 2978
201 708 664 718
9199 617 9709 2639
0 0 2828 402
4319 1656 6015 2005
6753 7342 7265 8174
1161 7556 2196 7929
23 5987 474 7001
1645 1761 2742 1841
9086 8562 9999 9202
6679 4893 8389 5975
2815 4056 3569 4666
9086 6887 9657 8293
4811 9066 5573 9155
2514 612 2828 1501
8424 4653 8608 5627
6505 6589 9924 6877
3251 3106 4459 3869
0 9794 7681 9963
8908 2978 9072 6296
2828 0 3966 348
4145 2005 4746 2951
9391 8308 9892 8539
4266 9172 4425 9620
7265 7566 7596 9493
2237 5274 2823 6525
7507 4545 8424 4893
1029 712 2428 857
6529 539 7572 1361
9072 5756 9918 6250
1485 9712 6953 9758
703 4922 961 6584
8367 1654 8766 2524
8959 617 9199 2805
6389 5975 8333 6265
3313 8077 6445 8327
5338 539 5634 841
3852 5086 4857 5274
8515 9849 8923 9960
7681 7566 7961 9963
1898 5333 1985 5830
7265 7033 8658 7566
9199 2849 9599 4044
690 1761 1645 2440
2032 9963 3430 10000
3464 2005 4145 2854
6445 8234 6619 9115
2828 348 3200 1761
2268 6525 2569 6667
7077 3285 7391 4376
2569 6525 2823 7001
4397 7033 6062 7342
0 2978 1416 3103
0 402 201 1310
9072 2951 9199 5024
9709 617 9882 2511
6062 7103 7149 7342
9924 5398 9946 5490
2823 5274 3354 6739
3572 4302 3760 5120
702 4031 703 5964
765 6584 2063 6687
8389 4893 8416 6255
703 4081 1716 4527
9912 1036 9988 2746
3326 7556 3997 8066
5460 6589 6480 6875
5338 243 7928 539
8885 6353 9559 6589
23 7001 150 7301
1759 2982 6157 3106
3966 243 4319 1394
4605 5274 4823 6212
7961 7566 8167 9049
8766 243 8942 2384
5460 5781 6164 6513
9666 6887 9924 8303
4397 6887 9086 7033
9199 2639 9912 2849
1786 4049 1874 6584
6445 7342 6680 8234
6714 8228 7199 8966
7477 1520 7682 2725
6189 2978 6381 6549
8367 539 8766 1654
4746 2805 9199 2951
4811 8706 5929 9007
0 3418 469 4078
3898 4254 4277 4358
4572 243 4764 1361
3200 766 3966 1394
3593 6887 4397 7002
8515 7584 8652 9569
4011 7556 4383 8074
4425 9172 4940 9477
5460 4201 6026 4253
1645 2005 3244 2440
7928 243 8766 539
3591 7003 3676 7509
3334 2005 3464 2714
7682 1520 8367 2524
6389 3285 6669 5645
692 3869 4459 4031
8531 2978 8901 4124
6836 1660 7032 2805
7770 2737 8959 2792
7 4343 23 4630
1485 9710 4747 9712
961 4922 1786 6584
474 3418 3251 3869
3200 1394 4319 1761
7572 539 8367 1520
8172 3398 8456 4125
3966 0 6148 243
7036 1520 7477 2795
9086 9202 9167 9781
1079 8242 1484 9060
4605 8327 4894 8651
1874 4049 2237 5333
8658 7033 8865 7806
4746 2005 6015 2805
2237 4049 2815 5274
2815 4677 3572 5274
690 2854 4145 2978
690 2440 3244 2850
4344 4031 4857 5086
6389 6296 8744 6586
