3188 3466 3639 3782
839 4048 1802 4505
3142 8303 3378 8874
5210 8560 5981 9482
116 1240 404 2679
5601 1499 6716 3601
1908 735 5980 1240
3816 3347 3858 7325
1623 8876 3312 9241
116 7346 3403 7607
5980 669 6746 1476
938 1480 3373 1967
8599 6281 9376 7985
3411 9545 3770 9893
454 4605 720 7346
3892 31 6203 273
9387 1760 9989 2140
9387 669 9855 1692
499 1476 938 2681
3845 9545 4822 9883
5601 3648 6438 4549
8716 669 9345 2275
1597 7607 3403 8303
3412 1476 3669 1962
2389 5803 3084 6471
116 7680 1027 7745
5980 542 8894 669
4386 307 5330 694
660 7745 1249 8862
1371 5262 1599 7346
1599 5262 2384 7324
3858 3347 4907 4239
3858 7968 5981 8560
6746 3035 9387 3648
1908 78 3591 720
3858 4239 4492 7968
1623 9255 2975 9460
4492 6832 5564 7045
8798 8013 9957 9490
7293 6974 8599 8013
723 4571 1362 7343
3403 4571 3516 7876
116 8862 1249 9641
2389 5285 2981 5800
7772 1647 8368 3035
2107 2681 5601 3347
938 1967 5601 2681
8368 2502 8838 3002
4907 3347 5525 6832
8599 3648 9357 4037
116 7745 660 8862
3114 5262 3398 7303
116 2681 2107 4048
1249 7607 1597 9641
6438 3648 7293 9482
5601 4549 6219 6707
1597 8303 1615 9877
7293 5431 8582 6974
2107 3782 3552 4528
8798 9601 9932 9999
7293 3648 8596 5327
6294 6293 6435 9086
1623 8303 3129 8828
1978 1240 3957 1388
3663 3782 3813 9397
9473 2160 9967 6022
1371 4571 2688 5192
6773 669 7772 2931
9912 273 9994 1677
5525 4744 5564 5535
4399 1499 4649 1945
4492 4239 4907 6832
3858 8560 5210 9482
6296 4549 6438 6242
9387 2160 9443 3941
0 0 62 10000
7772 728 8027 1647
8599 4074 9385 6262
8368 669 8663 2031
3669 1476 6742 1498
8539 309 9790 503
1623 9482 3411 10000
5330 273 5980 735
4845 9482 8448 9871
7293 8013 8798 9482
4492 7088 6294 7968
3487 9487 4676 9545
62 9641 1597 10000
3411 9897 8119 9988
62 0 1907 424
116 4048 451 7330
62 425 116 9641
1172 591 1380 1057
5981 7968 6264 9179
