753 65 2837 235
4377 2986 4992 4365
144 5648 3697 5817
144 5332 800 5646
1392 1224 2952 1925
1168 5215 3285 5610
5310 2398 6659 2986
2315 6687 3822 7092
1392 904 2952 1224
7761 3798 9056 4356
2518 8301 3378 8893
8637 9217 9757 10000
9757 7289 9874 9526
7761 3723 8459 3798
2952 1589 4878 1925
8899 7289 9091 8028
1223 6734 1250 7835
6745 3414 6934 3858
8322 5572 8787 6668
7045 3858 7761 4333
5485 5572 6179 6056
4012 4365 4323 6635
9742 3932 9830 5012
8787 5572 9897 5997
3588 3135 4177 3795
6960 1452 8967 1586
1757 8357 2518 8813
6610 1452 6659 2071
6953 7289 7500 8657
6934 3350 7761 3858
2300 8893 2710 9420
6391 4477 7578 4955
3129 678 7248 777
0 7555 790 7812
8176 7559 8267 8557
6398 9520 8637 10000
5485 5462 8436 5572
7368 5572 8322 6668
2315 7093 3753 7252
1487 6687 2315 7805
349 1925 646 5095
7368 6668 8651 6785
5824 2986 6305 3336
144 6734 1223 7555
3378 8301 6953 8657
0 8893 2275 9497
5485 7685 5926 8028
4992 5391 8436 5462
2197 2398 2843 2780
2672 420 10000 678
4878 1589 6396 2049
4323 5462 4514 7256
5485 6056 5970 7685
1534 9498 2243 9940
7983 6936 9884 7288
4992 2986 5519 3315
7761 2986 9484 3573
3728 4365 3993 5380
0 0 144 7555
3378 9520 6398 10000
4953 5804 4990 6355
666 65 753 1317
3588 2398 5118 2986
6327 3858 7045 4333
0 7835 1164 8297
2837 65 6189 208
5201 8657 7780 9238
9831 3276 9839 3829
4992 3350 5753 4935
7240 1586 7405 2362
2843 3582 3588 4146
4514 5462 4936 7256
2843 4146 3588 4365
8436 5280 9537 5522
9056 4391 9462 4567
3290 4496 3501 5023
4878 2049 5754 2398
658 1754 1392 1925
4936 6355 5485 8028
4992 5280 8436 5391
7500 7289 8176 8657
9505 3844 9572 4233
3588 3795 4177 4365
3378 8657 5201 9520
144 5095 641 5295
8787 5999 9912 6660
753 235 6726 420
9122 1465 9488 2986
3824 7060 4303 7213
3824 6635 4323 7060
1168 1925 4878 2398
7780 8657 8637 9520
5772 3350 6132 4881
940 570 2563 793
9841 678 9916 5572
1250 6177 2761 6417
8275 8104 9646 8562
6179 5572 7361 7178
6726 65 10000 420
144 6169 1250 6734
7314 2371 9063 2983
1250 6417 3824 6687
1250 8160 2283 8301
1716 2887 2814 4218
144 5817 3824 6169
5201 9238 6494 9517
5754 2121 6217 2376
4992 4967 8758 5280
6327 4333 7676 4476
4496 4365 4992 5462
144 0 10000 65
6396 904 8643 915
4177 3721 4328 3936
2315 7256 4936 8301
753 793 1392 1754
4348 4365 4496 5358
1168 2398 1713 5209
1392 793 9841 904
5970 7289 6953 8301
7418 7108 7983 7289
7548 2986 7761 3350
6188 3858 6327 4601
6305 2986 7548 3350
8874 4963 9741 5280
7761 4356 9056 4963
4936 8028 5967 8278
2952 904 6396 1589
9916 678 10000 10000
9043 904 9841 1451
1250 6687 1487 7805
8637 8657 9757 9217
5970 6229 6171 6954
3623 2993 4377 3135
3856 5825 4012 6512
6396 915 8752 1423
800 5332 1168 5646
646 1925 1168 5332
2843 2398 3588 3582
144 65 349 5095
349 65 658 1925
5118 2398 5310 2986
6659 1586 7240 2986
