5938 7996 6412 9377
249 8348 765 8522
6016 749 7582 1747
5318 4037 5446 9213
3945 1905 5738 3412
8344 749 8947 1747
0 3408 3921 3412
0 3121 3945 3408
9774 2357 9794 6210
3016 8458 5270 8815
1986 8323 2437 8324
73 7048 218 7536
0 8522 1323 10000
7566 2895 7823 3001
341 4037 1832 6209
6016 0 9843 186
7823 2895 9339 3039
6543 2895 6616 7972
2532 906 5149 1031
7266 9412 8557 9682
2603 4037 3016 8815
7085 6678 8856 8217
1323 8815 5270 9647
6016 1747 6412 7996
665 244 803 2310
6664 4725 8461 6176
1747 244 2871 906
0 3412 1723 4037
3016 4360 4739 4644
942 244 1747 2837
5765 8517 5938 8914
1832 4037 2603 5226
6016 186 9774 749
8649 4677 9676 5940
1323 9805 10000 10000
218 6209 2603 8323
1723 3412 5738 4037
6412 2895 6543 9412
7085 6176 9675 6624
6412 1747 9339 2895
1323 8324 2448 8763
2059 1905 3530 2978
0 0 5738 244
3196 5201 3954 8458
3017 5656 3196 8038
2059 1163 5738 1905
6664 6176 7055 8699
3954 7874 4786 8458
1323 9658 4417 9805
3016 4644 4786 5201
320 4037 341 4966
1763 1163 2059 2575
6924 9033 7786 9363
9339 749 9774 4677
5270 4037 5309 9550
6822 3451 8320 4597
4134 9647 4897 9651
6664 3039 9328 3450
9711 4677 9771 8921
8947 749 9339 1653
255 1562 275 3121
8320 3451 9337 4676
2871 244 5738 906
2099 5226 2439 6085
7085 8217 8890 9033
8890 6625 9711 9033
5738 0 6016 7996
5446 5317 5716 8252
4786 6295 5243 6716
3954 5201 4786 7874
7582 749 8344 1747
9843 0 9980 4690
