9524 4760 9962 5341
8235 3012 8958 3409
8958 3012 10000 3928
4585 1108 5401 3018
3169 7884 3759 8907
3759 7884 4727 8907
8235 1421 8598 2618
1046 8879 1645 9694
0 1108 1455 2768
7045 5582 8768 6510
4727 7236 5675 8060
7331 3409 8112 4366
1455 2539 1973 2816
5712 7366 6286 10000
9482 5582 9799 8071
4429 3747 4926 6693
5403 5210 6097 5559
880 53 1211 120
6286 7366 6725 10000
849 7688 2210 8879
6208 444 6673 1268
7045 7946 8284 8525
2094 1108 4585 2083
0 2768 326 9837
5712 7236 6902 7366
6208 4476 7795 4729
718 4816 2794 6712
0 387 6577 444
7045 6510 8598 7757
4928 3739 6130 4749
7055 9328 7868 9984
7542 4760 9524 5582
8768 5582 9323 6011
2657 3018 6208 3739
460 6795 849 9344
7266 0 8615 1401
8609 6762 8725 7899
5401 1198 6208 3018
371 2768 1418 4550
6208 1268 6673 4383
5401 444 6208 1198
2657 3739 3230 4816
3230 4923 4429 6795
0 9837 2102 9938
8112 3928 10000 4760
0 444 5401 1108
8235 2742 10000 3012
3169 8907 5712 9837
8768 6013 9482 10000
9578 0 9747 1733
849 7236 2210 7688
8112 3409 8958 3928
6097 5210 7542 5582
849 6795 4928 7236
1455 1108 2094 2539
1455 3018 2657 4816
6673 120 7266 4383
2210 7884 3169 9837
7266 1401 8235 3409
8615 0 9578 2742
5322 4995 6845 5210
2094 2083 4585 3018
4928 4760 5316 7170
3230 3813 4131 4923
6725 7366 7045 9328
5322 5582 6935 7202
2210 7236 4727 7884
7099 8609 8598 9316
