3028 4814 4334 5399
2243 2283 2452 3071
2189 4875 2248 5739
2730 3207 4308 3892
5712 6400 6739 6933
6612 0 7252 678
5710 9053 6473 9604
1729 8170 7169 8581
5258 3418 5563 3989
8537 5426 9144 6264
151 1543 2865 1758
3317 1758 4603 2394
0 649 151 9495
0 9572 3335 9937
6612 690 8984 707
151 649 1026 1543
5531 2544 6190 2723
5531 688 5675 1851
3028 5399 4329 5496
4603 2723 5258 3900
5918 6117 7802 6400
6680 1963 7102 2467
6160 21 6612 688
7205 6400 7613 8251
508 8209 1061 8883
9144 6039 10000 6264
7287 2780 7358 3141
6612 1287 8515 1800
2730 3900 3028 5632
7886 2839 8016 3153
6473 8581 7098 9453
9838 5031 9975 5426
1383 6236 2730 6934
2351 6934 2730 7104
8736 7488 9833 8053
5708 1572 6476 1804
9174 3775 9834 4140
7392 4209 7429 6117
4323 3642 4531 3830
2730 6885 3158 7156
3603 5860 5302 6521
3712 9407 5039 9539
5302 7117 7169 7392
9728 8835 10000 9975
4334 5067 4883 5859
6140 3418 6252 4167
7613 6400 8117 8803
8316 4381 8537 8803
1086 8850 3520 9058
2730 5632 4334 5860
1163 4875 2186 5843
6252 3667 7429 4209
2556 1758 3317 2394
0 0 1026 649
8836 707 8985 1274
6259 4209 7009 5111
8537 7339 8694 7920
3603 7079 4997 7392
3235 5860 3603 8170
2556 2851 2711 3130
741 4875 1163 5808
7114 3153 8056 3667
9858 0 10000 2133
5712 4209 6259 5460
3638 7479 3948 8008
6259 5111 7009 5602
1629 28 2238 788
5918 5602 7009 6117
1026 788 2865 1543
4518 8850 5176 9314
151 2643 449 4358
1318 7156 1729 7409
7429 3667 9742 3775
1806 7761 3235 7839
9144 5426 10000 6039
8947 3018 9742 3667
5258 2723 5509 3342
2865 788 3404 1736
4334 4814 4884 5067
8781 0 8887 447
6914 9700 8306 9975
4884 4814 5712 5860
449 4875 552 8209
1086 9193 3564 9465
6612 707 8534 1265
151 5764 449 7294
8537 6264 10000 6350
2253 4875 2693 6236
7429 3775 8537 4381
1086 8647 5060 8801
8751 8835 9383 9975
254 7294 449 8209
9834 3018 10000 4909
6756 1804 9858 1959
1026 0 1627 785
7802 4381 8316 6400
7009 4209 7392 6117
0 9495 2740 9569
9045 8812 9224 8835
5230 8850 5695 9899
175 4862 449 5764
5726 3418 6012 4209
886 3458 1951 3905
1561 5844 2253 6236
9383 8835 9728 9975
1951 1758 2556 2283
9729 2709 9996 2933
178 7520 254 9357
1951 2283 2209 3905
8172 2034 8603 2133
3603 7392 3638 8164
8985 0 9595 1796
4997 6521 5302 7392
3028 3900 5258 4814
5708 1804 6680 2468
8537 6350 9966 7262
7134 1963 8056 2519
449 4342 2209 4875
8117 6400 8316 8803
291 8209 358 9422
1612 2652 1945 3458
8537 8090 8736 8803
2693 3207 2730 5630
152 1758 1951 2643
6462 2478 7114 3077
449 3905 2209 4342
449 2643 1612 3458
6473 9526 8747 9682
8710 2133 9729 3018
8537 4201 9834 5426
3042 5557 4305 5632
1086 8581 5985 8622
3638 7392 7169 7479
4603 0 5531 2723
3405 849 4385 1250
2209 3207 2693 4875
4011 6700 4940 7079
449 3458 886 3905
2556 2394 3389 2851
9742 3018 9780 3773
5712 5460 6259 5602
7169 8803 8751 9526
1125 5844 1383 6758
552 5844 864 8199
8056 2133 8710 3018
5302 5860 5712 7117
7429 4381 7802 6117
0 9975 10000 10000
8056 3018 8947 3667
5712 5602 5918 6400
864 5844 1086 7458
3389 2394 4603 3207
