0 4426 10000 4449
0 3972 10000 4019
29 2036 6583 2175
0 7806 10000 7835
0 6076 10000 6121
0 6673 8707 6765
0 9599 9990 9726
0 8918 9749 9049
0 1131 10000 1134
0 3484 9249 3614
0 9054 7652 9069
0 8091 9901 8168
0 9302 10000 9334
5821 431 8284 488
0 4531 10000 4564
0 708 9978 745
0 559 10000 579
0 4725 10000 4973
0 8168 10000 8348
0 6310 9245 6403
0 5197 10000 5260
0 3313 10000 3408
0 3133 10000 3201
0 4379 10000 4426
0 3617 9026 3647
0 3201 10000 3293
0 5617 6684 5681
0 2964 10000 3030
0 6186 10000 6216
0 6537 2951 6602
3846 2261 5575 2557
0 3647 9912 3853
0 9137 10000 9261
0 8425 9081 8510
63 9115 8641 9137
0 2725 10000 2863
1324 3854 7702 3873
0 4482 10000 4531
2057 9459 2522 9599
0 8708 10000 8918
0 4155 10000 4379
0 0 10000 78
0 9073 2312 9115
0 5599 10000 5617
0 4019 10000 4155
3030 7549 3148 7712
0 5260 7662 5351
0 8510 10000 8524
0 1134 10000 1161
0 3293 10000 3313
0 236 10000 308
0 753 7068 800
0 5701 9001 5752
0 802 9175 843
0 7948 10000 7980
2793 9340 4309 9452
1854 6859 6048 7125
0 5986 10000 6034
0 488 10000 524
0 9261 10000 9302
0 7887 10000 7948
0 2863 10000 2964
0 4973 10000 5084
0 1677 8820 1749
0 7835 10000 7887
0 5853 10000 5908
0 1321 3343 1367
0 8699 9730 8707
0 2614 8184 2725
6535 3408 8346 3443
0 8524 10000 8537
0 4577 10000 4725
0 9334 5422 9335
0 4564 9984 4577
0 6234 7917 6292
3488 6216 7962 6234
0 6772 3889 6809
0 78 10000 118
0 4449 10000 4482
0 1472 5659 1670
0 5084 10000 5197
89 7980 3148 8072
0 9903 8644 9962
0 6034 10000 6076
0 1750 8138 1787
0 3914 10000 3972
201 1807 8180 1936
0 3873 4523 3914
0 8537 10000 8556
0 6121 10000 6186
4862 5558 6755 5599
0 5908 10000 5986
77 8348 844 8405
0 6403 9288 6520
0 3030 10000 3133
0 524 10000 559
1408 2176 6718 2259
2398 849 6012 966
5575 2289 7333 2613
6115 7054 8694 7061
0 579 9914 590
0 7222 6781 7366
0 991 9437 1131
0 7787 9233 7806
1981 5791 9643 5853
0 8556 10000 8699
1854 5357 4886 5491
0 118 10000 236
0 1161 3362 1271
0 590 10000 708
6682 308 9336 381
0 9726 9423 9890
