7503 7953 8335 9277
5944 7963 6892 8810
4311 1483 5752 1660
1913 659 1984 5449
5405 7912 5944 9559
1874 6153 7551 6403
7864 2882 7915 3629
9859 5296 10000 9277
21 649 234 3071
1874 6403 7692 6675
8322 6114 9093 6415
1240 1291 1363 4380
1363 1291 1913 4477
3672 820 4311 1682
4168 7912 4402 8939
643 5953 8697 6090
6892 7953 7122 8680
7837 6519 8226 6822
8452 70 9099 391
2826 5088 7392 5499
6697 866 7988 1152
6981 1483 8149 2882
8342 1723 8554 1798
1987 5581 6032 5909
7915 4563 8697 5953
2478 820 3672 3243
1987 1596 2478 3404
5944 7201 6892 7963
2281 6760 4168 7857
8149 1798 9321 2882
5394 86 5680 393
947 6760 2281 8451
0 9926 6404 9997
170 6968 947 8451
4117 393 7206 820
9647 820 10000 5296
3132 7857 3530 8441
2478 3243 6363 3404
5365 1682 5800 3243
7806 3917 7895 5478
9249 0 9997 820
2228 9340 2905 9411
1987 3499 7864 3629
2826 4513 7696 5041
5944 6798 6501 7201
643 4477 1913 5449
2688 3629 7806 4513
7356 393 8880 811
3672 1682 5365 3243
8335 6498 8699 8554
0 8939 2061 9218
4402 7912 5405 8939
8697 4563 9321 6114
0 9559 3869 9917
5843 1486 6363 2945
1987 3629 2688 4513
643 5449 1987 5953
9121 6114 9647 9277
1987 4513 2826 5581
9680 5296 9859 6138
9321 820 9647 6114
8149 820 8647 1221
2056 1034 2418 1596
4400 9559 6698 9918
9647 6236 9838 7233
1987 3404 6981 3499
6892 6676 7707 7953
8335 8555 9121 9277
4311 820 6697 1483
8149 1284 9290 1720
736 984 1224 4415
4168 6760 5944 7912
6703 9559 7503 10000
0 6676 5944 6760
6363 1483 6981 3404
688 6180 1874 6676
0 9919 5490 9926
2478 0 4117 820
6697 1152 8034 1450
7503 9277 10000 10000
5944 8810 7503 9559
8727 6498 9121 8522
0 6090 8697 6114
0 0 1913 649
7915 2882 9321 4563
0 8451 3530 8939
320 649 643 2565
6981 2882 7864 3499
3530 7857 4168 8939
9647 7297 9858 9186
1224 649 1913 1291
