8994 1425 9142 3574
8873 3574 9309 4747
3866 4188 6147 4808
4745 943 5219 2152
965 1059 2205 1404
3573 4188 3866 4808
5672 943 6158 2036
154 7649 785 8732
154 6628 291 7536
3142 6124 4342 6830
1869 6044 2529 8843
0 6044 154 10000
6742 2319 7032 3556
7759 3293 8902 3549
8058 4462 8096 6291
5020 4808 5143 6346
0 0 473 2683
7759 3574 8066 3684
3498 4808 4472 5072
5054 6557 5525 8062
7649 668 8502 2319
8104 3617 8873 4881
2863 6830 4969 7661
4969 9422 9219 9555
4342 6172 4909 6738
9478 2262 9649 7585
2211 590 2863 1554
490 590 1931 1055
5020 9157 7493 9422
8775 4881 9456 7446
2314 2826 2700 5789
8104 8052 9219 9035
789 9494 2338 9503
8446 4881 8774 6880
8738 0 9012 253
5178 4867 6145 6545
789 9050 3444 9490
2700 1554 2863 9050
5178 4808 5938 4867
9649 2262 9690 4375
5969 2039 7578 2318
299 6351 1869 6999
870 9842 3466 9990
3498 3554 5280 4188
1112 8843 2700 9050
7493 8489 7850 9422
6044 3240 6147 3959
6865 3556 7012 4093
4262 9566 7860 9628
3442 590 3789 2292
8104 7650 8801 7952
8565 9555 8626 9878
7759 2319 8994 3290
8446 7585 9845 7607
7649 0 8738 668
3498 4188 3572 4805
610 1641 965 2647
0 4810 2280 5780
4970 5107 5020 8945
965 1404 2211 1942
5280 3554 5995 4188
4745 185 6620 943
1475 6999 1869 7183
0 5789 1941 6042
2863 590 3442 3554
154 9050 789 10000
7032 3960 8104 4462
3479 7661 4262 9494
8104 4881 8357 7650
7889 7487 7999 8619
785 7649 1112 9050
9162 0 9478 3096
2211 1554 2700 2826
2863 7661 3479 9050
4556 2319 6742 2838
6742 3556 6858 4402
2863 5107 3142 6830
9219 8083 9928 8329
8502 668 8976 2273
2863 3554 3498 5107
965 2826 2314 4245
2529 6044 2700 8843
1786 4245 2099 4680
3142 5499 4969 6124
9478 0 10000 2262
8357 6099 8428 7633
154 8732 785 9050
1956 5795 2698 6044
5020 8064 5490 9157
563 6071 1160 6351
6809 0 7649 2037
3660 3544 4597 3554
4262 7661 4969 9555
6147 4927 8058 5609
3442 2838 6742 3240
965 1943 2179 2780
7741 9628 8565 10000
7850 9035 9219 9422
5525 6557 7850 8489
7032 2319 7759 3960
3442 2292 4556 2838
544 7061 1081 7649
6158 943 6636 2006
789 9806 4248 9835
4262 9628 7741 10000
3789 590 4556 2292
5221 943 5586 2094
3142 5107 4969 5499
0 3219 490 4810
5637 8489 7216 9056
6147 5609 8058 6557
6147 3240 6742 4462
490 0 4556 590
4644 1585 4745 2319
6147 4462 8058 4927
