5130 9339 7829 9373
2964 7578 5030 8618
4980 4068 9182 4378
8605 777 9684 1478
2632 415 3353 5148
2421 5148 3276 5894
5965 2412 8581 2978
0 7392 425 10000
0 0 964 3381
5130 8769 9338 9265
3778 3708 4970 5537
0 6518 5128 7392
6593 1360 6992 2412
4980 1360 6544 2380
6826 6415 7573 6714
964 0 2632 2201
6866 4702 8449 4792
8779 4401 9446 4703
1766 7392 4716 7578
3353 1027 8605 1360
3353 1360 4980 2767
6 5148 426 6446
9338 7501 9532 8093
426 5148 2421 6186
6992 1360 8592 2410
0 4495 2632 5148
3778 5575 5835 5611
8982 1478 9033 2855
5128 6186 6009 6871
9018 5575 9245 6540
425 9086 2579 9663
699 4494 1780 4495
9033 1478 9882 2819
6564 2986 9950 3682
7338 6714 9298 7530
426 6186 5128 6518
4986 1 5641 415
8605 1478 8918 2405
1766 7578 2964 9086
4980 2412 5804 3871
9635 8060 9936 8273
3778 2767 4938 3674
329 3381 2632 4494
4734 7392 5116 7559
2579 9086 5130 10000
425 9663 1206 9949
8862 9265 10000 10000
6136 6714 7319 6942
4980 4792 9001 5486
5128 6944 7338 8769
3353 5613 6896 6169
3013 8881 5098 9086
964 2201 2632 3381
5417 415 7534 950
0 3381 329 4494
3353 415 5417 1027
425 7392 1766 9086
3353 2767 3775 5607
9591 4401 9963 7925
