3450 5410 4101 6911
7748 5223 8352 5578
3496 1646 5794 2816
2598 5389 2709 6883
5845 6371 6444 7911
0 5097 357 10000
6875 8341 7482 8359
4077 9739 5888 9750
3000 4506 3312 4964
6262 2682 6314 4015
3618 9298 3731 9896
1015 3799 2442 4477
2469 7005 2512 9691
262 2344 761 5097
5869 89 6107 222
1015 4477 1143 6414
723 7236 2469 7982
5173 588 6107 1646
3919 7135 4962 7911
4173 3555 5653 4068
9688 4931 9819 5809
2759 8026 4077 8238
6564 68 8339 303
1187 9302 2048 9456
5873 8945 6142 9709
1500 974 1557 2341
0 3618 262 5097
262 518 891 804
3496 2902 5339 2968
1354 7046 2031 7236
0 68 262 3618
1015 2636 1485 3358
804 8583 2440 9284
7824 303 8339 1617
6464 7407 8317 7902
0 0 10000 68
3588 7548 3919 7911
357 5097 884 6414
3000 1286 3200 3793
8339 1034 10000 1617
8278 2229 9676 2537
8379 4343 8549 4916
8278 1990 8925 2220
4354 4506 4909 5410
6331 9338 9346 9697
6444 6371 7748 7407
2312 1286 3000 3393
5699 3712 5914 3915
6564 501 7048 1833
4101 5410 5447 5629
4962 6049 5845 7911
8519 6090 8923 8341
7748 6966 8264 7363
357 9390 721 9875
1324 4918 2593 6837
2512 7135 2545 9913
6263 68 6316 2533
3200 1286 3496 2988
6107 68 6262 1646
6564 1833 7378 4327
1557 2171 2312 3393
2793 3799 2950 4446
8923 6996 9867 7413
1491 68 2907 402
8278 2537 9782 3771
8339 68 9198 1034
7378 1833 7672 2747
3391 3220 4172 3793
2556 7920 2759 8005
8379 5626 8776 5838
7693 303 7824 3771
5094 8026 5964 8945
1377 9715 2036 9861
3200 2988 3994 3156
2759 7911 8519 8026
4296 4327 6497 4486
4296 4068 6316 4327
3000 3793 4173 4068
5692 4688 5713 5775
8923 6090 9867 6996
5845 6192 7455 6371
1143 5507 1280 6208
408 7005 723 9352
3431 5009 4265 5306
8317 6090 8519 7911
7455 3068 7601 4162
4173 3038 5663 3529
884 2344 1015 6414
5964 8026 6331 8945
761 2344 884 5097
2545 8732 3730 9283
3000 4068 4296 4506
7693 3771 8508 4336
7748 5578 8379 6090
5845 5775 7293 6166
6331 8026 8519 8341
723 7982 2469 8583
891 518 1015 2344
1015 518 1491 2636
4329 588 5173 1394
2907 68 4198 974
7048 501 7693 1833
2861 4477 3000 6814
8379 5838 9688 6090
3731 8238 4077 10000
4198 222 6107 588
6316 68 6564 4327
4198 1407 4956 1622
3312 7010 4223 7135
262 804 660 1938
6598 313 6950 501
660 804 891 2344
1557 974 3496 1286
729 8608 804 9467
8923 7777 9867 8503
4101 5775 4962 7005
4962 5775 5845 6049
4909 4693 5566 5067
4077 8026 5094 8310
262 1938 660 2344
9018 1617 9649 2125
1491 402 2907 974
8565 3771 9782 4927
7378 2858 7453 5268
1143 4477 2706 4914
1015 3393 3000 3799
3431 4506 4354 5009
3496 974 4198 1646
1557 1358 2266 2171
4077 8310 5094 8945
497 6414 1324 6531
8923 7413 9867 7777
6331 8503 9822 9335
9198 68 10000 1034
723 9467 2469 9715
7463 4343 7748 6081
9782 1617 10000 4927
5915 1646 6262 4045
7824 1617 8175 3651
9157 4927 9634 5334
262 107 859 518
9867 4927 10000 9739
