7646 8533 9228 8798
9436 4701 9931 7253
3631 4117 4387 6533
6583 5351 7372 6518
7622 5104 8385 6950
9436 1759 9445 3741
5249 0 5300 3746
259 1521 575 7752
1221 1837 2893 2420
7449 2566 8379 3583
5441 1631 5740 3816
998 9217 4310 9261
8385 2294 8614 6505
3714 1709 4297 2158
7791 1786 8027 2174
7030 2566 7414 3841
3862 6533 5333 8131
6186 451 8587 1189
5333 6950 7446 7236
7195 1243 7343 1631
1221 2840 1770 3071
4387 5495 5024 6533
780 4117 832 5094
681 8781 5501 9217
6650 9085 7310 9672
1228 5872 1675 7076
6270 105 7844 445
5333 4117 8385 4391
7414 2566 7444 3565
8693 4049 9240 4351
9932 102 9978 5724
9228 8131 9932 8429
8907 4351 9379 7254
789 6326 1228 8367
998 9261 3999 9430
3500 4117 3631 5654
0 338 681 1521
1675 8186 7676 8355
4567 0 5249 3654
575 1521 681 9727
8811 3372 9345 3900
3714 3654 4877 3763
5793 4391 6583 6518
3092 1225 4326 1709
5853 2597 7030 3648
7414 3638 8385 4117
3092 1709 3394 3070
780 338 1221 3841
5381 1631 5441 3478
5333 6518 7372 6950
5307 1189 5725 1512
8542 1222 8693 2201
3379 332 3707 1225
8697 4351 8907 7084
2620 6533 3007 6870
7310 8798 9010 9871
1675 7672 3862 8131
2351 6879 3209 7672
9228 8429 10000 9871
4428 4322 5333 4969
2058 6879 2351 7672
5333 7254 9929 7853
0 0 997 338
1228 7076 1675 8533
7372 4391 7622 6950
6321 8533 7646 8798
7622 4391 8385 5104
13 1521 259 9533
1675 8355 7676 8533
2351 338 2508 904
259 9871 10000 10000
5301 28 9596 102
5024 5014 5330 6091
1675 8131 9228 8186
6583 4391 7372 5351
4050 8570 5018 8747
9445 1051 9811 1782
1221 2420 3092 2840
4326 1225 4567 3654
4387 5015 5022 5495
3714 3232 4258 3237
849 4117 2620 4839
5333 7907 8164 8124
3209 6879 3862 7672
7030 1786 7642 2153
997 0 3131 338
5501 8533 5606 9181
1221 338 2155 1622
9379 445 9436 7177
7030 2195 7928 2412
259 7752 575 9871
780 3841 7414 4117
780 5195 2620 5872
575 9727 6321 9871
5333 4391 5793 6518
998 9505 6257 9608
4311 9221 5272 9261
2180 1225 3044 1658
681 338 780 7424
998 9611 3058 9621
1228 8747 5281 8781
681 9217 992 9621
1675 5872 2620 6879
1864 2840 2968 3084
5742 1631 8385 1786
1693 6879 2058 7660
1221 3085 3714 3841
849 4839 2620 5195
9010 8798 9223 9802
681 9621 6321 9727
7676 8186 9228 8533
