3177 2879 6460 3253
6569 332 9300 1264
3177 3253 5164 4835
6415 1566 6541 2585
0 3200 443 4131
5199 7812 6049 8202
710 1363 1316 2310
7993 8850 8012 9035
6623 9151 7025 9642
1480 332 1783 2916
6569 1264 8835 1772
461 3200 1479 4108
2508 7360 2905 9379
829 5053 1306 5675
0 1363 398 3200
0 0 1013 1363
5336 2271 6415 2867
6239 6157 6546 7635
2960 1703 5336 2285
6099 5176 7390 5226
6961 5971 7984 6795
1480 2916 1877 5053
187 5053 787 7527
1877 8448 2501 9342
2960 1120 5336 1703
1805 781 3504 965
8801 5734 9370 7479
1306 5053 1877 5779
799 5779 1877 7262
7384 9035 10000 9448
9300 332 9640 1494
4735 5176 5199 8227
6546 5971 6960 6794
1877 5142 3177 5741
1783 965 1876 2839
2508 5741 3153 6133
2508 6251 4735 7360
5336 1120 6415 2271
6569 2104 7157 5174
3281 8590 7993 9035
82 8441 1877 9379
82 7566 1854 8441
8801 8228 10000 9035
7321 2461 9014 2497
9300 1561 9630 2039
9640 332 9884 2946
7314 4144 9583 4362
1877 1120 2505 5142
7993 5370 8427 8342
3591 6190 4168 6251
0 5053 82 10000
3177 2285 5200 2635
2508 1503 2960 1813
9885 194 10000 8228
398 1363 710 2412
3177 5176 3644 5935
3281 7360 4735 8227
6546 5266 6749 5837
7162 2104 7314 5164
461 4112 1480 5050
7314 4362 8617 5176
5754 9719 7384 10000
3892 9202 4424 9471
2505 2285 3177 5142
1013 18 6950 194
398 2412 1321 3095
5199 5266 6080 7810
2905 7360 3281 9479
82 5053 169 7135
3010 965 6321 1120
1877 5741 2508 7826
5186 8227 5919 8524
6546 6795 7993 8590
8439 5561 8512 7168
1783 332 6520 667
1877 965 2995 1110
6569 1846 8972 2104
3808 5176 4735 5896
4482 196 9885 332
3177 2683 4935 2844
82 9379 2905 10000
2905 9493 6093 9719
8617 4362 8790 8339
3177 4835 5164 5176
2905 9719 5754 10000
1013 194 1480 1363
5164 3253 6569 5176
1892 7826 2406 8416
799 7262 1876 7545
7384 9448 10000 10000
