9088 1189 9404 2492
4010 8962 7062 9426
6838 4714 7796 5871
7110 2505 7613 2772
8558 8962 9281 9992
7210 9114 7796 9683
0 5194 2820 5730
2463 439 2573 997
8352 2446 8425 2667
7210 8962 7792 9114
3160 439 4061 676
8629 5011 9282 5406
9283 6407 9490 6768
9629 5241 9867 7414
2831 4252 3070 8461
9281 8962 9681 9992
6443 1935 7726 2505
7820 4540 8973 5011
7797 8962 8558 9683
4159 1546 6026 1896
7759 7414 9681 7564
5798 2818 6215 3158
3063 2505 3226 4213
7431 6117 7820 6435
93 9876 792 9992
2820 2998 3061 4187
1356 1047 4085 1189
9282 2492 9867 5241
6037 1546 6443 2457
9681 7414 9986 9573
6443 1546 6555 1935
2861 189 4863 400
380 2689 1057 3031
2347 1189 2999 1592
7645 1189 9088 1517
2699 5730 2807 7859
7240 8686 9335 8957
3796 4540 4010 8518
6670 4855 6837 5854
204 6141 497 6322
792 9876 2341 9992
1845 1208 1885 1631
7240 8230 8233 8656
4605 7164 6532 7545
4605 8859 6614 8962
0 1321 593 1480
2645 9683 2987 9992
2987 9683 8558 9992
4010 4855 4343 8962
0 1631 380 3066
0 189 694 1321
2645 8518 4010 9534
136 7912 1184 9444
6838 4540 7576 4692
7820 5406 9282 6768
4605 7547 5642 7846
2113 2998 2778 4056
1184 9157 2245 9876
9088 2492 9262 2540
7759 6768 9629 7414
2245 6796 2341 9876
6614 7384 7105 8481
6656 6477 6876 6862
4639 2505 7110 2818
6799 3191 7616 3956
1057 2457 6443 2505
1867 6157 2632 6796
497 6141 1867 6927
8973 4004 9282 5011
5919 7546 6533 8766
2091 2013 3138 2277
0 87 4863 189
3233 3240 3656 4004
4085 1047 9404 1189
3369 6506 3796 6547
3070 4252 8973 4540
93 6927 849 7459
9867 1256 9893 7414
4605 7846 5919 8859
2820 4218 3035 4252
4605 6785 6197 7021
3656 3790 5869 4001
4997 607 6136 1047
1867 6796 2159 8065
0 3066 1057 5194
93 9992 9681 10000
2341 6796 2645 9992
0 0 9893 87
136 9444 1184 9827
1356 189 2463 1047
6433 9534 7210 9683
8588 7564 9347 8686
3656 2505 4639 3790
7726 2725 8525 3973
4574 1189 5221 1481
3070 4540 3312 7534
1184 6927 1867 8476
4146 4547 6468 4855
2645 9535 4735 9683
8336 344 8347 1047
2091 1189 2347 2013
7849 7616 8235 8166
6136 87 6637 874
4343 5871 7238 6477
9404 1047 9893 1256
380 1631 2091 2457
3828 1189 4132 1775
9347 7564 9681 8962
3662 2362 5575 2375
4942 1896 6037 2346
3233 2541 3571 3240
4343 4855 6662 5870
4343 6477 4605 8962
4997 87 6136 607
6555 1546 7645 1935
93 9827 1184 9876
1057 4232 2820 5194
2337 2744 2348 2998
93 5730 2645 6141
3828 1896 4893 2341
136 7478 634 7912
7820 5011 8629 5406
9404 1256 9867 2492
4605 6477 6555 6779
93 7459 136 9827
1184 8476 2245 9157
23 5730 93 9909
5221 1189 7645 1546
4863 87 4997 1047
8235 7564 8588 8686
694 189 1356 1631
1057 2505 2113 4232
4639 3191 5350 3715
849 6927 1184 7912
6122 3357 6747 3849
3152 1189 3820 2337
3233 4015 7059 4167
7645 1517 9088 1935
9893 780 9994 7109
7406 6768 7759 6939
