7022 7524 8197 8101
2346 964 2731 6903
812 45 1474 1916
6177 3736 9067 3924
3612 5383 6409 5877
12 0 124 8735
1658 926 8103 964
9203 139 9694 857
5389 5877 6409 6896
2278 6903 3612 7271
4242 1870 6144 1948
1064 9855 9116 9994
9779 7538 9954 8091
1756 7824 1933 8778
2071 1384 2333 2353
3612 4651 6409 5383
7062 2456 8243 3601
6678 139 8845 710
2731 4181 3098 6903
1474 9499 5948 9855
3871 2873 4548 3945
6409 6518 7089 6997
3612 6353 5389 6896
4242 1165 6931 1516
9256 1548 9708 6518
3612 6900 4694 7300
2125 6903 2278 8084
3871 3945 9256 4181
5881 9335 8672 9352
1699 3969 2037 5963
2183 46 7271 139
1524 926 1658 6970
2037 3969 2346 6903
7249 1198 8070 1548
1102 9288 1474 9838
124 45 812 5726
2183 45 9779 46
2731 2873 3871 4181
5331 6896 6143 7667
5331 7692 6325 8615
3711 6011 5311 6353
7396 6518 9499 6987
4037 7300 4700 9243
3098 4260 3612 6903
8243 1548 9256 3736
9708 1266 9776 5454
6409 4879 8693 5593
5394 139 6637 697
2316 7444 2826 7913
8539 7524 8616 8088
1658 1040 2027 3969
4276 2137 4541 2222
812 1916 1176 3686
6409 4181 8693 4879
5952 9499 9668 9855
1474 773 8956 926
8103 926 9708 1548
3612 5883 5176 5998
2183 139 5394 773
8693 4181 9256 6518
6177 1870 7032 3698
124 7318 1237 8764
124 8787 1473 9288
2040 2353 2338 3923
6409 5593 8693 6518
2826 7300 3886 9150
124 5726 812 7316
2731 964 8103 1152
8956 149 9184 926
3098 4188 6355 4260
812 3686 1176 4779
1255 1916 1474 8782
4318 1152 6512 1165
2731 2346 4242 2873
5663 1949 6177 3945
4700 6896 5331 7380
1474 45 2183 773
7271 46 9708 139
2731 1178 4233 2346
812 4779 1226 7052
251 9288 1064 9964
4700 7380 5331 9335
7022 7010 9443 7492
7022 8101 8834 9313
4548 1949 5663 3945
1176 1916 1254 4750
124 0 9779 45
7062 1870 8215 2452
1474 9389 8566 9499
3612 4260 6409 4651
6409 7010 6946 8770
4242 1548 8243 1870
