4824 12 6292 384
1923 5021 2477 6676
7645 1201 8446 2027
517 1576 766 2499
2191 8047 3822 8402
6774 8098 7223 9915
3813 934 4765 1908
0 9519 3822 9572
3838 3384 4536 5021
4627 7439 5629 9572
208 8749 1246 8973
9031 3107 9510 3645
5931 3972 7113 4723
4467 2255 4940 2733
3354 2290 3813 5021
0 8973 1402 9519
1646 7379 7090 7439
7223 7439 9327 7887
7223 7887 7617 9915
509 384 740 1573
6856 840 7645 3107
1231 569 3273 1761
837 8402 946 8622
1231 1762 1646 5147
8551 1172 9829 2070
6856 3107 8406 3760
6475 8098 6774 9915
774 384 952 6312
2154 1838 2252 2112
3822 8847 4460 9550
0 4589 115 8462
8406 3107 9031 3760
3822 8530 4622 8837
766 6561 1646 7405
2354 9915 10000 10000
1654 5346 1737 6128
5629 8628 6475 9915
5515 3972 5931 6279
3356 1469 3801 2290
6308 1317 6856 1705
1499 8973 3630 9145
5629 7439 6475 8628
1737 5021 1923 6676
7645 840 8278 1147
3354 384 4943 934
2354 9914 5485 9915
6852 6279 7134 7150
3813 1908 3838 5021
5541 384 6021 3277
4536 3972 5515 5021
8586 5854 9239 7120
3838 1908 4467 3277
9831 143 9995 2071
4536 3384 6021 3972
7773 4723 9327 5854
2679 6676 4922 7264
3354 934 3690 1369
7113 3972 9723 4723
121 4589 660 8104
6475 7439 7223 8098
2435 2855 2614 2994
6021 384 6308 2683
3838 3277 6021 3384
9327 5274 9372 8367
2477 5021 5515 5687
0 2753 509 4589
9380 7236 9559 8570
8434 8596 9637 9647
1737 6676 2533 7375
4789 1581 4943 1908
1231 5160 1624 6422
2564 6709 2668 7256
8551 0 9418 1138
2354 9572 5629 9914
7645 2071 10000 2604
953 384 1231 5870
6308 384 6856 1317
1676 8047 2191 8381
6021 2683 6856 3760
8886 2604 10000 2711
7773 5854 8586 7434
7617 8596 8434 9710
3822 7439 4627 8530
4943 384 5541 3277
2477 5687 4835 6676
8886 2711 9751 2992
7645 2604 8886 3107
6021 3760 9031 3972
4835 5718 5411 5995
5931 4723 7134 6279
6308 1705 6856 2683
71 9572 2354 9992
7617 7887 9327 8596
9723 3972 10000 9915
0 384 509 2753
766 7439 3822 8047
7617 9710 8434 9915
3125 3450 3147 4637
6856 0 8551 840
3147 1761 3354 5021
7134 4723 7773 7439
