43 7898 76 8631
6675 4638 6744 7107
0 7252 4926 7418
6306 4638 6675 7107
0 0 169 3663
1094 7587 1296 8644
4099 212 9360 235
9623 3668 9726 9005
529 7168 3554 7233
7676 349 9415 527
4926 8059 5425 8475
169 1762 1217 3013
637 0 1217 1762
1217 1858 3063 2079
6515 515 7060 1740
3656 4948 5939 5591
4366 8513 4883 9219
7981 3668 8882 4196
0 6493 513 7192
2787 2079 3064 6843
3660 5807 4177 6939
4099 235 4220 1734
3497 0 3542 3275
7236 4638 7819 5183
7078 626 7766 1032
5732 5591 6306 7252
529 4322 802 6529
5764 387 6848 502
6744 8812 9623 8910
8498 7809 9298 8408
3165 4638 3656 6465
4953 4219 6392 4459
7981 2559 9635 3329
3656 4638 6306 4948
1296 8350 4366 8726
1296 8151 4926 8350
7236 5183 8154 6422
4099 3727 6744 3827
7869 4219 8456 4394
3571 517 4099 2540
5841 898 6359 927
1475 8726 3410 9500
315 7418 4791 7587
9463 3668 9617 7345
656 8644 1296 9500
7767 2437 9408 2543
4926 8475 5407 8784
2457 7718 3769 7896
5113 9489 6380 9936
4099 2570 5495 3133
8498 6422 9251 7011
802 4446 1260 6529
8817 9403 9796 9970
5599 2211 6768 3199
4278 515 4296 1546
76 7418 315 8644
6514 9033 6543 9269
9749 527 9796 9403
802 3677 1260 4446
6768 2211 7078 3977
169 3402 858 3623
3410 9259 4257 9563
4108 2211 4343 2518
1471 4242 2393 6220
7981 3329 9678 3668
5425 8059 6744 8910
8456 4219 8921 4433
2982 277 3283 319
4926 7252 6306 7497
433 3013 615 3285
1296 7896 4926 8151
1296 8726 1475 9500
656 9970 9915 10000
2026 2079 2505 3554
3064 4459 6392 4638
6744 7795 8298 8342
1260 3677 2393 4242
4177 5591 5328 6375
4177 6375 5732 7252
6306 7107 6744 7497
0 8644 656 10000
9678 2543 9749 3668
9915 0 9975 5233
4248 235 7078 387
3064 1187 3497 3605
529 7066 4177 7168
4926 7497 6744 8059
8154 5965 8432 6270
0 3677 503 4199
3544 3977 7078 4219
4486 1551 4603 1828
4908 1497 5780 1789
2591 0 2982 813
1260 4242 1471 6529
315 7587 1094 8644
7236 6422 8168 7604
1217 1317 2899 1858
6744 4638 7236 7637
529 6529 2787 7066
4343 2211 5599 2570
3064 3605 3497 4450
4099 1828 7078 2211
8154 5183 8755 5511
6543 9403 8817 9970
6744 7637 8319 7789
656 9936 6543 9970
169 0 637 1762
5328 5591 5732 6375
5425 8910 9623 9033
7078 3064 7981 4219
2787 6843 3656 7066
1471 6220 2787 6529
7819 4433 8921 5183
7078 2543 7981 3064
0 3663 2675 3677
9796 235 9915 9970
2244 0 2417 979
3544 3887 4206 3977
4099 3199 6768 3727
3766 5653 4159 5807
2712 4057 2754 5291
1217 2132 2024 2436
5684 515 5841 1438
5939 4948 6306 5591
6392 4442 6969 4579
3497 4219 4953 4459
6744 8498 7653 8812
4791 7418 4926 7896
656 9500 3410 9718
1320 9718 3227 9833
19 5491 529 6241
1217 0 2244 1187
6543 9033 9749 9403
4926 8790 5372 9315
2393 3677 2658 5894
3544 10 8783 188
8921 3668 9437 6036
