3188 3591 3639 3907
1734 3885 1980 5674
3067 8303 3213 9226
5292 9145 7344 9482
0 1057 505 1864
6496 1556 7067 5534
5847 273 7067 1228
3684 5885 5010 6011
1443 9007 2539 9520
1318 1057 1472 8303
5330 1228 7067 1556
2648 1241 3112 3797
8251 6011 9420 7085
3286 9421 3645 9769
0 6943 845 7714
5330 31 7641 273
9420 1571 9957 1997
9420 548 9888 1571
505 1093 1222 1833
3213 9769 5292 9906
6266 1556 6496 4827
8727 337 9356 1943
1536 7118 3684 8303
3323 1597 3669 1958
2028 5915 3144 6331
0 7714 168 8054
7772 273 7970 1943
5023 148 5330 1338
168 8346 1443 8900
1472 720 1536 8151
1536 6331 3390 7118
3639 3591 5206 4237
5292 8204 7344 8981
7067 2749 9355 3558
0 429 3713 720
3684 6011 4648 8918
2539 8548 2877 9368
4648 6580 5216 6982
8798 8204 9960 9482
5976 7085 9420 7456
0 3710 832 5839
3390 5871 3684 7118
0 8900 1443 9520
2028 5534 2969 5858
7772 1943 9387 2502
3145 1958 4593 3591
4649 1556 6266 3591
7369 2502 8369 2737
2028 4827 6496 5534
8578 3570 8702 5948
168 7714 1318 8346
3114 5534 4931 5853
1734 1241 2648 3885
845 1864 1318 7714
6489 7456 9960 8204
5206 3591 6266 4827
1318 8303 2295 8332
6268 6011 8251 7014
2028 3885 3145 4827
8686 9567 9738 9996
7077 3570 8522 5084
5976 7456 6489 8204
1443 8346 2539 9007
1978 1093 3957 1241
3684 8918 4648 9769
9420 2406 9914 6268
1562 720 1734 5475
7067 273 7772 2502
9960 503 9998 3533
5525 5534 6994 5555
4599 1241 4649 3471
3145 4237 5206 4827
4648 6982 5292 9544
5807 5555 6438 5936
9387 503 9420 3525
0 1864 761 3675
7970 728 8225 1647
8702 3570 9408 6006
8381 0 8588 1941
4699 1261 5012 1477
9387 86 9969 503
1248 9520 2905 10000
5502 273 5847 1152
5292 9482 8637 9901
7344 8204 8798 9482
5292 6011 5976 8204
4648 9544 5029 9725
0 9520 1248 10000
2905 9906 8328 9985
0 0 5321 147
0 5839 845 6943
0 8054 168 8900
964 824 1380 1057
5292 8981 7344 9145
