3442 2785 3488 4389
6173 3876 6291 3965
513 9530 8448 9803
2188 4531 2515 4921
6299 3876 9769 4150
3642 2785 3925 5745
486 6729 1079 7530
1406 4986 2998 5447
1406 5447 2998 5533
6299 4493 9059 4570
2402 1085 6567 1751
5435 5373 5596 7454
6311 1764 6568 3513
2500 6187 2770 9178
4213 0 5137 754
5596 5373 5748 6654
6612 1345 6995 2991
2106 3510 2428 4531
486 6199 1406 6729
2428 3510 3290 4389
3925 3011 5907 3737
5435 7801 6256 8587
1079 7942 1703 8211
6606 6256 6941 9381
8459 5373 8671 7994
2770 6187 2998 9178
6173 4570 7478 5023
1406 5533 2500 5735
513 9452 7587 9528
6621 3184 7022 3541
4630 3876 4778 7565
15 7530 513 9684
3781 6821 4630 7777
1967 471 4213 772
2105 6584 2500 6882
3781 6287 4201 6821
3925 3984 4334 5580
4383 3876 4615 6699
5435 3876 6173 5098
637 5349 1406 6199
908 419 1864 1064
6606 5373 7177 6255
2105 6882 2500 9178
8000 9013 8426 9185
7182 5373 7981 7240
1703 6755 2105 8211
3442 5873 4383 6283
637 612 908 1065
5752 5373 6240 6778
1967 772 6429 1056
637 3011 2486 3222
637 75 839 612
7022 3184 8586 3737
6256 5373 6606 9178
0 5146 486 7530
5089 3876 5435 8587
1864 1085 2362 1704
6299 4150 8723 4473
0 1242 486 4040
9311 9823 9746 9984
2428 4389 2915 4521
8586 3184 9769 3737
3442 5745 3924 5873
4806 3876 5089 7759
2290 2076 5126 2177
7592 7503 7606 8026
6995 2335 9192 2682
5435 5098 8683 5373
1878 471 1967 998
1079 6729 1406 7942
486 3070 637 6199
7347 3026 8838 3119
3925 3737 9769 3876
2577 2198 2804 3440
2500 5533 2998 6187
9601 2050 9720 2093
2446 9178 5939 9342
2926 2755 3287 3510
513 8211 1405 9452
1406 3510 1727 4986
8843 4570 9072 6385
513 9823 9128 9999
1864 0 4213 471
1864 1764 2266 2198
513 7530 1079 8211
637 3222 2577 3510
3442 2198 5933 2785
4524 7777 5089 8449
8699 5098 8843 6402
3797 7777 4524 8366
637 3510 1406 5349
1727 4979 2104 4986
2290 1764 6186 2049
6568 1085 8866 1344
6995 1345 7926 1691
5435 7454 6256 7801
1703 5735 2500 6584
8989 6589 9600 6600
9769 0 9997 5285
2998 4389 3290 7294
3925 2785 5713 3000
9075 4150 9769 6589
1727 3510 2106 4519
9769 5735 9833 7278
5596 6759 5722 7132
5148 1 9546 228
6995 1691 8153 2330
6568 3119 9601 3184
908 0 1837 287
7936 1345 8186 1638
2998 8587 6256 9178
7182 7265 7591 9428
2998 7294 3290 8447
0 4040 486 5146
8287 1345 9297 2324
3290 3510 3442 8449
5148 228 9667 751
637 2198 2330 2655
3504 2785 3642 5525
2998 8449 4945 8540
2005 6584 2074 6746
5933 2198 6114 3561
0 0 486 1242
1405 8211 2105 9452
637 1065 1864 2198
486 0 637 3070
1406 5735 1703 7942
3442 6283 3781 8449
8449 8143 9702 9372
