49 1136 128 4446
639 3914 1239 4502
4859 1833 7701 2144
1159 6784 1377 9221
8487 4921 8847 6199
844 6347 2654 6784
2545 9554 10000 9712
4534 8746 6163 9530
9625 91 9874 1332
1655 3215 2780 4219
2661 8844 3205 9055
4885 7363 5703 8295
2545 9055 4134 9535
8176 91 8508 504
5488 4518 9874 4921
1929 562 2100 2721
8176 504 8508 1807
639 4502 2083 5321
6983 7949 9874 8463
6983 6199 7961 7061
2083 4502 3080 5729
7701 772 8161 3314
8176 2596 9741 3137
128 3914 639 5321
3349 562 3388 7505
8346 3137 9709 4122
4020 5438 4276 7109
1655 1162 1929 3215
8129 6199 8647 6870
2654 6347 3097 6780
3637 2252 6449 2434
5488 3137 7561 4122
6174 9139 9874 9554
7178 8463 8415 9087
8415 8463 8677 9139
4196 2492 4885 4602
7701 3872 8160 4136
5488 4185 9165 4518
2328 9299 2545 9599
2131 6784 3117 8809
1239 1162 1655 4502
0 0 10000 91
2131 8809 2326 9307
288 5321 2083 5729
4885 2703 5488 4921
3120 6863 3148 7550
3395 4602 4297 5375
4312 7807 4525 8521
4859 966 6777 1833
137 1572 257 3296
4543 91 8176 579
4543 630 5643 932
622 5729 830 7936
3637 554 4543 966
6983 7061 9874 7949
4308 8746 4532 9504
5773 6014 6174 8746
23 5321 288 7484
8508 91 9335 1807
844 7355 1077 9302
6285 6199 6983 8260
3395 91 3637 4602
5445 4921 6915 5598
7115 630 7650 1817
1429 6784 2131 9325
844 5729 2610 6347
257 1202 1189 1367
4020 8423 4301 8700
5488 2703 7586 3136
8194 3137 8346 3554
8677 8463 9591 9139
4525 4602 4885 8746
1426 9334 1437 9827
3943 4078 4196 4591
2610 5729 3349 6347
7961 6199 8095 6800
370 6202 622 6773
3637 91 4543 554
1655 4219 3080 4502
602 1367 1239 3126
3080 562 3349 5715
3117 7806 3395 8809
2545 9903 8545 9988
6174 6014 8487 6199
6777 966 7115 1833
3637 2693 4122 3936
8176 1807 9815 2435
257 2878 436 3914
9591 8463 9874 9139
4947 5598 5773 7077
6124 5598 6755 5721
6915 4921 8487 6014
809 7958 844 9207
8847 4921 9549 6469
2780 562 3080 4219
9874 91 10000 9554
3637 2144 7701 2252
5677 656 7041 966
4885 2492 7650 2698
8576 6908 8694 7061
5995 579 8176 629
3395 5438 3858 7547
3723 966 4859 2129
3150 6920 3348 7806
9582 4921 9868 6582
0 7958 808 9999
4885 4921 5445 5598
0 91 3391 557
470 711 1290 1162
2104 562 2643 2897
9335 91 9481 1418
2545 9712 10000 9903
