5307 4086 6146 4276
8258 8194 9780 9294
2936 4516 3316 5574
2994 2875 3274 4516
5624 9792 10000 9882
6217 4086 8687 4469
1631 1705 2780 4562
4625 6401 5275 8094
5307 3471 6643 4030
7115 9491 9780 9792
4629 8533 4867 9011
6111 8041 6648 8967
9412 4159 9598 4508
1235 820 2575 1705
5455 5795 5624 9882
2780 1448 2928 4386
8473 1676 9733 2957
4224 1934 4315 4669
1951 5592 2895 6150
5704 6581 6858 7090
0 8077 375 10000
4867 8277 5357 9882
2950 6770 4371 8013
8220 2957 8353 3631
2971 8725 3705 9191
5624 5795 6200 6256
4376 1770 5167 2816
3712 1448 3851 3355
8473 1107 9682 1676
1951 4562 2904 4870
7065 8194 8258 9005
7388 894 7560 3592
1235 428 8329 450
375 9292 1235 10000
9050 4086 9061 6133
5862 7426 6463 8041
1235 1705 1631 7504
5307 4282 6191 5784
7657 3292 7767 4086
417 3640 1224 4732
2971 9191 4856 9594
9780 1676 9981 8587
8089 6379 9061 7103
375 7198 1235 9292
7560 894 8473 2957
8390 4534 9043 6337
0 6155 375 8077
4561 5795 4625 7988
8407 0 10000 758
6217 4534 6837 6510
778 123 6086 301
2950 6278 2954 6717
1469 8277 3768 8709
5211 1448 5696 2373
1951 8172 4230 8243
6951 7103 9156 7935
9733 6641 9762 7891
1532 316 8109 428
3318 4516 3944 5126
9061 4056 9412 7103
5633 9491 7115 9764
9156 7227 9304 7564
3318 5795 4543 6755
1631 4562 1951 7504
1235 9882 10000 10000
1951 6201 2950 8172
5789 894 7025 3471
6880 4534 8389 5673
1469 9661 4867 9882
4540 2816 5789 3191
5624 9005 8258 9491
8089 5770 8385 6379
9076 3777 9599 4056
0 4732 1235 6155
2780 894 5394 1444
8332 9342 9778 9491
4315 3471 5307 5795
1469 7504 1951 8277
1235 7504 1469 9882
4625 5795 5455 6401
0 301 379 4716
6808 8627 7065 8653
1469 8709 2971 9661
1235 450 8407 758
6650 7280 6951 8194
2780 758 8473 894
5357 6401 5455 9882
6951 7935 9080 8176
8089 5673 8390 5744
375 6155 1235 7198
7101 5673 8089 7085
7025 1068 7126 1637
777 1341 1235 3619
