3595 6220 7624 6709
3126 2382 3595 5658
514 151 991 855
2190 1532 2484 8970
7932 3925 8107 4002
3601 3914 3750 5663
3595 2382 4549 2502
48 1587 161 3570
2972 8669 4011 8677
933 4693 1463 9022
0 6388 689 10000
8312 1394 9781 2509
6846 276 7815 1135
3750 5414 9651 6220
3750 3914 7932 4825
2972 7376 6645 8432
6846 1135 7815 2382
8312 151 8873 1394
161 3985 1463 4693
2548 1532 3124 2323
4659 8432 5822 8970
38 698 514 1378
8184 7168 8993 9647
514 855 5482 1343
9651 2912 9781 7161
3714 2912 5182 3452
5823 776 6846 1624
7624 6220 8868 7023
7815 151 8312 2382
8993 6220 9651 9647
2484 7376 2972 9022
161 1532 829 3965
689 6388 924 9688
3595 7182 4990 7376
3519 9083 5218 9669
3884 1557 5107 1624
5823 151 6846 776
5057 7168 7411 7370
7267 3469 9651 3914
2583 2382 3051 4509
0 5729 933 6388
8873 0 10000 1394
5845 8432 6076 8961
6253 9022 7398 9665
885 1532 2182 2082
9652 7161 9983 9196
885 2186 1932 2325
933 9734 2267 9931
3124 1624 6846 1956
7436 7353 8127 8277
0 0 8873 151
161 1378 2941 1532
6908 153 7815 276
3595 3469 7267 3914
6645 7376 7436 9022
7436 8277 8184 9647
3595 6709 7624 7168
7638 9647 9617 9863
3814 4934 5385 5272
1463 2325 2190 9022
5385 4825 7826 5397
5227 2912 9651 3469
7932 4002 9651 5414
3595 2509 9781 2912
991 151 5823 855
3124 1956 5772 2352
161 4693 933 5729
887 3942 1463 3985
9781 1394 9878 3345
