6530 2928 7681 3363
2785 5473 3094 8458
2165 8363 2785 9030
2095 2083 6387 2153
4067 0 9732 288
5647 7188 6139 7724
556 5167 1098 5257
965 2851 1880 2918
6322 4095 7665 4638
3094 5473 3475 8458
1191 148 2440 1259
8423 3978 9478 5006
4833 7966 5418 8434
9653 6194 10000 10000
1550 7709 2165 9971
395 2928 6530 3223
4067 288 4428 1259
0 0 904 394
802 6422 2295 6847
0 394 210 4671
361 4543 1133 5152
8694 8257 9645 9367
802 6847 2295 7291
4687 3974 5409 7688
6263 9790 9653 10000
6322 8108 7134 9309
2165 9030 2785 9971
2440 148 4067 1259
5785 3223 6516 3792
8694 9367 9653 9790
1191 1259 1730 2091
3475 5990 3972 8458
0 8631 501 9971
4565 4956 4627 7409
802 7291 2785 7709
395 4195 2785 4543
7420 4638 8423 5963
501 8631 1550 9971
2165 7709 2785 8363
7420 5963 8828 6150
5621 8188 6108 9350
1191 2677 4542 2823
0 6422 802 7709
7184 8108 7420 9336
9478 3978 9723 5002
2785 8458 4169 9971
3475 3974 3972 5990
309 5155 482 6405
6263 4266 6322 4824
7420 8210 8694 9420
3972 3974 4686 4513
4428 771 8850 801
3972 4956 4507 7863
965 148 1191 2851
4791 2026 6922 2081
0 7709 1550 8631
1133 5052 2785 5309
7707 801 8877 3566
9429 769 9710 3952
4428 801 7707 1259
7637 7439 8635 8210
1133 4543 2785 5052
2568 5309 2785 7291
2429 9971 3088 9980
309 394 395 4543
395 3223 3297 4195
4833 8434 5418 9971
210 394 309 6422
6322 4638 6826 7951
4727 7833 4833 8789
4074 4513 4584 4949
904 175 947 1981
570 394 870 1443
5621 3831 6139 7188
3297 3974 3475 5473
8877 777 9411 3831
2295 5309 2568 7291
0 4671 210 6422
1753 1259 2549 1659
395 1981 965 2928
486 5309 2279 6256
8423 5006 9732 5963
7614 1738 7707 2590
4415 1365 7039 1738
6263 9420 8471 9788
7868 3566 8592 3786
6156 317 8242 769
3297 3295 4678 3974
6139 3978 6263 9971
2785 4195 3297 5473
9732 0 9997 5829
904 12 3889 148
4169 8458 4565 9971
8861 6194 9652 8113
6139 3838 8583 3978
1191 2153 7597 2677
5418 3223 5621 9971
