6160 8440 8305 8997
6072 6846 6647 8321
4473 791 4689 1931
1886 3242 1986 6218
5166 7903 5965 9003
1837 6218 7915 6425
7899 2850 7915 5263
9385 5977 9990 7109
0 2704 519 3698
2207 6425 7915 6667
9092 5977 9349 6880
1224 2752 1986 3242
0 1079 2077 1931
4004 791 4473 1931
3927 8073 4192 9001
3553 5467 7383 6218
6072 8325 7526 8440
8154 6667 8226 8304
8922 0 9099 1171
3553 4749 5756 5467
7056 893 8377 1171
7056 1171 7899 3435
8501 1797 8554 2097
1986 4749 3553 5582
7915 4819 9092 5678
2418 804 4004 1931
1224 1931 2399 2752
4403 6957 5965 7406
2207 6667 4403 7406
7899 2107 9899 2850
5537 0 5680 614
0 6218 1056 8450
0 9934 7454 9995
0 8450 979 9627
5680 103 8097 791
9099 0 9899 2107
2897 7903 4192 8073
2774 3280 4689 3608
5474 893 5830 2820
7383 5467 7896 5738
9899 0 10000 5977
2158 8734 2229 9411
4890 3608 5756 4749
2774 3608 4890 4749
5965 6957 6072 9003
1461 3242 1886 6178
5756 3608 7899 5467
8377 0 8921 1171
2774 1931 4689 3280
8226 6667 9092 7449
1150 8939 1837 9776
4192 7903 5166 9003
7915 5678 9092 6667
2229 7903 2897 9924
5945 1130 6363 2945
1986 2752 2326 4604
1986 5582 3553 6218
7503 9003 9286 10000
2399 1931 2774 4749
9832 2850 9886 5641
9092 2850 9832 5977
5768 810 8174 893
2137 872 2418 1596
4046 9572 6480 9911
9092 7114 9731 7412
5474 2945 6381 3435
6689 6667 7355 8230
8305 8440 9286 9003
4689 791 5474 3435
7899 1217 8888 1720
822 1931 1224 6096
2207 7406 5965 7903
6746 9398 7503 9864
4403 6667 6072 6957
6381 1476 7056 3435
1837 6425 2207 7903
1056 9924 4899 9934
2077 3 3997 804
6381 893 7056 1476
9286 7449 9849 10000
3923 9011 7299 9374
8226 7449 9263 8218
7383 5738 7834 6211
0 0 1838 680
7915 2850 9092 4819
1056 6218 1837 8939
0 1931 809 2696
4689 3435 7899 3608
2897 8073 3812 8927
9849 7449 10000 10000
0 814 1681 1079
