2782 0 3687 1100
80 2721 331 4384
3807 9570 6766 10000
7807 1572 8395 3930
4244 4333 4974 7351
3653 3867 3908 5055
5079 5380 5180 6896
9772 4333 10000 10000
7000 5536 8024 7041
5185 5380 7978 5534
6533 7521 6666 8342
582 5055 2974 6072
8497 4333 9745 5954
4244 2606 4869 3930
1236 8198 3909 8766
1218 7345 3989 8198
6766 8766 8000 10000
5079 7042 9772 7334
3018 1100 3670 1995
664 3907 1033 4399
9271 7521 9772 8660
6470 5536 6999 7027
5185 5536 6414 5747
1331 8920 1950 9132
9135 3753 9278 3852
3908 2066 3989 6086
6668 7521 6876 8535
8000 8766 9651 9929
7963 7521 8123 8460
4869 2675 7742 3930
6746 1055 7738 2673
843 1634 1542 2721
8497 5972 9743 6924
5366 1528 5552 2675
7578 4333 8024 5380
7742 1572 7807 3930
0 9916 2252 10000
843 0 1542 1634
5079 5018 6408 5306
1831 0 2782 1100
1218 6072 2431 7345
1542 2853 3908 3867
7742 1055 8488 1448
582 4399 3653 5055
0 0 843 2721
1542 0 1831 2066
1542 2066 3908 2853
0 9518 2252 9916
6392 0 10000 445
3687 0 4238 1848
352 2721 1469 2978
9278 1079 9986 2096
2431 6072 2974 7345
4869 1528 5366 2675
5079 4333 7556 5016
5079 8660 8551 8762
2974 6086 3989 7345
631 2991 1541 3777
8025 4333 8497 6932
4244 0 4869 2606
5185 5753 6383 6861
15 5229 582 5737
1831 1100 3018 2066
3909 8198 5079 8766
150 9211 1198 9518
2974 5055 3908 6086
3989 2066 4244 8198
9104 7521 9271 7988
8025 6936 9611 7042
5552 0 6392 2675
2252 8766 3807 10000
6392 445 6746 2675
8395 1572 9052 3777
618 6072 1218 8257
9278 2105 10000 4333
5079 7334 9772 7521
4244 3930 9070 4333
3807 8766 6766 9570
6746 445 10000 1055
4869 0 5552 1528
