1641 7997 2443 8482
8762 3220 8816 3496
5475 318 5822 1775
1515 3623 1771 3969
1366 4112 2009 4615
5046 2030 9336 2788
5822 318 7658 2030
2447 6073 3533 6265
8253 2798 8867 3178
4586 190 5022 1856
0 9447 1752 10000
3155 2377 3581 5859
9731 4048 9844 9846
9744 1873 9871 2580
5279 9753 6650 9866
8 430 260 8376
7658 1834 9459 2030
7850 7386 8880 9041
7330 5376 8228 5824
343 6997 1905 7209
2699 3733 2841 4374
6679 3501 7996 4528
5279 9872 9731 10000
3601 1967 4145 3742
2110 8498 2721 9022
713 1967 3581 2377
2470 7395 3224 7949
3436 7276 5003 8273
1803 9777 5279 9999
1779 9689 5159 9770
5064 7276 5213 8469
9459 1834 9731 9872
260 8107 1630 8498
2110 9022 2721 9613
7074 8451 7850 9613
7076 6788 7330 7922
3860 9040 4743 9117
9871 0 10000 10000
8880 6301 9459 9689
2447 5859 3560 6070
5213 7289 6673 7378
3581 4267 5046 5147
4283 0 4557 1279
1961 79 3958 411
8253 3496 8877 6732
5046 0 9731 318
1366 2377 3155 3623
9245 3210 9304 5476
6679 3118 8201 3501
5046 2788 6391 5147
1366 4620 2010 6997
7028 4602 7212 4759
713 2377 1366 6997
7330 6068 8172 6767
2037 4445 3155 5604
501 440 4082 510
1752 8498 2110 9689
6691 7378 7074 9613
6391 2788 6679 4602
2110 9613 8880 9689
0 8498 1752 9447
343 1856 4145 1967
1308 7276 2468 7996
7330 6767 7850 8451
2447 6321 6391 6788
2447 6788 6870 7266
1109 823 4173 1683
2721 9431 6691 9613
6130 7378 6691 8315
8887 6092 9223 6301
2010 5859 2447 7276
9336 2030 9459 6089
7850 9041 8733 9608
343 1967 713 6997
8101 6784 8880 7386
6391 4602 6714 6659
2721 8527 3860 9431
7658 318 9731 1834
2721 8007 3434 8527
260 7276 1307 7997
3936 9209 3965 9431
3581 5147 6391 6321
8902 3691 9235 5509
4173 510 4283 1856
4145 1856 5046 4267
265 430 343 6651
