981 1288 1529 1967
7914 7933 8648 8244
5018 799 6173 1775
4597 8771 5916 8971
8648 7246 9082 8791
7298 6564 7539 8109
795 4123 1513 4840
122 593 473 2955
0 822 122 9783
4790 9349 6618 9755
868 4040 1465 4123
2409 6498 7539 6564
3014 8872 3661 8892
6060 230 7724 588
1539 2450 2452 2856
329 6893 462 9096
9132 5507 9775 6326
122 0 4466 230
507 981 5018 1288
7466 6326 7573 6476
8065 4599 8607 4765
737 1288 981 2140
5960 8356 6846 9200
1686 7416 2409 8224
6846 8356 7397 8922
3816 9954 8349 10000
0 0 120 751
9082 6548 9911 8358
2409 8568 3990 8598
2975 3031 3339 4011
9082 8358 9910 8791
737 2450 793 4765
2409 4414 2574 6498
5477 2838 5548 4426
2065 4840 2369 5136
8872 848 9613 1458
5988 3381 6662 4034
1392 593 1529 627
4105 4202 5087 4389
4466 0 7730 230
2409 7569 7298 7760
7466 5565 8433 6244
820 7245 1153 9526
7914 7246 8648 7933
122 9526 1686 9618
122 230 4574 319
5924 7760 6822 8077
1513 4011 2409 4840
4105 2838 5477 4192
737 2140 2452 2450
8452 0 9237 672
5018 688 9654 799
1247 1967 1777 2073
5548 2838 5743 4228
2782 2066 3809 2931
507 688 5018 981
795 2856 2056 2989
1926 8872 2850 9596
7914 8244 7950 9762
4042 5507 6685 6366
8207 1458 8718 1868
9634 799 9654 5052
9912 0 9983 7534
462 6893 1686 7245
1686 6893 2409 7416
1686 8224 2409 8598
5155 230 6060 402
2452 1967 2718 2805
129 3103 507 6311
7914 6548 9082 7246
1153 7245 1686 8283
9471 1458 9627 4526
4042 5420 9429 5507
6858 3833 8032 3839
1153 9189 1629 9526
7950 8244 8349 9954
6173 1458 7270 1950
737 6406 2099 6893
2783 6748 5264 7080
8829 5507 9132 5772
8648 8791 9761 9222
507 1288 714 1874
737 4840 1949 5313
7270 1458 7960 1958
4486 7760 5876 8759
4982 404 5192 576
0 9783 3816 10000
9356 1843 9471 3947
6951 6564 7224 7038
737 5450 2319 5962
6685 5852 7038 6095
5548 4794 7535 4986
3990 7760 4486 9762
6846 8928 7914 9762
2862 8907 3809 9734
3816 9762 7950 9954
7539 6745 7914 8928
1153 8802 1466 8845
9775 0 9911 6326
1686 8598 1920 9452
4950 1950 7185 1966
795 3030 1353 3975
6173 799 8710 1397
8032 2514 8988 3940
1153 8845 1655 9145
3816 8872 3989 9753
122 6439 641 6865
122 9618 1926 9783
7730 0 8339 634
5924 8109 6347 8356
507 2078 737 6439
4105 4444 4739 5286
4865 645 7148 688
7539 6514 7873 6719
4763 4444 5471 5322
1529 1293 2542 1343
9219 1458 9332 4486
8349 8244 8648 10000
122 319 4574 593
2409 7760 3990 8568
2099 5962 2409 6893
2409 6564 4854 6745
3102 1288 4990 1773
2782 2056 7725 2066
2409 7138 7298 7569
4486 8771 4579 9664
9654 0 9775 5507
9911 0 9912 6046
5342 9069 5830 9347
462 7245 820 9526
1926 8598 3990 8872
7914 6326 9911 6548
896 2450 1539 2521
4105 2066 5766 2835
2703 1343 3057 1628
4042 6366 7466 6498
2703 1775 6173 1950
4597 8972 5294 9130
5766 2514 6071 3366
6348 8109 7439 8350
4042 2066 4103 5338
4574 230 4953 352
1529 1343 2703 1950
737 5962 2099 6406
6078 2514 6562 2728
3158 4011 4042 6498
5264 6564 6951 7138
2762 4011 3158 6388
8648 9362 9391 9599
6048 2174 7515 2429
