5329 2844 8331 3253
6569 343 8377 2103
4021 2705 5329 4618
5340 2584 7378 2647
0 0 71 5809
2485 7773 6538 7826
604 1772 2267 2113
7975 8850 7994 9035
6534 9240 7025 9642
1237 2338 1780 3858
8377 343 8885 2609
604 3871 2267 4423
2507 8112 3124 9379
430 4995 1419 5295
83 1772 413 5669
83 0 1115 1772
4919 1258 5340 2705
6538 6795 6851 8205
2960 1589 4919 2227
7342 5171 7392 6462
4520 6639 9923 6795
1784 2113 2267 3871
83 6295 1135 7706
2075 8112 2507 9379
2919 965 4919 1589
1115 907 6505 965
8978 6795 9277 10000
430 5306 1438 5717
83 5717 1478 6295
8380 8100 8978 10000
6595 197 9301 343
4520 5309 6637 6115
4896 6401 6937 6568
2485 4995 3877 5599
958 2113 1784 2324
2485 5647 2975 6163
2485 6251 4190 7770
5340 1258 6569 2103
2960 4618 7342 4995
3552 8596 7368 9155
0 8454 2075 9379
83 7826 2075 8454
9318 8402 9958 9936
9013 804 9049 2497
9358 1799 9624 2392
9769 1799 9991 4672
7314 4013 8230 4553
2267 965 2919 4995
3552 8335 8380 8596
2485 6233 4440 6251
0 9379 662 10000
2960 2227 4344 2705
2919 1589 2960 4995
9277 6795 10000 8402
430 1772 594 4451
3138 5647 3897 6114
3124 7826 6537 8205
6653 5358 7224 5561
5896 4013 7314 4341
604 4423 2267 4995
7342 4618 9671 5141
6098 9642 7384 10000
3892 9202 4424 9471
2960 2705 4021 4618
2054 18 7991 194
604 2338 1209 3380
4520 6795 6538 7773
3124 8205 3552 10000
0 6247 83 8429
4919 965 6569 1258
1478 4995 2485 7826
3720 8205 5919 8304
6851 6795 8380 8335
8380 6795 8469 8100
3292 194 6141 751
1906 965 2267 1414
5974 2103 7576 2490
4520 5000 6680 5309
9358 0 9992 1159
4344 2227 4919 2705
662 9379 3124 10000
3552 9471 4739 10000
8469 6795 8978 8100
3932 4995 4520 6217
4739 9471 6098 10000
1115 1 1800 906
5329 3253 9358 4013
2075 7826 3124 8112
1169 6295 1417 7524
7384 9035 8380 10000
