7361 7066 9774 7138
3445 8017 4294 8187
1281 3595 2004 4186
8908 7138 9633 7489
4752 8202 5241 8787
1949 8187 2200 9609
2223 9712 8210 9734
9666 2809 9917 3723
150 8202 1676 8441
6190 6376 7361 7138
6010 5695 6190 6804
1949 9734 5144 9950
9281 347 9965 672
8113 2046 9664 2741
8544 4004 9917 4269
8558 4910 9186 5441
7000 4634 8067 4752
270 5190 375 5339
8820 4269 9582 4910
8048 5441 9274 5969
1281 3028 1997 3245
1803 1726 3166 2277
2021 2277 3638 2537
7659 1743 8045 2484
6028 2418 6559 2662
5403 783 5960 1009
5277 7364 8908 7671
6028 2681 7604 2741
6063 1449 6825 2406
3775 1195 3982 2070
5182 4322 6595 4509
1110 7150 1473 7163
9289 7904 9633 9037
4728 8872 6233 9018
6028 2741 6837 3723
2021 2537 3570 2615
5867 3723 9917 3877
3695 3768 4212 4269
150 505 1950 795
5182 4509 6752 5124
7000 4269 8338 4625
1603 1277 3492 1292
1453 441 5892 502
7662 355 9211 403
4650 5043 4786 5428
2845 3380 4212 3768
5241 8187 5792 8787
3273 1292 3638 2277
8915 672 9362 1461
7659 403 9281 672
2845 3768 3695 4269
1274 1443 3273 1571
6650 4004 8544 4162
150 5695 598 6424
2954 9277 4728 9436
150 7138 544 7960
598 5718 3316 6250
2004 4269 2910 4945
918 7163 2134 7806
2134 7707 5604 7796
702 347 5341 433
1281 2739 1860 2988
155 8793 217 9466
2223 9643 9746 9668
6837 2741 9095 3106
8805 6262 9274 6711
1141 912 1928 1075
3775 2418 6028 2529
5213 1454 6048 2418
651 7138 918 7547
0 337 5860 347
814 5043 1070 5298
9186 4910 9582 5441
9633 7138 9915 9643
5867 3877 9917 4004
8908 7489 9289 8237
6204 5777 7361 6376
4466 722 5140 1449
814 4745 2004 5043
1281 4186 2004 4745
3638 1195 3775 3028
5960 896 7029 1000
3987 6509 5021 6804
8048 5969 9274 6262
150 838 1061 1222
3480 505 4529 596
1281 3245 1997 3595
7659 672 7779 1598
9095 2741 9666 3723
4728 8829 5777 8844
1997 3028 4212 3263
5021 6509 6010 6804
3987 6804 6190 7138
5870 9037 8178 9351
1686 8187 1949 9660
217 9487 1686 9974
604 1571 1281 2225
2954 8787 7461 8829
7461 7961 7836 9037
2296 8187 2954 9460
604 3565 814 5190
5158 5192 5944 5408
4212 3645 5867 4269
814 5441 7172 5554
220 289 6203 334
734 7847 5997 7961
2944 4446 5069 4939
7659 1598 8944 1735
8088 7806 8908 8237
4070 6114 5077 6498
9440 672 9666 1492
2004 3595 2845 4269
9582 4269 9774 7066
5867 3028 6028 3723
2944 4269 4697 4350
7100 4188 8113 4262
262 1904 604 4791
2954 8829 4728 9277
150 9974 10000 10000
814 2587 1035 4682
7779 672 8915 1598
5792 8252 7435 8782
3987 5861 5701 6104
5667 7707 8330 7779
9915 7138 9965 9643
224 5557 2047 5597
8113 1743 9534 2034
351 0 558 253
1584 2280 2021 2620
7422 6262 8805 7066
4550 1449 5213 1497
4212 3028 5867 3645
604 2225 814 3565
1035 2474 1200 4745
150 7004 2801 7061
8338 4269 8558 5441
7361 5441 7408 6959
9666 672 9917 2809
5077 6104 6010 6509
6825 2000 7270 2646
5277 7138 8908 7364
5277 7671 6444 7690
2541 5131 4580 5362
3775 2529 5342 2761
5792 7961 6979 8235
389 6424 2340 6555
0 347 150 10000
8088 8237 9289 9037
1686 9734 1949 9974
5140 1009 7048 1449
2845 3263 4212 3380
4728 9037 5870 9436
5158 4269 5182 5057
7270 347 7659 2680
8805 6711 9582 7066
8558 4269 8820 4910
6837 3106 9095 3723
598 6250 2370 6424
1073 5069 2376 5399
5892 347 7270 722
9274 5441 9582 6711
558 135 2962 289
7048 722 7270 1449
4406 8187 4521 8754
7422 5441 8048 6262
9917 672 9965 7138
693 8441 1686 9487
2370 6250 3987 7004
2081 2620 3638 3028
4053 9436 9633 9624
6203 0 10000 347
9774 4269 9917 7138
231 8613 693 9487
9099 9668 9956 9763
7836 7961 8088 9037
4054 722 4466 2065
1219 2225 1274 4732
7000 4752 8338 5441
3836 904 3931 1195
9965 347 10000 9668
9289 7501 9623 7904
1997 3263 2845 3595
1073 5043 1670 5066
6836 4269 7000 4862
2960 7138 5277 7674
