0 8598 733 8631
6663 6190 6901 6914
4862 7291 6153 7462
6153 5421 6663 7127
0 0 2244 563
745 7845 1289 8266
6848 56 7524 235
9523 2744 9669 6450
233 7161 1834 7271
7676 349 9415 527
3765 8136 6320 8219
170 1913 614 3793
170 1263 2712 1631
673 1913 1504 2404
6561 617 8230 1017
4775 4639 6064 6144
4366 8726 4795 9562
7296 3667 7982 4341
76 4908 233 7192
2984 2862 3403 6121
2311 6279 4274 6545
3801 216 4110 803
3408 2258 3530 3466
6823 4341 7893 4639
6561 1017 7373 1361
4862 6279 6095 7291
233 4446 735 5918
6577 86 6848 546
7421 8726 8909 8952
8909 8245 9998 8685
3408 4804 4083 5806
5266 3644 5684 4578
8355 2744 9523 3667
4083 4804 4775 5806
869 8476 5771 8726
3161 7065 3765 8476
6663 5183 7477 6190
3408 3644 5266 3785
8298 4341 8473 4928
3543 2373 4852 3189
6183 608 6212 1126
3087 8726 4366 9562
233 7271 3161 7572
9159 4341 9485 6078
869 8726 1403 9970
7296 2376 7814 2702
3961 8329 4972 8476
3765 7240 4121 7896
4030 9695 6380 9936
5001 1769 5564 3165
8298 6450 9051 7039
735 4446 1243 5918
8909 8688 10000 9562
5598 2376 7296 3189
4295 437 4313 1468
0 7845 540 8448
6307 9005 6543 9034
9669 5210 9972 6718
233 4293 1243 4446
6823 3189 7296 4341
1 2722 170 3623
3087 9562 9863 9600
3543 2258 4480 2335
1507 2782 2311 5450
9669 3301 10000 5210
5771 8245 8661 8719
8579 4341 9081 4548
3185 172 3271 319
6095 4639 6153 7291
614 2130 670 3014
1296 7572 3110 8447
1409 8726 1522 9990
1527 8745 2091 9992
1507 1913 2311 2782
5684 3644 6823 4578
6910 6242 7457 7796
0 4014 1507 4293
4274 6279 4862 7497
1834 6545 4274 7065
6153 7127 6663 7462
0 8631 869 10000
9669 2760 9840 3301
9892 0 9996 3019
5358 86 5598 1769
2984 319 3408 2862
1507 5474 1807 7161
4412 7497 6454 8082
7893 5965 8198 6243
0 3797 1210 4014
3737 3977 4775 4804
4370 1826 4487 2103
4526 1769 4962 2353
2244 14 6659 86
1243 4293 1507 5918
0 7572 1296 7845
7477 5183 7893 7566
170 1631 2712 1913
6663 4639 7893 5183
529 5918 1507 7161
5598 1838 6638 2376
3408 3785 3737 4804
3408 803 4295 2258
8298 5259 8487 6302
6380 9600 9823 9993
7477 7566 7893 8136
2091 9720 2997 9996
0 563 1356 1263
2712 6180 6041 6279
7421 8952 8818 9535
7814 1017 8355 3667
2002 7065 2969 7266
1834 5450 2216 6541
7893 4341 8298 5965
7296 2702 7814 3667
673 3603 1179 3677
8355 552 9891 2744
2244 319 2941 562
3745 3797 4076 3977
3543 3189 6823 3644
3928 5806 4159 6068
2712 4674 2796 5291
1217 2435 1486 3347
5598 551 8332 604
6153 4666 6478 5421
5266 4578 6816 4629
4775 3785 5266 4639
6327 8726 7396 8993
4862 7462 6663 7497
2091 8726 3087 9711
3087 9600 3719 9947
233 5918 529 7161
1356 563 2984 1263
4795 9034 7421 9562
4795 8726 5845 8949
2311 2306 2645 4065
4552 86 5358 1243
7982 3667 9523 4341
