8550 246 9655 1444
8094 7354 8338 7925
83 0 10000 57
897 3761 1365 5091
519 7483 1268 7954
7248 7105 8094 7275
4528 5874 7029 6289
2941 6451 4849 6881
5061 2848 5422 3315
546 9316 6232 9420
897 5091 1666 5637
897 5702 2933 5830
8391 2073 8450 5269
83 1345 157 8865
4110 4719 8391 4815
7722 672 8351 778
5903 2826 7312 4256
157 8149 4145 8271
784 1523 4743 1605
2594 8275 2924 8669
1666 4758 2683 5637
5319 7578 5641 8059
2683 5183 3804 5637
7084 1472 8130 1544
1268 6904 1837 8149
495 4198 897 5830
9300 8034 9544 9417
7248 6161 8094 7105
4743 1523 4810 3644
7084 1936 8795 2073
2311 534 4210 1041
2669 9021 6161 9316
1570 1438 4828 1523
9981 769 10000 10000
897 2122 1324 3563
784 1742 1333 2045
5061 1104 6131 1211
366 150 9655 186
6334 316 7139 1216
1475 3058 2845 3215
9655 57 10000 769
520 5830 879 6744
5359 186 9574 245
157 8855 2361 8865
2941 6333 4528 6451
546 8865 8094 8997
1807 6371 2233 6794
7532 5269 8637 5645
5061 3315 5422 4401
5677 7578 7188 8065
9437 3522 9542 6181
5319 8189 6061 8865
4828 2957 5061 4408
704 57 1208 148
2019 3927 3232 4335
7583 9361 9080 9420
2683 4718 3804 5183
1878 2619 2489 3051
1570 1308 2439 1411
5359 246 6499 315
5477 1211 5903 2848
8637 5269 8805 8347
1837 6904 2838 8149
8450 2820 8884 5269
9561 1448 9655 9039
3804 4718 4102 5623
6331 9425 6776 9495
1570 186 5359 436
6061 8189 7706 8865
5958 5269 6987 5823
8064 2826 8381 4468
3187 1605 3546 2265
2941 5637 4110 6333
6265 7144 7029 7578
4927 2532 5061 2903
8805 5269 8884 6216
7143 246 8539 666
7248 7275 8094 7729
173 8271 960 8803
9166 6218 9299 8876
3649 1605 4082 2373
1666 4441 3329 4489
8795 1448 9300 2820
6812 2073 8391 2355
7532 5645 8637 6161
157 1345 495 8149
1208 57 7166 150
5061 1211 5477 2848
8805 6218 9129 8235
8338 7354 8637 7925
3186 8271 5319 8855
7084 1247 8457 1448
6325 1223 7084 2036
8121 7925 8527 8764
7248 7729 7706 8189
4082 1605 4443 3761
879 6794 2941 6904
879 5830 1807 6794
6232 8997 9166 9361
5903 1492 6052 2586
5319 6451 6265 7578
5422 2848 5903 4310
8884 2820 9223 5072
495 186 784 4198
4443 1605 4743 3761
2683 4492 8391 4718
784 186 1570 1523
7166 57 9499 150
1365 3761 1666 5091
1666 4492 2221 4693
7084 1662 8728 1936
8450 2073 8795 2820
4145 6904 5319 7872
0 8865 546 10000
1570 436 2311 1056
1878 1899 2529 2603
1066 8271 2574 8824
4145 7872 5270 8261
5359 316 6049 1024
5884 4815 8391 5269
366 896 454 1069
6156 4344 7285 4408
4853 4815 5219 5874
8094 6161 8637 7354
4503 4412 6564 4492
0 0 83 8865
8376 9420 9233 9825
5903 2735 8241 2810
1475 2253 1860 2620
8601 8422 8616 8561
2756 3258 3122 3761
83 57 366 1345
1807 5830 2941 6371
6504 2436 7940 2696
2311 436 5359 534
4110 4815 4853 5874
4110 4718 7666 4719
6358 6548 7029 7144
1570 1412 4665 1438
546 8997 2669 9314
7029 5269 7248 7578
1475 1704 2137 1899
784 2122 886 4121
7706 8224 8010 8667
4528 6289 6237 6432
3461 9495 4140 9832
4110 5874 4489 6319
5219 4815 5884 5874
8637 8347 9035 8635
9655 769 9981 10000
7248 5269 7532 6161
2838 6904 3717 8102
2233 6525 2922 6794
