3517 5462 4955 5656
7564 5704 7622 9684
6839 2522 7048 2616
7075 1131 7401 2357
7625 3865 7782 9425
1581 106 2534 2623
6325 6427 7564 7176
5707 6427 6325 8561
9623 2248 9955 3046
3418 1901 4422 2535
7110 9289 7548 9976
6839 3865 7625 4922
8976 7667 9749 8292
2865 8787 4330 9247
750 5181 2865 5944
0 0 110 10000
5948 3141 6839 3917
9294 3880 9459 4317
4727 459 6839 1901
7401 1131 8397 2248
6175 394 7062 459
6806 5704 7564 6427
110 6726 375 9915
6554 4250 6839 5117
605 5944 774 8619
7782 3865 8952 4530
7625 9425 8240 9856
289 3455 340 4722
8481 1458 8572 1831
375 3425 506 6291
7782 4530 8423 4619
667 379 1581 2464
8952 4323 9787 6503
5948 1901 6839 3141
5620 5117 5972 5674
2993 2960 3310 2996
5972 5117 6839 5704
3517 5704 3868 7093
3361 3789 3517 8787
6839 3182 9623 3730
8921 1250 9256 2248
8572 459 8921 2248
348 106 533 3132
9389 8472 10000 9856
4488 8067 4829 9287
8240 8472 9389 9856
7112 621 7113 1131
5147 8067 5684 8543
3961 3267 4242 3789
6839 3730 9623 3865
4047 7093 4488 8388
7782 4819 8240 9425
8957 7422 8966 8103
2534 106 3586 698
784 5944 2832 7764
605 2857 2363 3094
3868 6427 5707 7093
6325 7176 7564 8561
110 3326 289 6726
9256 1250 10000 2248
8429 5202 8818 6764
3868 5704 6806 6427
4488 7093 5707 8067
4681 2808 5423 5450
4832 8067 5147 9289
9787 3865 9986 5566
750 3094 2073 5181
8240 4819 8435 5159
2073 3094 3361 5181
5948 4250 6554 5117
5147 9107 7564 9289
375 9583 4832 9915
8921 84 9837 1250
838 156 1048 379
4242 2808 4680 5434
8976 6503 9777 7660
375 9326 4832 9583
7401 2248 9623 2799
8240 8368 9764 8472
348 0 3586 106
3517 3789 4191 5436
3517 7093 4006 8429
5948 3917 6839 4250
784 7968 2430 8961
110 9915 4552 9997
5423 1901 5948 5117
7564 9856 10000 10000
784 9293 4781 9326
2865 5181 3361 8787
5147 8561 7564 9107
605 2623 2461 2808
2619 2623 5302 2697
626 4457 750 4676
110 0 348 3326
3361 2808 4181 3234
6839 4922 7625 5704
4832 9289 7110 10000
2534 698 3586 1901
3586 0 4727 1901
2534 1901 3406 2527
6839 2799 9623 3182
