3188 3600 3639 3916
1608 3832 2152 4641
3212 8303 3491 8786
5349 8037 5902 9469
0 140 288 1579
5012 1218 6745 2149
5847 140 6745 1218
2649 5965 4638 6049
1380 8853 2266 9545
1380 140 1472 8853
6745 1351 7624 2065
2323 140 2649 3778
8419 4543 8909 7085
3644 9545 3992 9904
364 6053 907 7368
4132 140 5772 481
9388 1962 9925 2388
9388 734 9960 1571
444 672 901 1833
4095 9585 5266 9867
5195 3600 6267 4312
8547 702 9361 1943
1472 7313 3878 8303
3323 1743 3669 2104
2227 6052 3062 6608
117 7368 162 8684
7772 140 8211 983
4814 482 5330 1190
907 7931 1374 9710
1472 3832 1608 7313
1608 6636 3878 7313
3639 3600 5112 4299
5902 7460 6759 9088
6613 2149 7772 3600
3115 140 4122 1213
3878 6052 4675 9545
2266 9367 3823 9545
4861 5965 4932 9181
8798 7733 9845 9368
7714 7085 9960 7733
364 3236 907 6053
3113 6052 3774 6617
162 8346 907 9407
2227 4938 2551 5879
7772 1943 8368 3600
3115 2986 6613 3600
3115 2149 6613 2986
8368 1943 8618 2883
3115 4543 4959 5965
8701 2502 8902 3969
162 7368 907 8346
2718 4340 3115 5800
1472 140 2227 3832
907 140 1330 7799
6759 5556 7714 9469
4959 4543 6431 5449
1545 8303 1607 8760
7714 4543 8419 7085
2649 1197 3022 4087
7714 9797 9982 9996
6267 3600 8701 4312
5902 6579 6349 7460
1607 8303 3113 8828
3309 1218 3957 1670
2266 8853 3878 9367
9388 2406 9882 6268
1608 4662 2047 6525
6745 140 7772 1351
9960 0 9998 3030
4959 5534 6428 5555
4203 1743 4649 1993
3639 4312 8701 4543
4959 5556 5349 9545
6437 4925 6818 5556
9206 1943 9388 2491
0 1833 907 3236
7772 1170 8195 1724
8909 2502 9341 6483
8218 0 8425 1941
4796 1218 5012 1531
9208 86 9790 503
1380 9545 3644 9906
5403 482 5847 1165
5349 9469 7714 10000
7714 7733 8798 9797
5349 5556 5902 8037
4675 8724 4759 9545
0 9407 907 10000
907 9906 5349 10000
0 11 6064 140
116 3236 364 7368
0 3236 116 9407
1355 140 1380 4017
5902 9088 6759 9469
