5767 7141 8229 8487
9338 2590 9758 3419
0 1643 201 3034
2683 1361 4990 3083
3750 3267 5767 6384
2394 7143 2461 9195
8961 7141 9330 8177
5866 5357 7285 6521
7830 3796 8221 4270
0 3463 3544 4973
1865 1643 2058 2764
4990 0 7357 670
8234 1190 8734 4804
5767 6762 9338 7141
2739 4973 3743 8139
7357 1190 7420 5357
3862 8921 6999 9355
1669 5698 2288 6202
9839 558 9976 6417
3869 6384 5767 6796
2284 3083 5767 3267
8642 4804 9147 6107
8734 1190 9338 4804
845 4973 952 7098
7420 1190 8234 3568
6999 8929 10000 9813
961 5541 1633 7143
3750 9813 9901 9900
5767 3083 5866 6762
9338 1190 9726 2304
845 7143 2392 9493
2461 8762 3750 10000
139 4973 845 9189
7357 428 9839 1190
1911 94 2284 1464
7420 3568 7830 5831
3928 8487 4879 8790
3750 9355 6999 9813
7420 5831 7830 6762
6634 670 7357 5357
2461 5025 2523 8762
845 9493 1332 10000
8229 7141 8234 8204
2523 4973 2738 6316
0 0 4990 94
5866 2648 6634 4577
3869 6796 5767 8487
1332 9493 2461 10000
3790 7090 3869 7245
7357 0 9839 428
9338 4474 9751 7843
4990 670 5800 2547
5866 670 6634 2648
4884 8487 7793 8794
2683 94 4990 1361
7111 8843 8166 8929
2284 94 2683 3083
