0 3973 283 4897
845 3722 2747 3973
6021 810 6583 2250
635 7113 1377 7829
8694 5973 9584 6416
573 6344 2546 6750
0 9599 2708 10000
4525 8394 5645 9451
9696 95 9874 1831
257 3254 2747 3722
3147 8844 3691 9055
4110 7913 5645 8394
3147 9055 4003 9946
8283 309 8340 2772
5273 3821 6518 5084
267 487 1930 709
7329 95 8283 579
573 4716 4196 5084
5645 7913 9459 8348
6755 6327 7928 7060
573 5084 2805 5729
7702 2881 8283 4149
8941 2090 9642 3205
288 4379 3038 4716
3038 3040 3483 3647
8941 3205 9534 5469
4044 5362 5715 5618
257 2925 2317 3254
7962 6199 8414 6968
2608 6342 3125 6713
5273 1352 5742 2309
5742 2881 7702 3821
5887 9217 9246 9788
5645 8348 9459 8525
5906 9136 8641 9205
3483 1602 4837 2758
7333 3821 7702 4149
7333 4149 8345 5084
2212 9389 2522 9599
869 7898 2708 8984
288 3973 3038 4379
257 0 9874 95
2147 8984 2419 9341
288 4716 573 7898
4882 1352 5273 5084
3147 7092 3189 7550
2805 5260 4044 5729
4168 8394 4525 8820
6583 579 8173 1562
17 2434 257 3296
3654 95 7329 579
5145 579 6583 810
573 5729 1328 6337
3483 582 5133 810
9459 6416 9584 9136
4110 9451 4489 9899
4650 6263 6048 7061
23 5281 288 7444
8345 309 9683 2090
869 8984 2147 9334
4110 7455 7251 7913
3038 579 3483 3040
6518 3821 7333 5084
7115 1562 7571 2881
1377 6750 2708 7898
1368 5729 3191 6337
257 1264 1750 1367
4049 7424 4110 8700
5273 2309 5742 3821
8345 2090 8380 3901
5645 8525 9459 9136
4196 2758 4882 5084
1408 9334 1437 9521
3282 4564 4196 4706
3195 6173 3601 7304
6760 6199 7962 6266
573 6750 1368 6931
2750 95 3654 562
3038 3647 3483 4564
299 1621 1239 2813
2805 5084 8345 5260
3147 7822 4021 8144
4110 9903 9594 9996
6755 5973 8694 6199
6583 1562 7115 2104
3491 2909 4078 3936
7571 1562 8283 2881
0 3722 760 3966
9584 5973 9642 9136
3195 5760 6153 6173
6498 5358 6755 5660
6755 5358 8941 5973
843 7898 869 9580
8694 6416 9445 7863
2747 579 3038 3973
9874 0 10000 10000
6583 2104 7115 2881
5742 810 6021 2250
5742 2250 6583 2881
8660 6530 8694 7061
8173 579 8283 1562
3619 7097 7249 7366
3483 810 5742 1352
3195 7366 3591 7809
9642 3299 9828 5853
0 7898 843 9599
4044 5271 8714 5358
2317 95 2747 3254
470 711 1290 1162
1930 95 2317 2925
8283 163 9610 309
2708 6750 3147 10000
