5911 6234 8289 6623
1204 3113 1491 3250
2297 2362 3290 3227
3162 8748 4454 9406
8726 3144 9763 3424
623 3899 667 4540
8289 5849 8559 8808
757 6006 1541 7194
8289 8808 9321 9367
3315 4604 3488 4963
828 8059 2282 8748
2713 8059 5210 8605
4884 0 5314 660
1998 9406 4454 9576
656 0 962 3070
8559 6472 9510 7223
5376 5330 5619 5849
7184 7723 7866 8053
2366 0 3679 613
2282 8059 2712 8614
2099 613 3290 2362
1193 5663 1974 5836
1998 8748 3162 9199
7184 8053 7866 8891
9510 5917 9655 7036
2437 9576 3212 9987
4932 3592 5376 8011
757 4968 1999 5663
2230 2362 2297 5607
3679 693 4132 888
8559 5374 9767 5917
1265 0 1303 1071
1999 3070 2230 5607
8559 7223 9321 8808
5124 768 5697 1179
6072 2988 6635 3059
5376 6234 5911 7302
6847 0 7836 1668
5911 6623 7421 6701
6120 830 6827 2059
6847 1889 7747 2931
7015 3592 7478 5517
3290 613 3679 3227
917 8748 1998 9576
1306 1139 2099 2362
1306 0 2360 608
4311 8033 4565 8059
2297 3227 7693 3592
0 1790 654 1894
7421 6623 8209 6694
9430 3935 9489 4847
2297 5125 4932 5607
839 5858 1538 6003
474 1896 656 2905
6380 8622 7184 8968
1998 9199 3162 9406
6380 7280 8289 7723
5376 7302 5911 8639
9321 7868 9674 9367
833 9500 917 9717
667 3899 1999 4968
8592 47 8717 5374
7866 9367 9767 9750
962 0 1265 3070
9054 0 9651 3144
3066 3592 3827 4567
3827 3592 4932 5125
9 5435 250 5867
5376 5849 8289 6234
8559 5917 9510 6472
0 1896 328 4968
499 4968 757 6155
5911 6701 6380 8968
5424 2511 6838 2930
4728 688 5100 1866
4135 868 4434 909
6942 9750 10000 10000
757 5671 1182 5858
2297 3791 2530 3894
3679 0 4875 654
9321 7223 9674 7868
9767 5374 10000 9750
757 7194 1372 8011
7184 8891 7866 9750
9763 0 10000 5374
8726 3424 9429 3948
4728 2511 5424 3227
328 3070 1204 3899
6942 8968 7184 9750
7866 7723 8289 9367
2282 8639 5440 8739
6349 3720 6875 5148
8943 3948 9382 4927
8775 774 9054 2060
250 8059 828 10000
9497 3424 9733 5365
8726 3948 8868 5337
1541 6784 4888 7955
8352 1883 8529 5784
3679 909 4728 3227
5822 5148 6846 5724
4649 6032 4820 6709
9674 5917 9767 9367
1306 613 2044 1136
1372 7194 1541 8010
1541 5858 1965 5993
7693 3227 8352 5849
4728 2059 6847 2511
4454 8748 5911 10000
5911 8968 6942 10000
2168 5925 4814 6023
6380 7723 7184 8622
6380 6701 8289 7280
9651 326 9753 2331
1999 5607 4932 5925
1306 2362 2177 3058
408 981 561 1790
