2671 8811 3726 10000
5741 1846 6246 5741
7598 6927 9728 8508
1473 9038 2671 9384
7866 5884 8738 6927
1433 1354 6688 1446
3726 5926 4168 10000
7598 4751 8738 5884
8772 0 10000 4129
9728 4129 10000 10000
6871 5722 6916 7124
980 1079 6929 1354
4168 7806 5189 8107
2514 4379 3427 5084
6717 1354 7376 3636
2639 7673 2961 8770
6916 3958 8761 4129
3595 1769 5652 2984
8738 4751 9728 6927
0 4702 2459 4890
6362 3952 6767 5255
1060 1354 1433 4379
288 9384 1102 10000
552 5929 1903 7673
288 6323 552 9384
552 5741 6518 5926
552 7698 2639 8342
4168 7230 5202 7806
6916 4129 8336 4245
0 4890 382 6304
6006 8508 8463 8834
3595 2984 5740 3879
552 8342 2270 8758
4168 9573 9728 10000
3022 5926 3726 6615
3595 3886 5741 5741
5796 227 7041 676
6916 4245 7598 8508
8092 8834 8463 9573
1433 1459 5626 1748
4168 8138 6524 8470
0 0 5796 853
7214 24 7741 643
1102 9384 2133 9940
390 4890 1599 5681
0 1354 1060 4379
8209 719 8772 3952
3022 6615 3726 8811
2965 7673 3022 8807
390 6248 523 6323
1929 5926 2961 7653
552 7677 1837 7698
4168 8508 6006 9573
6271 2762 6608 3324
6006 8834 8092 9573
6024 5926 6447 7184
7667 6135 7866 6760
8336 4129 9728 4751
0 853 7214 981
7598 4245 8110 4585
6518 5741 6732 7040
4168 5926 6024 7230
8463 8508 9711 9539
0 4379 2514 4702
0 6323 288 10000
7786 0 8033 944
3549 2784 3595 4256
7721 981 7751 2650
1433 1769 3290 3026
5202 7230 6828 7806
