6355 9358 7211 9788
1197 5490 2499 6147
6422 7780 6871 7928
7271 1225 7468 3145
3158 4292 6509 4431
5225 7567 6788 7780
6113 401 7771 1218
2596 4431 5419 4814
506 3234 598 5673
1550 8826 3872 9112
261 7780 2922 8031
5499 1736 6295 2436
261 8331 2206 8484
1999 4746 2360 5422
5499 3049 7084 3788
1550 9417 1944 9956
261 8484 1015 9684
2233 7405 4770 7497
2233 7018 3057 7403
3531 7781 3930 8331
9423 8931 9473 9733
2857 4338 3158 4399
1192 108 3859 429
7211 9638 9373 9847
1317 4758 1989 5129
9244 5617 9420 6478
5902 7030 6632 7244
2420 4061 6509 4292
7271 3523 7509 6067
9970 1610 9994 9419
2314 6977 6847 7004
4648 5932 7271 6223
5051 1279 7007 1694
7035 8026 7380 8791
9349 1800 9462 1896
1944 9417 2576 9956
5924 108 6105 1079
4249 8086 5248 8312
4281 1225 5889 1277
1828 649 2139 1235
1317 5129 1999 5490
8556 8003 8931 8766
8734 5652 9227 7133
5292 8086 5389 8253
216 2120 494 6690
598 6274 2225 6322
3872 8331 7035 8791
2833 429 3324 2118
3294 7274 6906 7405
8320 3186 8650 4068
1192 429 1828 2120
1894 1235 2085 2026
25 201 214 3073
6509 3830 7140 5885
2596 5811 3086 6259
8457 7522 8931 8003
4437 8791 5735 8912
9512 1610 9970 4395
763 4934 1317 5137
8878 3781 9455 4066
3887 2120 4170 3354
4930 5597 6509 5932
216 7281 2233 7605
9529 4395 9734 7522
7143 0 7588 396
216 69 637 2120
8118 3523 8320 5018
9736 4395 9775 6656
4206 6749 5560 6865
3096 5811 4513 6375
7956 6628 8135 6977
4452 1279 5039 1604
3966 4814 4019 5401
637 69 1192 2120
3872 8990 4509 9149
2144 3354 4170 3788
261 8047 2967 8322
570 2428 1470 2806
2576 9788 7211 9852
3901 681 4529 1010
4097 108 5924 681
2206 8376 3777 8394
6422 8026 6890 8297
3241 6411 7509 6749
7203 1736 7271 2167
216 9956 9970 10000
598 4431 2175 4692
7836 7522 8457 8631
1015 9160 1505 9239
0 3186 216 10000
6530 362 6951 401
2576 9852 6527 9956
1828 1235 1867 2120
5419 4431 6194 5597
261 7605 2233 7780
7380 8631 8272 8787
1015 9239 1550 9684
9467 3853 9512 4391
1301 6411 2314 7018
926 2806 1470 4431
4170 2120 5046 3786
3859 108 4097 681
570 2136 3522 2428
6366 1736 6893 2749
1550 9112 3872 9417
4150 4814 4648 5159
8320 4100 8652 5006
9271 259 9890 1610
4868 9358 6355 9788
4104 1279 4217 1892
219 7605 261 8653
7211 9034 7284 9415
2205 429 2833 620
8072 8943 8663 9034
0 0 25 2851
4648 4814 4930 5932
6527 9852 9775 9956
2147 1170 2695 1953
2420 3830 6509 4061
3930 7780 6422 8086
2402 4746 2596 5462
2420 3788 7157 3830
8671 3145 8719 6387
2576 9417 3872 9788
9387 9034 9422 9808
7509 3523 7741 6084
6194 4431 6509 5597
2596 4814 3959 5697
8734 31 9824 259
598 2806 926 4431
216 6690 1301 7281
7741 3523 8046 5282
4512 9149 4868 9788
3872 9156 4285 9373
494 2120 570 2806
598 6447 1169 6690
2314 6411 3240 6748
7468 1902 7599 2708
7771 0 8107 1499
216 4 7023 69
7509 6084 8107 6616
3022 7780 3496 8315
7157 3523 7250 5574
9890 0 9997 1586
8110 5170 8548 6011
9051 259 9271 2246
9775 4395 9970 9956
4529 681 5924 1218
2144 3788 2413 3953
4648 6223 7509 6411
1470 2428 2230 3046
1192 103 3729 108
2230 2428 3887 3046
1301 7018 2198 7115
4868 8931 7211 9358
5170 1736 5429 3409
6906 7244 9529 7522
2144 3046 3887 3354
9462 5322 9500 5731
4930 4814 5419 5597
7588 0 7743 383
8135 6700 8626 6958
7648 2659 7769 2800
7380 7522 7836 8631
8931 7522 9483 8931
1470 3046 2144 4292
3872 9373 4512 9788
3859 1218 7493 1225
216 9684 1550 9956
3325 429 3809 2086
7271 3145 8320 3523
9483 7522 9771 9095
1550 8484 3872 8826
