7807 8658 9130 9560
6029 8320 6961 9230
4311 1483 7384 1566
1886 3410 2044 5449
5074 8077 5760 9464
0 5953 2367 6425
7914 3086 8041 3390
9858 5307 10000 10000
21 2838 234 5260
1874 6425 3624 7259
8937 5477 9130 6592
234 2838 1993 3054
643 1079 1676 2837
3873 288 4311 1596
3662 8218 4192 8682
3543 5449 5975 6425
7119 6091 7181 8788
8154 6592 8226 8229
9069 0 9308 869
2826 4760 5933 5364
6144 978 8266 1152
5407 1596 7914 2246
7918 1773 8554 1798
2367 5449 3543 6425
8609 3499 9130 5477
1676 1596 5407 1931
1676 1931 2742 2838
5787 6425 5975 9560
1187 7259 3353 8193
8554 1720 9316 3499
5394 86 5680 393
0 6425 1187 8193
0 9677 1601 9961
170 8193 947 9676
6144 0 8202 808
9316 820 9826 3499
3353 7259 3604 8185
2742 2944 4151 3400
5407 2246 6363 2944
7184 5477 7807 5700
9316 0 10000 820
1837 9340 2514 9411
5069 3523 5956 4661
2826 3540 5020 4712
5975 5449 6029 9560
418 4427 1886 5277
6029 3523 7119 7396
8216 0 9052 762
2742 1931 5407 2944
8226 6592 9130 7383
1000 8939 1837 9626
4226 8077 5045 9524
7807 5477 8937 6592
1837 9411 3624 10000
4548 2944 6363 3362
2044 3632 2799 4466
234 5449 2367 5953
9130 7233 9826 9635
2044 4466 2826 5449
9858 1802 9901 5307
9130 3499 9647 7233
6144 823 8997 893
2137 872 2418 1596
3624 9817 9858 9925
9647 4694 9722 7233
2826 3410 7119 3523
6029 7396 7119 8320
7807 8232 9130 8658
4311 393 6144 1483
8554 1045 9291 1720
234 3410 1882 4426
4192 6756 5787 8077
4192 9561 8959 9635
3624 6445 5271 6756
6363 2246 7119 3410
1187 6425 1874 7259
3624 9925 4173 9995
38 403 3873 804
6144 1152 7481 1450
3624 9635 9826 9817
7181 7300 7746 9469
8226 7383 9130 8232
7181 6091 7756 6462
0 0 4311 288
7119 3499 8609 5477
947 8193 3624 8939
164 1079 643 2371
7119 2743 7890 3499
3624 6756 4189 8139
9826 820 9858 9817
0 810 1656 1079
