8951 3293 9508 3864
8951 4060 9999 4548
2376 4204 5779 4696
4864 590 5267 2012
1301 656 1873 1404
3583 4696 5428 4798
5829 1448 6510 2228
155 6903 674 8306
64 6903 155 8270
1159 6351 4488 6617
709 7000 2301 7648
0 437 120 6889
6437 2822 7035 3485
7760 3293 8043 4327
8064 4259 8182 4848
3570 6218 5108 6341
132 1404 465 5215
6894 3577 7760 3616
3583 4800 5561 4930
5099 7725 5525 9389
7760 590 8363 2760
8527 3293 8938 5658
3479 7000 5525 7725
5067 9422 7928 9627
1367 6642 4710 6738
9188 6224 10000 7897
2508 677 3284 1543
132 590 1218 1207
7249 7000 7775 9422
8951 4548 9997 6218
2574 5453 5648 5786
8609 8329 10000 10000
611 9427 816 9495
7313 5833 8951 6224
8738 0 9411 103
5174 5786 6467 7000
155 9050 3400 9410
727 3720 3303 4188
5648 4799 5766 5179
9649 2127 9887 2491
6518 1870 7758 2232
727 4326 1159 6627
2515 9564 3466 9968
3634 2822 4596 4204
1112 8255 1584 8968
7775 7037 7920 9422
5428 3595 6147 3698
6849 3616 6912 4869
5067 9627 7928 9701
3634 590 3981 2276
8358 7000 8509 8394
8547 9233 8608 9556
7760 2760 9649 3293
8609 7532 9179 7586
0 0 8738 50
727 4188 3579 4204
727 1788 1119 2689
1159 4326 2376 6072
4753 6351 5130 6860
486 1404 2211 1788
4746 3704 5779 4168
5285 590 7160 1348
1081 6908 1869 7000
412 5298 727 6857
2508 1543 3303 3720
155 9495 1524 10000
7313 3616 7760 5833
3479 7725 5067 8708
7760 4848 8477 5833
7928 8053 8148 8619
709 8170 1112 9050
8363 2127 9649 2760
2211 590 2508 2689
2699 7000 3479 8170
4864 2238 7745 2814
6147 4146 6848 4286
727 6762 4408 6895
8609 8083 9318 8329
8363 590 8935 1920
2574 4696 3583 5453
727 2689 2508 3720
2301 7000 2699 8170
727 4204 2292 4291
2574 5786 5174 6218
8970 718 9978 2127
8216 7000 8358 7767
236 8554 709 8988
2396 5006 2574 6044
4649 8708 5067 9937
1159 6141 1955 6351
0 50 8738 228
4596 3553 5533 3563
3479 8708 4546 9980
5779 4286 6467 5786
3303 590 3634 4188
1119 1788 2211 2689
7928 9556 8609 10000
7928 8619 8547 9556
5525 7000 6902 9422
6912 3616 7313 6224
3634 2276 4744 2822
709 7648 1425 8089
6518 1448 7722 1870
1524 9450 1805 9807
5067 9701 7928 10000
3981 590 4744 2276
5285 1448 5825 2226
3583 4930 5326 5357
486 1788 724 5064
6902 7000 7249 9422
6912 6224 9188 7000
5096 2822 6385 3438
132 228 8738 590
4744 1585 4845 2319
6467 4286 6805 6942
