9088 1066 9435 2492
5839 8687 7111 9617
7350 4804 7978 6434
7110 2503 7960 2661
8757 9061 9681 9995
7437 9061 8049 9606
120 5340 496 7888
2244 458 2464 737
7476 2666 8425 2683
7111 8973 8116 9061
3673 439 3970 1158
8648 4404 8912 5406
8407 6699 9490 6768
9256 4325 9774 5343
2869 6139 5948 6434
7111 8757 9416 8966
6476 1878 8972 2280
7350 4332 8560 4804
8362 9061 8757 9987
4952 1392 5692 2275
8264 7309 8577 8245
5830 2818 6340 3096
2483 3975 4399 4117
7042 6434 7820 6593
296 9877 5839 9907
2483 3348 2921 3975
2240 737 3000 1330
8003 3225 9856 4282
5692 1516 6439 2177
9681 7309 9986 9468
6476 1604 6643 1872
2709 78 4996 195
650 2818 1077 3348
1826 1360 2673 1630
7621 1211 9032 1571
2109 6144 2810 6472
8300 8245 9426 8687
2869 4456 3798 6139
5948 5614 7327 5735
496 5355 552 6302
120 9907 5806 9975
1826 1630 2108 1690
6814 7895 8073 8231
4742 6928 5566 7819
5077 8961 5837 9235
108 729 267 1322
93 9987 8757 9995
5839 9617 8362 9987
3798 4456 4399 6139
267 1694 825 2694
267 195 1097 1694
3070 8961 5066 9676
296 7888 1179 9444
6838 4360 7166 4702
7978 5406 9893 6652
4742 7845 5523 8242
1077 2818 2347 3348
1179 8399 1811 9877
4932 2492 9109 2494
7759 6768 9893 7309
1811 6796 2341 7248
5920 8448 8212 8683
5991 6652 7184 6723
93 2694 6342 2818
6838 3178 7350 4360
3673 2503 5401 2660
1227 6492 2835 6796
650 4508 1227 6796
8926 4325 9225 5387
2353 8448 5920 8658
2673 1360 2937 2407
267 78 2709 195
2921 3849 4880 3975
6285 463 8294 1066
3735 6434 3796 6721
4399 3975 6838 4714
496 6796 851 7888
9856 1191 9893 5406
1811 8687 5839 8961
2654 4218 2869 4252
4742 6434 5538 6906
4880 3849 6838 3975
3976 439 5309 976
1811 7248 2296 8012
93 2818 650 5340
0 9995 9681 10000
2341 6796 3943 7151
267 0 9435 78
296 9444 1179 9815
1097 439 1826 1694
7111 9206 7394 9617
8577 7309 9426 8245
2921 3368 6058 3773
6342 2694 8598 3136
4513 1246 5807 1392
2341 7151 4130 7556
1179 6796 1811 8399
5948 4714 6851 5506
2297 9682 3925 9872
8346 344 8357 1047
1867 775 2240 1360
8073 7309 8264 8245
5637 439 6275 1057
5948 5735 7350 6434
9435 100 9623 1191
825 1694 2673 2694
3774 1211 3979 2080
9426 7309 9681 9061
4746 2374 5575 2404
5692 2293 8370 2477
2921 2818 3387 3325
4399 4714 5948 6139
3943 6434 4742 7151
5352 78 8346 439
6476 1211 7589 1601
296 9815 1179 9877
1227 4508 2109 6473
2347 2818 2358 3072
2109 3348 2483 6144
3979 1211 4445 2228
130 7888 296 9190
7978 4848 8640 5345
9435 1191 9856 2492
5573 6434 5991 7843
93 5340 120 9246
1811 8961 3023 9636
46 2741 93 8965
3976 1066 9088 1211
4996 78 5352 439
1982 8245 8300 8437
1097 195 4996 439
650 3348 2109 4508
4909 2818 5620 3342
851 6796 1179 7888
6342 3224 6834 3849
3194 439 3673 2040
2869 4117 4399 4456
6646 1604 9088 1877
9893 780 9994 7109
7588 6876 7759 7229
