658 0 2617 235
4674 3746 5797 4333
144 5694 1297 6117
524 5580 2236 5694
1860 908 2961 1995
524 5474 6885 5580
5285 2486 6304 3134
2236 6511 2748 7703
1354 908 1860 1920
7761 3798 9832 4206
1247 8350 2674 8777
7871 9668 10000 10000
9490 8559 9926 9143
7761 3449 7911 3798
2961 1589 5022 1995
8899 7596 9091 8335
1061 6769 1484 6840
6745 3857 6934 4301
8356 5572 9124 6203
7307 3348 7761 4206
2594 5580 6095 5672
3769 5672 4514 6511
9742 4206 9832 5262
9124 5572 9832 6203
3533 2486 4376 3291
8966 1585 9839 1893
2062 8812 2518 9573
1860 1995 6659 2001
4835 8350 8176 8559
6301 3348 7307 3857
2695 8350 2900 9404
7495 4646 9497 4885
7247 420 8093 902
497 6445 650 7772
8176 8360 8637 8557
8455 9143 9926 9668
7307 4206 7495 6668
7495 5572 8356 6668
2828 6851 3146 7570
1487 6755 2236 7731
524 0 658 5474
6959 6668 8242 6785
6304 2459 6586 3056
650 6755 1061 8812
5564 7854 8745 8350
144 8812 1301 10000
5564 7425 5945 7822
6885 4333 6959 7425
2521 2414 5754 2486
3309 420 7247 904
5022 1589 6659 1995
3825 6851 4514 7300
4989 6355 5837 7357
1312 9903 4794 9993
8850 6668 9668 7486
4376 3201 6301 3291
8099 3348 9926 3798
2787 5147 3802 5412
0 1869 144 10000
5202 8948 6453 10000
4989 5804 5026 6355
658 235 797 1013
2521 2004 4804 2414
6959 3857 7307 6668
154 6117 368 8630
2617 65 5081 235
6453 8948 7871 10000
9832 3798 9911 3854
3533 3291 5797 3746
7240 1589 7680 1880
2915 3746 3271 5101
4514 5672 4989 7300
3271 3785 3738 4151
7495 5280 9497 5390
9056 4206 9232 4612
3271 4812 3798 5023
4872 2001 5724 2387
658 1013 797 1920
3146 7300 4989 7731
7495 5390 9497 5572
4835 8559 7871 8948
9497 4206 9716 4325
3802 3746 4115 4885
3460 8350 4835 9896
144 5095 499 5375
8356 6203 9832 6668
2562 235 9841 420
7240 2748 9579 2986
3615 6851 3825 7200
2773 6722 4424 6851
1087 1920 1860 3746
7871 8559 8455 9668
5797 3291 6301 4333
2562 420 3309 904
9841 0 9926 3201
2236 5580 2594 6511
9256 7596 9924 8536
6095 5580 6885 7425
5081 65 9841 235
650 6117 1297 6755
7632 1999 9063 2747
1297 5809 2188 6686
1061 8300 4160 8347
1860 2001 2521 3746
2594 5672 3769 6511
4835 8948 5202 9931
5754 2001 6009 2464
7495 4885 9497 5280
6380 4333 6885 4715
4177 4333 5549 4848
2617 0 9841 65
1354 904 7247 908
4177 3785 4392 3936
1487 7731 4989 8300
797 235 1354 1920
4173 4904 4496 5359
1181 3746 2713 4746
1354 235 2562 904
5970 7425 8822 7819
7078 7288 7983 7401
6850 3258 7727 3348
5584 4360 6327 4499
6659 3034 9819 3200
9497 4345 9739 5481
7495 4206 9056 4646
4989 7572 5553 8029
2961 959 6822 1589
9926 0 10000 9668
9366 521 9841 1440
1061 6840 1487 8300
8455 8559 9490 9143
5868 6355 6069 7080
4376 3134 6103 3196
2773 6511 4147 6589
8113 420 8935 1876
1087 4123 1173 5474
658 1920 1087 5474
2521 2486 3533 3746
0 0 524 1869
144 1869 524 5095
5074 2486 5285 3025
6659 1589 7240 3034
