3446 7310 8108 8083
9481 1203 9621 3690
2 1351 41 8520
41 1922 3569 3106
4355 3106 5788 7310
2460 7144 2566 8441
8108 7846 9830 8068
5788 4268 7207 5432
7335 4268 8117 4505
41 3106 2699 5102
41 1841 2712 1922
5059 0 9839 319
8480 4268 9105 7738
5788 6735 8108 7310
2699 3106 3401 7634
7335 4633 7779 5226
5710 8929 8002 9523
1166 5583 1670 6202
9839 558 9976 6417
3448 5640 4355 6562
3569 2738 5370 3096
9146 3691 9651 4994
6698 2648 9481 3691
931 5102 998 8496
7259 1351 9481 2648
8166 8487 10000 9813
1012 6279 2258 7143
2725 9813 8876 9900
5788 5581 6407 6277
9208 319 9677 1203
1012 7143 2460 9538
2725 8929 5676 9507
41 5199 904 8648
5059 319 9208 1203
914 0 2284 373
6698 3691 9102 4267
2725 8487 5578 8588
2725 9527 8004 9811
6624 6300 7589 6735
3569 1575 7259 2648
2460 8487 2720 9378
620 8889 1012 9529
8225 6454 8230 7517
2460 5102 2675 6445
2552 0 5059 183
5788 2648 6698 4268
2699 8083 10000 8487
0 9538 2213 9807
3838 6850 3869 7245
9677 319 9839 7846
9146 5162 9665 7843
0 1203 9481 1351
41 1351 7259 1575
2880 8701 6921 8922
2552 183 5059 1203
7744 8714 8166 8929
241 577 2552 1105
