3442 3510 3531 4339
6173 3876 6291 3965
0 7167 748 9677
2514 4496 2748 5041
6303 3876 7765 4504
2178 2867 5759 3104
928 7377 1174 9452
1606 5039 1967 6605
2132 2867 2178 5889
6173 4504 6601 4997
2481 1045 6366 1759
5569 7377 7189 7651
4407 1765 6568 1973
0 6671 9828 6756
1864 3 4662 252
5435 5973 6123 6256
6568 1508 7597 2002
1969 2771 2110 5081
0 5913 1606 6200
2178 3510 2937 4389
4384 3184 5375 4636
5082 7651 5499 9430
1174 7787 1473 8373
5435 6256 8769 6570
7765 5913 9061 6256
2110 6590 9828 6671
6601 4504 7765 4997
1967 5081 2110 6605
748 9452 3296 9663
6173 3227 7376 3346
2985 6968 5597 7167
0 9677 7662 9817
3057 7651 4063 8396
1967 471 4976 707
2110 6495 3420 6588
3781 6758 7341 6821
3476 4488 4008 5715
4194 3119 4384 6566
5435 3490 6173 4438
853 4353 1240 5913
774 399 1385 1408
6173 5944 7765 6256
0 6821 2985 7167
8000 8952 8086 9804
7765 3184 8293 5913
928 7167 5597 7377
3476 5802 4078 6476
582 399 638 2738
5435 4438 5771 5973
1864 713 6326 997
1477 2771 1967 3452
645 399 701 2336
6173 3346 7765 3876
6173 4997 7765 5944
0 4935 853 5913
4462 4660 5435 6554
1864 1045 2097 2368
8293 4111 9061 5111
0 2273 570 4353
8929 9737 9734 9824
2178 4389 2770 4496
8293 3184 9061 4111
3442 4488 3472 6543
3057 7377 5569 7651
2197 1765 2906 2169
7592 7503 7606 8026
8570 2002 9469 2850
5771 4438 6173 5973
1865 252 1967 712
1174 7377 2220 7787
570 3452 1215 4353
8570 2902 9209 3119
9061 3119 9828 4751
2178 3123 3420 3350
2776 4389 2937 6443
9483 2050 9602 2093
5500 9178 7729 9435
2178 3359 3983 3510
1174 8396 4063 8798
1240 4353 1967 5039
8293 5111 9061 5646
0 9823 8867 9994
1967 252 7923 471
2197 1094 2457 1765
748 7167 928 9452
701 2771 1477 3452
701 2588 8570 2771
4063 7654 5008 8057
8293 5646 9018 5905
4424 8063 5013 8790
1240 5039 1606 5913
1967 3666 1969 4986
3714 2002 8500 2234
8182 252 8523 1997
7923 264 8182 1508
5500 7651 6112 9167
2178 4496 2514 6495
6239 6588 9600 6590
9602 252 10000 3119
0 6756 3781 6821
2110 2771 7305 2845
9061 4751 9828 6582
1215 3452 1967 4353
9828 4193 9892 5736
5597 6968 5723 7341
4800 12 9422 228
4170 2255 8127 2442
4384 3119 9061 3184
570 0 1245 395
7899 1508 8149 1801
1174 8798 4676 9417
7191 6968 7592 9174
2236 7377 3057 7787
0 4353 853 4935
8523 986 9533 1965
2937 3510 3442 6495
6568 471 7923 1508
701 1452 1382 2588
3641 3510 4101 4332
4063 8063 4336 8712
1867 6605 2074 6659
5435 3184 6173 3490
0 0 570 1075
1517 7787 3045 8395
1385 0 1864 2588
0 1075 570 2273
0 6200 1606 6671
2985 6821 7592 6968
8000 7723 9253 8952
