6764 5931 7588 6639
7930 7050 8187 7201
8214 1662 8509 2653
9005 4629 9512 6942
1709 8278 3517 8315
1746 7860 1866 8226
3490 3687 4479 4503
8420 9489 9147 9802
127 7860 629 8697
3259 5556 6764 5798
1443 521 5025 637
204 1410 1343 2505
726 9314 1354 9568
204 2529 1327 2717
555 5657 1394 7860
7175 1263 7626 1992
591 2727 1394 4089
5025 1148 5893 2438
2127 5149 3935 5556
7243 8343 8767 8788
1394 7236 2640 7860
1831 3964 2127 6853
4604 962 5021 1421
1831 2727 2122 3922
2994 268 4418 494
1671 2091 5025 2438
1651 1410 1671 1951
2839 6894 4365 7693
6764 4401 8079 5931
8599 4629 9005 5842
9659 0 9769 1816
6772 1263 7175 2715
8654 6942 8918 8113
3209 1410 3561 1534
5477 7416 6395 8606
9664 2044 9766 5799
5438 2727 7690 3311
9512 8279 9661 8730
5041 3330 6274 3430
5777 6639 6395 7416
7690 2715 8047 3045
6423 8918 7618 9675
3720 2438 6772 2715
7588 5937 8160 6071
204 943 2451 1410
2480 4368 2754 4838
2127 5556 3197 5796
6027 3791 6855 4177
4900 3700 6696 3791
8079 5386 8372 5931
0 438 204 1562
53 6577 55 8064
2480 4854 4479 5149
6027 4401 6757 5146
7133 812 8162 1263
1406 6599 1831 7209
726 9568 4195 9670
2127 5819 4443 6029
2390 768 4169 938
1394 2727 1828 6271
1709 8333 5477 8845
1831 6853 2640 7236
2633 8845 3931 9388
204 2727 555 6577
5477 8606 6393 8844
3935 5149 6764 5556
1774 9394 3018 9537
0 1562 179 6488
1354 9394 1692 9563
7705 1263 8156 2319
8599 5842 9005 6942
7930 6071 8319 6956
1859 2438 3720 2536
629 7860 1354 8697
2379 1410 3209 2091
3947 8845 6423 9394
3490 3479 7823 3687
1435 7860 1709 8830
3886 1555 5025 2022
9097 827 9629 2003
1443 768 2380 939
8452 4629 8574 6342
9169 6942 9511 9206
2839 6036 5314 6894
127 9956 9169 10000
8451 7945 8599 8243
1443 637 4969 768
6395 6639 6672 8675
2127 4368 2480 5149
8452 3430 9512 4629
0 269 2943 438
1671 1410 2379 2091
1443 489 2144 521
2451 943 3672 1410
5893 1148 6772 2438
555 4314 1390 5657
2640 6029 2753 8015
8162 812 9097 1662
4979 3791 6027 5149
5477 5798 6764 6639
6855 3687 8452 4177
127 6577 555 7860
4560 9394 5019 9571
4365 6894 5477 8333
9156 2044 9484 3302
5492 6639 5777 7412
7588 6071 7930 7945
7700 8845 8912 9479
5025 734 6772 1148
6027 4177 8079 4401
2127 6029 2640 6853
2041 2715 6854 2726
5025 341 6567 734
2127 3311 3490 4368
7690 3061 8151 3311
3490 4503 4479 4854
2127 2727 3758 3221
4463 2727 5438 3291
65 6849 127 9631
726 9675 7700 9956
4479 3791 4979 5149
2839 7693 4365 8278
204 438 1443 943
6716 6639 7577 8136
9771 7811 9989 8077
6772 989 7132 1218
8472 707 9659 812
127 8697 1354 9314
127 9327 642 9956
3672 943 4471 1501
1564 8845 2633 9181
8932 6942 9084 9223
2756 4381 3454 4854
0 0 7133 268
