9583 3529 9756 5000
8112 3129 9114 3427
9114 2585 9574 5153
4404 989 5554 2373
3529 8338 4280 9203
3529 7082 4339 8338
8249 2585 9083 3106
1081 8879 1680 9694
0 0 108 10000
7977 5962 9482 7898
4378 7670 5010 8906
7749 3129 8112 5188
1453 2022 1730 2540
5185 5400 5842 7746
9482 5806 9916 7624
4378 5665 5108 7670
5856 5285 6097 6290
880 53 1211 120
5877 7597 6689 9036
108 7607 1778 8879
6232 932 6480 2544
7227 7898 8079 8740
2921 709 4296 2537
108 2768 574 7607
5842 7365 6721 7541
5842 4702 6601 5231
718 4816 2794 6712
2921 443 4341 707
7129 5806 7977 7898
3967 3129 5108 4193
7212 9098 7868 9911
7129 5285 10000 5806
7977 5806 9482 5962
1442 2540 5686 3129
574 6773 1773 7600
6570 443 9578 1348
8180 7898 8725 8140
5686 932 6232 3129
574 2768 1442 4816
6570 1348 10000 1851
4404 443 6542 731
1696 3164 2738 3768
3535 4243 4378 6979
879 8879 1081 9930
8112 3909 9114 5285
108 120 1442 2768
7315 2585 8249 3110
3529 9226 6895 9995
8725 7898 10000 10000
9578 443 9953 1224
1778 6773 2675 7514
8112 3427 9114 3909
6686 4707 7676 5285
3317 3129 3529 10000
1442 125 1947 1966
1442 3768 3041 4816
5108 3129 7586 4654
1778 7612 2721 9994
6570 1851 10000 2585
2921 0 10000 443
5108 4702 5596 5373
1947 120 2921 2540
4378 4359 5094 5665
3041 3129 3316 6766
6689 7597 7081 9210
6097 5285 7129 7365
2743 6773 3317 9997
8079 8170 8714 9839
