543 7872 1112 8282
4476 263 4669 1337
2953 3788 6105 4261
1049 844 1084 1517
1616 8816 4999 8817
2953 3097 4385 3771
5976 9162 6057 9605
1611 333 2541 1456
7130 4479 7831 4551
2474 1725 2868 2905
4416 3097 6182 3660
5519 8051 7406 8218
575 333 1198 844
1521 4529 3187 4742
6007 2197 9529 2313
3063 6977 3631 7428
6719 8218 7406 9124
1362 8337 1616 9124
788 9162 1436 9829
6327 3097 6355 4742
391 8653 777 8711
8058 5584 8892 5772
7844 7866 8159 9068
4313 7164 4771 7540
9631 81 10000 3551
6853 6210 9963 6611
5573 5032 6639 5809
7405 433 8046 698
3187 4446 4295 4511
947 6677 1434 7280
4587 9162 5253 9997
3187 4339 4441 4446
1682 9882 3367 9995
793 3663 945 5822
3687 2905 8058 3023
8965 9438 9886 9728
1989 1747 2396 2122
1445 9335 2724 9671
442 6694 903 7090
1504 3097 2953 3440
8929 4808 9861 5287
3776 1997 3973 2524
2541 905 4476 1456
4313 7540 7183 7866
9145 3788 9969 4673
9886 6834 9983 9528
4203 9162 4448 9555
4441 4339 5024 4516
8541 3788 9145 4320
5272 2701 6309 2905
3585 8817 6151 9001
26 9124 8965 9162
2868 2524 4572 2905
1426 6653 3039 6670
3925 6084 6069 6146
1959 146 4476 333
8083 263 8228 960
1616 8817 3585 9124
6007 1915 7309 2192
6355 3487 6748 4641
2868 1461 4112 1751
651 3663 790 6150
3585 6780 3759 6977
3996 5262 5329 5892
8058 2800 9037 3487
2373 5693 3996 5866
9673 6913 9873 8271
7512 6865 9307 7164
8182 7540 9190 8264
6748 3788 7130 4641
5439 7164 9307 7540
8100 4320 9077 4577
943 3023 6355 3097
5253 9162 5969 9997
8286 5827 8709 6082
9307 6865 9673 9438
2132 6677 2404 8218
3973 1915 4569 2486
6355 3023 7992 3471
116 3440 2562 3663
5204 6611 9886 6747
1521 4339 3187 4529
7800 5124 8009 5683
4449 5892 6443 6084
3447 333 4476 905
1959 0 4476 146
3925 6146 5600 6604
7406 7866 7827 9070
8965 8707 9231 9100
6069 6084 8073 6209
9037 2800 9315 3788
8074 3788 8541 4214
3499 1794 3973 1997
945 3663 1521 5032
7183 7540 8182 7866
2868 1832 3494 1997
8929 5287 9753 5947
2041 8620 4661 8813
3002 5892 4449 6033
2041 8337 4899 8616
4521 81 5314 256
5204 6865 7512 7164
4177 4742 8286 4943
777 8337 1344 9114
8058 5032 8341 5578
1826 5032 5162 5262
116 3097 1504 3440
6715 1804 8146 1915
8182 8396 8801 9098
8390 2173 9493 2176
4929 8407 6526 8741
4313 7866 7406 8051
5329 5827 8286 5892
575 0 1572 305
7339 5032 8058 5124
5314 81 9631 263
6355 4641 9145 4742
26 9162 777 9982
6057 9162 7520 9728
5345 281 6568 417
3281 333 3447 898
6811 263 7158 723
3732 9001 4232 9105
3511 1756 5457 1794
2343 5303 2537 5658
4232 9001 6151 9124
1611 1456 2868 1725
1760 71 1959 322
1826 5262 3262 5303
6443 5892 8286 6084
4885 782 7387 1132
9631 3551 10000 3667
8344 4742 8895 5483
4207 4543 6306 4639
7330 4287 7923 4305
7427 3788 7569 4273
1521 4261 6327 4339
5969 9728 10000 10000
3474 9162 3883 9755
2551 9221 3093 9334
8929 6071 9528 6206
6069 6210 6819 6606
7520 9162 8965 9728
1826 5303 2343 5892
6639 5032 7339 5827
6702 2800 8058 2895
209 1795 943 2685
1198 333 1611 1725
8257 415 8390 1509
2474 2905 3489 3008
5329 5447 5353 5779
4476 0 10000 81
1445 9162 2542 9334
4885 1132 8043 1693
6309 2701 9315 2800
1491 7120 1623 7551
1616 8337 2041 8816
6151 8817 6719 9124
6702 417 6811 780
5204 6747 7668 6865
2562 3440 2953 4261
2771 8034 4169 8051
2404 8051 5519 8218
6748 3487 8977 3727
3759 7164 4217 7949
3759 6611 5204 6970
7668 6747 9886 6865
8390 562 9631 1187
4687 263 4830 1179
31 3829 116 6193
9315 2701 9631 3667
945 5640 1670 5865
8663 1533 9614 1990
8390 1187 9603 1505
2541 333 3160 740
2404 6677 3063 8032
4291 6970 4925 7143
1426 6084 3925 6611
26 1725 1869 1775
2868 1997 3776 2524
6181 2367 9324 2701
3102 9162 3474 9747
790 5892 1426 6677
5 7532 26 9709
4601 2701 5272 2903
2132 8218 6719 8337
4771 7164 5439 7540
0 0 575 844
943 1795 1770 2187
4572 1915 5804 2688
8390 299 9345 562
187 4418 586 4511
9315 3667 10000 3788
9360 263 9591 457
1030 2270 2429 2885
1892 3663 1948 4254
2429 1725 2474 3013
1623 6677 2132 8337
1521 4761 4142 5032
1026 5032 1826 5624
