5259 3520 5498 4187
7065 8041 9777 8675
2936 5016 4059 5374
2687 4096 3781 4516
8425 9759 10000 10000
5498 3520 6873 4208
1237 1838 2687 4584
4521 6228 7615 6575
5167 3176 7338 3520
7115 9491 10000 9759
4391 8772 4867 9011
6112 8828 7038 9365
9412 4159 9598 4508
1237 1637 7137 1838
5481 7936 5951 9437
2687 3300 3649 3752
8726 1684 9412 3330
3860 4213 4315 4760
341 5889 4272 6023
5051 6732 7721 6952
0 8675 754 10000
2971 9444 5481 9759
3795 7736 5481 8742
8315 599 8353 2958
2971 9037 5192 9191
4800 5875 5722 6163
4376 1838 5167 2884
3850 2026 4183 2822
9412 301 9703 2665
1237 4602 2460 4842
7065 8675 9777 9046
6895 3520 7596 4182
0 429 7432 450
754 9400 1469 10000
8313 5013 9147 5040
6112 7937 9666 8041
754 6741 1637 8333
4315 5204 7530 5617
7695 2873 7767 4086
0 4133 1237 4842
2971 9191 5481 9444
9780 0 9981 6911
3377 6575 8731 6713
341 6023 754 8675
8353 301 8726 3330
8974 5186 9598 6716
0 5617 341 8675
3823 7425 4625 7600
8726 301 9412 1684
5722 5617 7615 6228
778 123 6086 301
2437 6716 4193 6717
1469 8333 3795 8742
443 1556 6346 1632
3359 7712 3710 8173
5481 6952 8441 7563
9731 7756 9981 7901
1532 316 8109 428
2687 4516 3850 4842
8441 6717 9780 7563
5594 9491 7115 9757
8820 7563 9157 7711
2437 6023 4521 6575
1866 6023 2437 8333
2971 9759 8425 10000
2437 6717 5051 7425
443 1152 7818 1556
8313 5186 8974 6575
2164 9011 2971 10000
5167 2881 6864 3157
7065 9046 9777 9491
7790 6102 8196 6546
9598 4055 9691 5624
0 4842 2936 5617
443 848 4940 1152
9777 8440 9982 9491
4315 4213 7581 5203
1637 6741 1866 8333
754 8333 1469 9400
2541 5625 4662 5875
0 450 443 4133
7039 8396 7065 8653
1469 8742 2164 10000
443 450 8313 848
6541 8041 6951 8712
4940 848 7818 1152
5051 6952 5481 7736
5481 7777 8708 7936
8200 3537 8210 5674
754 6023 1866 6741
7818 2094 8171 6046
7024 1561 7780 1637
777 1637 1235 3915
