6606 9760 8254 10000
2498 5185 4834 5491
5974 7695 6423 7843
7124 2031 7468 3300
3028 3830 3806 4398
6708 7460 7210 8091
6221 517 7583 1691
3806 4241 6934 4561
597 5131 1011 5673
2573 8484 3434 9177
1776 6235 1965 9769
5941 517 6221 2507
261 6764 487 8386
1741 5185 2498 5491
3590 3621 9071 3795
1085 9862 2759 10000
495 8386 1015 10000
4317 7456 4838 7904
2207 6977 3324 7261
3872 8120 4912 8331
9423 8088 9464 9066
3028 4398 3329 4459
500 108 4041 385
7466 9063 8241 9646
1903 4643 2416 5129
9244 6019 9420 6880
6423 6929 6686 7523
597 3830 3028 4561
4834 5311 9767 5418
9767 4584 10000 5376
3650 6977 3932 7411
4911 6019 8134 6292
5313 969 5888 2101
5559 8091 7601 8223
9454 732 9462 2088
1976 8484 2313 9748
5924 329 6895 510
3975 7955 5559 8091
5888 69 5920 2682
1420 1224 2676 1366
1317 5185 1741 5882
8930 7460 9396 8074
7578 6958 9059 7451
3673 8091 5293 8101
25 69 253 2428
1728 5882 1776 7509
3872 8331 5559 9023
2676 430 4150 969
6708 6292 7038 7460
7750 3830 8828 4100
1420 430 2676 1224
1951 1601 2142 2392
12 3072 120 8098
2432 4865 6726 5136
1905 5964 2715 6235
8505 7460 8930 8091
5559 8791 6857 8912
9462 740 9899 4019
1114 5136 1317 5690
9454 4019 9897 4390
3752 1601 4209 2423
4911 5913 10000 6019
2207 7456 3769 7893
8639 4584 9735 5178
7587 69 7742 1206
253 69 500 2428
7750 4117 8449 4549
9767 5376 9980 5790
5559 6660 6236 6892
2833 5882 3916 6620
8134 6280 8313 6629
3256 1218 5039 1325
3325 4817 3987 4864
500 385 1420 1669
3872 9023 4441 9201
1755 3300 3590 3795
2207 8091 3434 8484
25 2428 1009 2886
2573 9760 6606 9862
4150 430 4529 969
4529 69 5888 969
2005 8254 2207 8394
6423 7644 6708 8089
3932 5882 4911 7456
7172 1735 7271 2031
0 8386 495 10000
1085 4584 1832 5135
7210 7460 8505 8091
1264 9238 1754 9317
120 3830 597 6689
6950 69 6989 490
2759 9862 6606 10000
1694 1366 1851 1586
5979 5418 9767 5730
1264 7607 1727 8367
6597 8631 7747 8752
1085 7771 1253 9680
9454 4390 9723 4480
1968 6620 3929 6939
1009 2775 7124 2886
3590 3300 7587 3621
4041 108 4529 385
2689 1614 3748 2428
6345 1723 6872 2736
3434 8101 3872 9417
4647 4616 5337 4865
8462 4117 9141 4560
9271 69 9454 4561
4798 9034 6105 9760
4216 1601 4329 2214
130 7728 261 8064
7211 9034 7430 9161
1420 388 4276 430
4453 9023 9342 9034
0 0 25 2851
3999 5491 4834 5882
8254 9034 9387 10000
2147 1601 2669 2423
3806 3830 6934 4241
4911 6660 5559 7955
2432 4610 3103 4817
3016 3795 8981 3830
4911 5882 9767 5913
2573 9177 3434 9760
9387 9034 9422 9808
6934 3830 7750 4561
4834 5199 8486 5311
1741 5491 3999 5882
9454 69 9851 695
120 3072 1110 3669
498 7037 1011 8385
6726 4865 8639 5136
4453 9034 4798 9760
3872 9256 4432 9416
500 1669 1951 2428
498 6689 1010 6960
2014 6235 2833 6616
7468 1723 7539 3210
7771 69 8107 1568
25 10 7524 69
7578 6292 8079 6927
2207 7955 3975 8091
1085 4561 9378 4584
9899 0 9948 3463
1317 5136 8639 5185
9161 69 9271 4043
9601 6019 9933 9901
2676 969 5313 1218
1755 3795 3016 3830
4911 6292 6608 6647
0 2886 1755 3072
500 103 3037 108
1009 2428 5313 2775
1205 6122 1302 7019
6105 9034 7211 9760
5313 2101 5888 2775
7038 6292 7578 7460
2595 2886 4474 3236
9082 5730 9491 5768
4834 5418 5979 5730
7666 0 9465 33
8134 6700 8625 6958
7587 2679 7728 2800
5934 8227 7648 8587
7747 8091 9423 9023
1755 2886 2595 3300
3434 9417 4453 9760
5230 1218 5309 1540
1015 6689 1085 10000
1951 1366 5230 1601
7587 2800 8133 3536
9483 6019 9600 9891
2313 8484 2573 9862
