8772 3353 9125 4254
9125 3623 9907 4277
4596 3554 5554 4862
4745 1889 6076 2319
1093 962 2061 1404
3583 4503 4196 4810
6076 1889 7311 2319
155 7043 840 8106
113 6122 155 9050
3341 6155 4336 7032
1148 7032 2463 8968
0 2821 113 9555
6574 2821 6912 3956
7313 3168 8025 3579
8064 4730 8653 4848
4710 6155 5138 6589
0 1165 927 2534
7327 3615 7760 3693
3583 4862 6922 4938
5138 6505 5633 7897
7578 663 8483 2220
8772 4277 9996 5071
3077 7032 5138 7897
2413 9422 7961 9555
4339 6155 4710 7020
9220 6505 9992 8290
2211 590 2773 1709
0 590 1965 931
2413 9157 7579 9422
8772 5071 9991 6504
2574 4938 3525 6155
8566 8329 10000 9797
113 9494 1662 9503
7969 5712 8772 6505
8738 0 8758 3466
5138 5645 6922 6505
113 9050 2413 9494
727 3740 3443 4188
5554 4808 6675 4848
9286 2262 9650 2500
7313 490 7578 2184
155 6122 1159 6999
3023 9651 4235 9968
3828 3298 4596 4503
709 8218 1148 8968
7579 8456 7937 9422
6146 3298 6249 4017
6659 3956 6912 4268
3290 9566 6888 9628
3634 590 3979 2318
8357 7633 9189 7886
8243 9555 8566 9616
7313 2220 8497 3168
9161 7046 9218 7586
0 0 8738 50
3333 4188 3517 4436
0 2534 1093 2821
727 4938 2064 6122
4710 6589 5138 7032
1093 1404 2211 1976
5554 3298 6146 4025
5575 818 7251 1666
855 6999 3052 7032
216 5136 727 6097
2773 590 3634 2821
0 9555 1524 10000
7313 3758 8064 4808
3479 7897 8398 8277
7969 4862 8772 5712
7961 8380 8482 8619
709 8968 3479 9050
8772 2546 9998 3344
2211 1709 2773 2821
2463 7897 3479 8968
3634 2319 6912 2821
6597 4285 6848 4676
2574 6155 3308 6822
8761 7949 9220 8329
8497 50 8738 3168
727 4503 3583 4938
113 2821 2069 3740
2463 7032 3076 7869
1664 4188 2099 4501
3525 5425 5138 6155
8946 718 9954 2127
8357 7491 9124 7633
236 8554 709 8988
2341 5251 2574 6044
2413 9050 7214 9157
1159 6122 1358 6962
5131 50 7313 818
4596 3544 5533 3554
3479 8329 5613 8965
5138 4938 6922 5645
2069 2821 3443 3740
1093 1976 2211 2821
8136 9797 9952 9988
7961 8619 8566 9555
5633 6505 8357 7897
6912 2319 7313 4808
3443 2821 3828 4188
855 7032 1141 8136
3979 1738 7313 1889
1524 9720 2677 9807
4305 9628 7901 9993
3979 590 5131 1738
5131 818 5575 1738
3525 4938 5129 5402
113 3740 716 5033
5854 8329 7433 8896
6922 4862 7969 6505
3828 2990 6406 3298
0 50 5131 590
4543 1952 4745 2319
5554 4025 6574 4808
