2302 735 3018 2016
90 3909 331 5641
5303 8814 6539 9967
7900 2276 9006 3824
3823 5450 5067 7221
582 4230 4634 4306
5079 6327 5400 6804
9480 4584 9984 7232
7093 5450 8111 6964
5546 5450 6784 5753
5845 7536 6666 7669
582 4399 2589 5935
8125 4362 9480 5855
4244 3193 5452 3889
644 8365 3909 8830
331 7241 3890 8123
6539 8814 8000 10000
8496 6863 9270 8814
3018 684 3460 1943
582 4317 2796 4399
9480 7266 9939 8579
6784 5450 7093 7930
5095 5450 5546 6025
583 9036 1950 9132
8915 3851 9278 3890
3252 1943 3989 2390
6564 7930 6876 8606
8000 8814 9651 9977
8122 7897 8435 8377
5552 2718 7900 3909
7064 1055 7900 2718
0 2460 1035 3193
8122 5855 9270 6863
5277 1055 5552 1837
5562 5275 8122 5450
582 3912 9124 3930
0 9967 6452 10000
823 0 1248 2460
5562 4306 5954 5275
1248 0 3018 735
1289 5935 2589 7241
1541 3193 4244 3909
7900 1055 8293 1801
3527 4306 5562 5450
0 0 823 2460
1248 2016 2818 2401
1549 2460 3989 3193
0 9518 2293 9965
5525 0 10000 403
3018 46 4614 684
1035 2460 1498 3080
9258 403 9647 2254
2589 5450 3011 7185
4623 1055 5270 1943
5954 4306 7140 5275
5303 7241 5541 8729
3016 5450 3823 7241
449 3193 1541 3848
7140 4306 8122 5275
3460 684 4623 1943
5546 5753 6372 7360
393 4213 582 5737
1248 735 2302 2016
4010 7241 4549 8740
150 9211 1198 9518
2589 4399 3527 5450
3989 1943 5552 3193
9270 7078 9437 7545
8155 6863 8496 7356
5552 1055 7064 2718
2318 8864 4438 9961
5525 416 8287 706
8395 456 9191 2276
331 5935 1289 7241
9647 403 10000 3909
7093 7030 8099 7913
582 3941 9090 4209
4549 7241 5303 9967
5525 706 8395 1055
4623 0 5525 1055
