2044 7949 2496 8647
8815 3178 8861 3502
4173 1469 5822 1765
1545 3451 2057 3624
1587 3624 2137 4212
5822 411 6679 3561
6679 411 7651 3842
2623 6029 2932 6692
8105 2418 8412 3178
4173 1765 5822 2189
0 9671 2044 10000
2860 2356 4162 3543
9459 7860 9766 9994
9767 1873 9894 2580
5301 9613 5713 9989
8 0 260 7946
7712 1953 7955 3411
7851 8526 9459 9430
7163 5509 8059 5958
260 6478 678 7245
2623 4222 2845 4632
6679 3842 7028 7247
5923 9613 7539 9967
2163 1864 4158 2348
2496 7988 3061 8594
2163 2356 2822 4195
2448 7272 3065 7949
3100 7261 5103 8041
2044 9773 5301 10000
3404 9613 5159 9769
4661 8041 5065 8481
9459 0 9767 7860
0 7965 1005 8498
2044 9431 3110 9773
4615 8647 7512 9009
7028 6788 7536 7355
2978 9040 3861 9117
9767 2707 10000 10000
5065 8041 9459 8526
2623 5097 2875 6029
5180 7289 6640 7378
2623 4754 6515 5097
4173 516 5282 832
1961 79 3958 411
7592 3842 8866 5427
3958 0 7651 411
678 510 1483 3484
9235 2719 9338 4017
7955 3178 8815 3842
2860 3561 6515 4754
1250 3624 1587 7276
7028 4289 7120 4603
678 3624 1250 7245
7163 6463 9099 6767
2932 5250 3808 6692
501 440 4082 510
1055 7949 2044 9671
6756 7385 8400 7996
6515 3561 6679 6692
8046 9613 9427 9997
0 8498 1055 9671
1545 1683 4167 1864
1250 7276 2448 7949
7544 6788 9452 7380
1616 4704 2623 6692
2448 6692 6299 7241
1582 666 4173 1683
3110 9431 8816 9604
5754 7456 6691 8017
9014 6076 9223 6412
1587 6692 2448 7276
9368 243 9459 5741
4835 9041 7851 9207
260 510 678 5365
8419 7385 9198 7987
2932 5097 6515 5250
2044 9207 7321 9427
7651 0 9339 1953
3100 8526 7266 8615
260 7245 1250 7949
2044 9430 8482 9431
3808 5250 6515 6692
8902 3691 9235 5509
4173 1304 5437 1469
4173 2189 5822 3561
260 5365 678 6478
