7291 1215 8348 2007
3324 3473 4079 8323
8411 715 9766 1739
4079 4724 5143 7928
5329 9266 8861 10000
1016 7668 1219 9422
2379 4531 2726 6116
1967 7114 3294 9640
1010 6116 1967 7215
1500 4531 2379 6072
6764 304 8388 758
4394 0 5765 3548
3762 0 4279 2627
6027 8635 7658 9263
8411 1739 9766 3548
2726 4531 3324 6116
7291 907 8118 1215
5143 6581 5319 7773
0 3473 3324 4531
0 6116 1010 9999
3324 8323 5329 10000
7736 6348 8230 7523
1219 7215 1966 7589
8357 4345 9331 5392
5329 8140 6027 9266
2366 693 3757 1467
680 5341 1251 6102
0 1968 1753 2707
6027 8140 7675 8635
1967 6116 3321 7107
959 3052 4017 3473
5143 4345 5584 5729
8861 9266 9754 9921
5765 59 6705 764
1413 7593 1967 9995
6419 2062 8411 2885
4394 3548 9766 4345
4079 7928 5299 8314
8340 5729 9766 7661
5765 764 7291 2062
5584 4345 8357 5729
9766 715 10000 10000
5765 2062 6419 2885
0 4531 1389 5274
1219 7593 1413 9995
1795 1968 3738 2708
5765 2885 8411 3548
346 1542 3747 1960
5143 5729 8340 6348
8230 6348 8327 7606
7675 7661 9766 9266
5329 6348 7675 8140
0 693 2364 1541
4079 2750 4392 3709
8411 0 10000 715
6764 0 8395 302
0 159 3677 693
4079 4345 5143 4724
