4408 1214 9179 1329
3274 8966 7535 9272
6976 5344 7791 6704
7011 2353 7111 3696
8362 8966 9681 9623
7402 9272 8362 9617
120 4166 486 7911
1884 703 3539 737
8352 2446 8425 2667
7535 8966 7865 9234
3539 191 3925 737
8425 5242 9867 5417
9282 6561 9643 6768
8517 4797 9702 5242
3058 6261 6875 6505
9088 7542 9390 8966
7111 1930 7659 3761
7818 4252 8336 5344
8362 9623 9681 9992
4252 1526 6018 1896
7875 6768 8265 7541
5875 2818 6215 3235
2924 3241 3303 3976
7819 6434 8208 6752
120 9758 824 9904
2733 2375 2913 3967
1884 737 2857 1186
9109 2323 9867 4464
4435 1928 6418 2177
9681 7542 9986 9701
6418 1409 6517 1861
3992 191 4863 676
870 2669 1039 4039
2347 1409 2715 2123
7111 1409 9867 1560
1892 6261 3036 6462
6780 8686 9088 8932
2129 4472 6467 5061
6244 5411 6759 5735
486 5811 594 6302
0 9904 2679 9992
1884 1443 1974 1631
5683 8054 8073 8231
4742 6964 5582 7838
1149 8912 5078 8965
108 729 267 1322
2679 9619 2964 9992
3925 9617 8362 9992
2129 5061 6467 5344
120 2404 2298 2669
267 191 1078 1631
3274 9272 7064 9617
120 9189 3274 9617
6467 4472 7108 4647
8336 5417 9867 6434
4742 7845 5580 8215
1056 2669 2114 3334
1497 9617 2679 9904
8587 2477 9109 2493
8265 6768 9867 7542
1892 7150 2363 7799
5920 8231 6637 8966
6875 5460 6946 6653
4806 2375 6852 2768
6243 2857 7008 3674
4545 2375 4761 3631
1892 6563 3990 6796
664 5735 1892 6616
8425 4464 9782 4698
1179 8378 5920 8536
1278 2145 2674 2343
0 120 4863 191
3303 3722 4545 3976
4275 912 6811 1190
3369 6506 3796 6547
486 4252 7818 4472
603 7198 849 8835
9867 720 9893 6887
1228 8536 5839 8863
486 4251 7795 4252
4742 6505 5575 6956
4545 3849 8251 3975
3925 720 6811 912
1480 7198 1868 8153
120 2669 870 4166
0 9992 10000 10000
1892 6796 4361 7150
0 0 4996 120
120 9617 1497 9758
1078 703 1884 1631
7064 9273 7402 9617
6416 7605 8589 8000
3303 2379 4249 3722
7726 1930 8290 3698
4275 1329 6863 1402
3061 7150 3890 8024
486 6616 1892 7198
6467 4687 7628 5303
3098 9617 3925 9991
8346 720 8365 1127
1884 1186 2857 1409
8073 8000 9038 8220
6136 219 6923 720
3907 5735 6875 6261
9179 1190 9867 1409
93 1631 2347 2145
3925 912 4275 1409
9390 7542 9681 8966
4252 2362 6165 2375
4252 2177 7084 2351
2965 2541 3303 3240
486 5344 6244 5735
4361 6505 4742 8231
4863 120 6136 720
6522 1409 7107 2151
824 9758 1465 9847
486 4472 2129 5344
2316 2987 2570 2998
1892 5735 3907 6261
3574 1414 4252 2113
120 7911 452 8562
8004 5344 8336 6335
9109 1560 9867 2323
5582 6505 6156 7531
105 2145 120 9176
120 8966 3274 9189
46 2741 93 8965
6811 720 8346 1190
4996 0 6069 120
6637 8231 9088 8686
1078 191 3539 703
1046 3976 8336 4166
4806 3279 5754 3672
1004 7198 1410 8110
4806 3685 6681 3849
2857 737 3925 1409
486 4166 8138 4242
7150 1560 9088 1904
9893 780 9994 7109
7588 6768 7759 7121
