876 4848 1356 5376
8579 7848 9215 9153
4609 8855 5231 9874
1356 4848 2964 5376
2661 8124 4414 8567
5329 4323 5937 4514
5199 3309 6359 4171
6367 6770 6792 7041
8066 1564 8961 1975
2964 4848 3315 6017
3315 5290 3922 5986
6471 1444 7347 3242
9356 5787 9967 5946
5199 4610 6801 5290
1880 9481 2128 9554
3315 6010 5035 7233
3315 7233 3838 7403
7367 4610 8044 6709
7288 8614 7991 9178
8579 5796 9040 7848
1880 9596 3500 9989
9246 8359 9819 8650
707 1980 1286 4847
1609 8618 1830 9120
5035 6227 5242 6859
6801 4610 7367 6709
5264 7041 6801 7733
4096 8569 4436 8840
3056 157 5533 418
1286 2558 3920 3241
9356 6826 9721 6865
6296 9333 6358 9916
3251 3684 3515 4210
5264 5290 6367 7041
1286 597 2087 1051
7351 8239 7646 8292
5264 9625 6063 9874
5264 9221 8012 9329
364 4981 612 5253
7279 8292 7500 8573
8044 9691 9644 9899
2795 6018 3314 7533
11 8618 1354 9478
876 5376 1229 7533
1373 9515 1388 9828
2448 1067 3986 2040
1286 3309 1837 4625
5533 157 9315 417
8044 4610 8579 9317
7278 6709 7609 6900
6035 1444 6464 2728
6367 5290 6801 6745
6471 3243 7254 3856
7800 3243 8565 3785
5157 1444 6035 3309
4796 7233 5264 8854
2104 597 2624 1067
9050 418 9337 6078
5570 7733 6479 9126
0 0 3056 418
0 418 4900 596
876 7533 4609 8124
3056 0 9479 157
9356 157 9479 1776
9479 0 9976 1567
8044 9317 10000 9691
5163 418 5505 1443
9246 9082 9887 9146
4610 7233 4781 8815
9375 4094 9942 5140
1896 1070 2446 2558
1837 3309 3251 4625
4126 597 5157 3036
3315 4848 5199 5290
2149 8569 4058 9130
3251 3309 5199 3660
0 597 1205 1596
1286 1067 1872 2555
9356 1776 9969 3541
7646 6709 8044 8614
7360 1444 8057 1973
5505 418 9050 1444
0 1937 364 5253
6367 9339 8041 9916
7800 3981 8972 4610
3925 5291 5195 6010
3739 3660 5022 4474
2630 597 4050 1049
1597 6672 2660 7041
5264 9916 10000 10000
0 8124 2015 8609
0 5253 876 8124
6801 6709 7278 9221
1286 4625 5199 4848
1229 6018 2795 6672
2964 6017 3288 6018
1354 9130 4609 9481
7360 1975 8761 3142
2448 2045 4054 2554
1229 5376 2964 6018
