43 7898 76 8631
6291 5965 7015 6203
4863 7358 5662 8205
6371 6599 9426 7010
31 0 169 7587
565 7838 1289 8151
6847 0 7185 358
9510 4489 9624 9311
169 7161 3343 7191
7814 349 9553 527
4863 8205 5662 8463
169 1350 615 3013
826 876 3746 1350
986 1901 2183 2199
5202 927 6803 1344
3804 5156 5951 5806
4366 9072 6849 9219
6823 3668 8572 3940
169 7191 2453 7348
2969 4358 3343 7161
3343 5968 4177 6605
4109 802 5128 980
2535 2539 3511 2690
6709 4358 7390 4833
7191 568 7793 1032
5236 6279 6371 7252
206 4446 1167 5216
6847 387 7118 847
7566 8597 8780 8890
8059 7953 9260 8352
3343 4358 3804 5968
5614 4219 8455 4348
8576 527 8921 4219
3804 4833 6291 5156
2059 8500 7566 8799
565 8151 3503 8441
7390 4358 8264 5659
4819 3779 6384 3948
8455 4225 9333 4342
4076 2539 4819 3977
6009 853 6212 927
1465 8799 4366 9500
169 7358 3768 7587
8885 5277 9464 6255
869 8500 1465 9500
7647 1493 7806 2587
3768 8463 7566 8500
3768 7895 4424 8251
2579 9787 6380 9936
4923 1827 5336 3730
6833 6279 8600 6530
1216 4446 2721 5182
4366 9534 9632 9718
5761 1493 6882 2840
4295 1450 5326 1468
76 7838 565 8500
6485 8924 6543 9042
9635 4489 9751 8428
615 1350 986 4348
6823 2933 7634 3656
169 3013 206 7128
3326 9500 4366 9718
4295 2258 4602 2493
1177 4219 5614 4348
9508 527 9679 4489
5662 7358 6371 8463
2969 4348 9508 4358
2977 318 3271 361
3343 7252 6371 7358
251 3013 615 3149
1289 7838 3768 8151
1465 8500 1994 8770
0 9760 2396 10000
2183 1350 2892 2199
3804 4478 6392 4833
6910 7010 7542 8355
1177 3178 2090 4167
4177 5806 5236 6605
3343 6605 5236 7252
6371 7010 6910 7316
76 8500 869 9760
9679 1522 9731 3301
9679 527 10000 1487
4167 363 5572 678
1677 2199 4295 2539
206 6860 1868 7161
6371 7316 6910 8463
7877 5965 8155 6270
0 0 31 7587
2537 3977 8576 4219
4295 1827 4758 1897
4295 1493 5167 1785
2244 0 3417 271
206 4348 2969 4446
0 7587 3768 7838
7566 7010 9430 7601
986 1350 2183 1901
6291 4833 7390 5965
529 5233 1868 6860
5336 1493 5752 2838
2876 3232 3453 3866
2892 1350 4295 2199
8273 5277 8496 6161
6380 9718 10000 10000
7566 7696 8041 8200
2396 9936 6303 10000
169 0 826 1350
5236 5818 5951 6279
6861 8924 9505 9232
7814 840 8376 3593
2768 6099 2969 7066
1868 5438 2250 6529
8273 4358 9371 5171
6898 2052 7500 2933
986 3424 1134 3677
9751 1487 10000 9718
2244 363 2703 732
3414 3887 4076 3977
5336 2933 6823 3779
3804 5806 4177 5968
2671 5233 2713 6467
986 2199 1677 2539
5572 398 6495 555
5951 5156 6276 5911
6392 4478 6702 4733
3804 4358 6709 4478
5312 8799 7566 8924
4661 7358 4863 7681
869 9500 3326 9718
869 9718 6218 9759
223 5233 529 6483
826 0 2244 802
4366 9232 9508 9534
4366 8799 5270 9058
2110 2778 2522 4204
3917 0 6847 318
8921 1936 9466 4178
