3472 4820 3721 5918
7167 7421 7565 8001
6704 2522 6913 2616
7113 1524 8286 1859
6992 5260 7782 6522
352 1422 3830 2212
4166 6522 7782 6758
4166 6758 7782 7093
8904 2727 10000 2961
2733 2212 3801 2808
7110 9159 8087 9467
6992 3648 7735 4850
9127 7198 9900 7823
1779 8651 4079 8944
289 4828 3472 5371
0 0 102 10000
5845 1677 6161 3962
9294 4316 9459 4753
4727 0 6628 1677
7113 517 8277 1524
6913 394 7800 459
6553 5251 6992 6522
104 6290 375 9483
6628 3869 6963 4619
375 8309 2602 8512
7850 3648 8597 4850
7208 9522 8101 9827
289 3455 340 4722
8286 1740 8659 1831
375 6290 834 7093
7735 3890 7824 4531
352 879 3830 1422
9127 4937 10000 7179
6163 1677 6628 4619
5971 5297 6528 5649
2677 2960 2994 2996
5971 5649 6553 6522
834 6290 5873 6392
3472 4518 6158 4820
8904 2961 10000 4316
8921 1250 10000 1577
8286 459 8921 1577
352 2212 935 3155
8293 9180 9785 9844
4585 7430 5237 8068
5855 8486 9728 9150
6943 1128 7113 1131
5147 8486 5855 8816
3961 3267 4242 3789
8597 2992 8904 4316
4079 7348 4585 8453
7782 5260 8597 8098
8818 8076 9045 8103
3096 0 3830 879
289 5918 5971 6290
935 2808 2094 3155
1070 6522 4166 7077
4585 8103 9820 8453
102 3268 289 6290
8904 1577 10000 2727
8613 4937 8818 7901
834 6392 5971 6522
375 7093 7336 7344
3721 5251 5971 5918
4832 8453 5147 9844
9459 4316 10000 4937
352 3155 2094 4675
8240 4850 8580 5045
2094 2996 3472 4828
6163 4619 6992 5251
5855 9159 6964 9573
102 9507 4832 9844
8921 84 9837 1250
838 156 1048 379
3721 4820 6163 5251
8818 4937 9127 7917
4079 8453 4832 9507
6913 1859 8904 2992
5147 8453 9820 8486
1061 0 2668 219
3472 3971 5509 4516
2997 7348 3999 8000
5513 3971 6153 4441
375 7486 2361 8309
102 9844 2349 10000
4242 2701 5845 3971
9820 7917 9999 9984
2043 9124 2696 9326
289 5371 3472 5918
5147 8816 5855 9844
935 2306 1619 2808
5073 1757 5302 2624
564 4675 750 4821
102 379 352 3268
3475 2808 3830 3792
6992 4850 8240 5260
2349 9844 9820 10000
352 379 3096 879
3830 0 4727 2701
1714 2212 2723 2753
6628 2992 8597 3648
