3864 2356 4680 2692
3234 8013 3746 9143
8031 9145 9988 9350
1677 976 2345 1339
6969 2170 7478 2271
959 4217 1515 4974
8475 2272 8595 3369
0 7905 1441 9504
8595 3546 9322 3599
588 3254 2771 3501
363 7370 6552 7691
1677 186 3042 976
1441 7905 2264 8340
0 1339 2345 3254
0 9504 1373 9943
5628 6542 7254 6696
3864 2088 5122 2356
4214 5553 4624 7300
959 3501 2701 4208
4855 0 5289 2088
0 6218 970 6629
4624 6542 5628 7370
2778 3311 4675 4217
2901 4974 7606 5553
588 3501 959 6194
0 6629 363 7691
363 6629 934 7063
234 3254 588 6194
6725 2692 7505 4635
1441 9144 4337 9769
1441 8480 3209 9118
7505 4056 10000 4635
4133 8013 5671 9038
5122 2111 6351 2326
1011 6194 1695 6995
7606 5633 8404 9144
2271 8013 3217 8474
959 4974 2901 6194
8404 4656 9570 5434
6589 9176 7166 9769
3042 186 4042 976
1515 4217 5082 4974
3973 5553 4158 7345
53 3254 234 5684
0 186 1677 1339
9502 2088 9781 4010
9586 4635 9984 7734
2901 5833 3616 6194
7505 2109 7932 4056
4042 0 4840 954
5289 1163 6398 1367
6552 6752 7606 9144
9007 8651 9838 8944
4624 5553 7606 6542
8353 0 8996 1351
4114 7691 6552 8013
1441 9769 8031 10000
2345 2692 4768 3150
6574 1324 7590 1391
8595 3067 9502 3545
3753 8013 4066 9139
8031 9350 10000 10000
4337 9144 6559 9767
8595 2088 9502 3067
5289 1391 10000 2088
8163 1018 8353 1271
9906 2306 9991 3343
5376 226 6574 1163
7606 4635 8404 5633
3864 976 4855 2088
0 7 3687 186
1503 7697 2271 7905
2271 7691 4114 8013
7668 0 8262 926
4768 2692 6725 3254
1695 6194 3973 7370
5082 3254 6719 4760
6725 4635 7596 4969
7200 9144 8031 9738
2345 976 3864 2692
5628 6752 5785 7267
5772 8013 6519 8963
2345 3150 4768 3254
8404 5434 8950 5763
9007 5786 9505 8357
4741 2356 7505 2692
8404 5766 9007 9144
