524 193 2838 420
4178 3313 4992 4087
0 5666 1859 5989
223 5097 623 5615
2162 1842 4377 2382
2050 4405 2774 5560
5677 2376 8382 2576
2168 6417 2776 7219
887 908 3075 1135
8827 3481 9832 4232
2518 8030 3744 8527
8556 9238 9757 10000
9757 7367 9874 9604
7727 3648 8076 3798
887 1599 5038 1842
9090 7367 9385 7848
1109 6686 1250 6899
6682 3798 6934 4131
8688 5398 9334 6187
7735 3798 8156 4873
5761 5398 6095 6429
3353 5455 4045 6507
9347 4973 9743 5213
9346 5234 9840 6189
2886 3171 4178 3795
8966 710 9273 1586
2209 7690 2518 8813
6642 1377 6691 1996
6804 8028 7773 8761
6327 3313 7418 3798
2518 8527 2733 9532
3951 4717 7588 4873
7116 696 8953 918
497 7103 650 8430
7980 8096 8177 8557
6119 9557 8556 10000
6095 5496 7982 5766
7982 5496 8688 6963
3145 6676 3692 7094
1250 6686 2168 7219
524 908 658 5095
7458 6668 7839 7062
5459 2857 6305 3056
650 7103 1240 8870
5216 8028 6804 8761
0 8893 1248 9994
5028 7411 5578 7686
6095 5398 8688 5496
2162 2382 4178 2498
2562 420 9635 690
5038 1599 5677 2576
4169 7229 7840 7330
5259 5455 5760 7151
2200 8906 2514 9904
8253 6963 9905 7367
4178 3135 5038 3313
7727 2842 9046 3481
3353 5023 3951 5455
0 3365 524 5095
2540 9542 6119 10000
4989 5455 5001 7154
658 908 887 1345
4377 1842 5038 3135
6934 3798 7735 4717
60 7103 368 8849
524 0 2838 193
4835 8761 7773 9238
9832 3276 9840 3829
4992 3313 5797 4717
7131 922 7241 2086
3145 4087 3347 6475
4323 5455 4989 7229
3353 4087 3820 4453
8436 5009 9162 5376
8827 4413 9291 4567
3353 4812 3880 5023
5677 1696 6588 2057
658 1345 887 1842
4936 7686 8176 8023
5760 5280 8436 5398
7773 8557 8986 9238
9167 4232 9556 4299
2776 3795 3997 4087
2741 8527 4835 9542
0 5095 175 5663
8688 6200 9715 6924
2838 0 4999 420
9046 2842 9832 3481
3824 6511 3907 7394
4194 5455 4323 7106
1168 1842 2162 3171
6119 9238 8556 9557
5797 3313 6316 4375
2562 696 4691 866
9841 420 9905 6963
2168 5783 2740 6417
8486 8028 9710 8541
6095 5766 7982 6668
4999 154 9474 415
0 6110 751 7102
8966 1586 9823 2835
809 6111 2168 6686
1497 7686 1638 8719
1168 3171 2886 3795
2776 4087 3145 7686
4835 9238 6062 9532
5677 2291 7066 2376
5760 4873 8436 5280
6503 4134 6885 4639
3951 4087 4992 4717
4999 0 10000 154
524 904 6703 908
4055 3795 4178 4059
2518 7686 4936 8028
887 1135 3075 1599
4173 4873 4496 5328
1168 3795 1997 5643
524 420 2562 904
5578 7367 9090 7686
7982 6963 8249 7346
7478 3313 7727 3630
5922 4391 6327 4646
5285 3056 7375 3307
9346 4349 9793 4964
8156 3481 8827 4873
4854 8028 5216 8740
3075 908 6626 1593
9905 420 10000 10000
9308 696 9841 1515
1250 7219 2776 7686
8986 8557 9757 9238
5760 6856 7247 6954
4220 2453 4377 3135
4011 6511 4167 7198
8382 922 8966 2842
702 5323 1088 5624
658 1842 1168 5323
2162 2498 4178 3171
0 0 524 1708
0 1708 524 3365
5074 2576 5285 3115
5285 2576 8382 2842
