7907 7110 8701 7618
2739 3331 3433 7722
0 1870 3176 2631
7389 1511 9405 2524
5634 656 6401 5769
3433 5236 4662 5264
9487 1511 9968 2215
1228 6758 2296 7609
0 5043 2486 6758
1228 9363 8775 10000
7941 8376 8322 9281
3433 5783 5536 7722
7389 2524 10000 4258
6401 5291 7367 5804
5734 5804 6619 9363
6619 5804 7367 7110
6452 1882 7367 3206
7635 679 9377 1166
6619 7110 7907 8245
0 6758 1228 10000
3176 31 4276 2631
6401 3206 7389 4820
3825 7722 5734 9363
1228 7722 3825 9363
0 2631 2209 3331
8322 8376 8406 9347
6401 4820 7389 5291
3176 10 4170 31
2486 3331 2739 7722
7367 5291 8748 7110
8748 5291 10000 7856
6619 8245 7862 9200
4276 0 5023 3291
1608 3331 2486 5043
0 3331 1608 5043
0 0 3176 477
3433 3331 4850 5125
5536 0 7803 637
7907 7856 10000 8376
3696 2631 3978 3256
7389 4258 10000 5291
0 1259 2823 1870
3433 5264 5012 5776
5536 5804 5732 7691
8412 8376 8618 9348
6401 656 7335 1061
8620 8376 9994 9338
5026 0 5453 3793
8775 9363 9999 10000
9590 144 10000 1474
2823 477 3176 1870
0 878 2823 1259
