3344 4342 3973 5578
2451 1886 2555 3458
1602 5611 2298 5684
1702 3674 4352 3899
5930 6080 6321 7480
6612 427 8307 683
6472 9361 7235 9912
5249 7705 7877 8581
4841 3458 5412 3763
8744 5897 9817 6350
410 1543 1149 2931
2555 1886 6072 2150
0 132 151 9005
0 9546 2802 9975
7715 690 7999 832
151 132 410 2931
5181 2495 5592 2782
5531 1050 5916 1485
2793 5340 3330 5575
4307 3899 6251 4228
6339 6080 7619 6579
6089 1963 7410 2124
5945 427 6612 879
6389 6589 7613 7206
508 8209 1532 8573
9817 5897 9947 7428
5592 3140 7728 3152
5962 1129 9101 1440
2793 4342 3329 5339
5140 3152 8280 3165
3448 9256 8898 9356
9974 5244 9993 8092
1383 6080 3017 6668
2560 6934 2730 7313
8665 7294 8969 9256
6089 1758 7017 1950
9158 3458 9858 3776
7282 4834 7464 5236
4352 3674 4540 3882
3017 7155 3231 7697
3124 6080 4308 7038
3448 9361 4775 9493
6339 7210 7445 7688
8969 9653 10000 9975
3973 4588 4879 5068
6251 4030 6663 4228
508 8582 7938 8765
7628 6080 8460 7666
254 8766 3360 8929
1602 5684 4251 5825
521 4948 1602 5864
6251 3776 9858 4030
2178 1758 6089 1886
410 132 1389 980
8893 0 8999 797
3973 4342 7282 4587
8508 7294 8665 7875
3859 7155 4275 8487
1383 5897 5378 6080
2555 2495 2648 2960
515 4771 2752 4947
5412 3458 7394 3776
9858 0 10000 2120
5585 4587 6344 5579
3683 7155 3854 8114
6344 4587 6716 5611
1682 132 2347 828
6716 4587 7282 5611
410 1250 5531 1543
4691 8766 5311 9256
151 2931 237 8875
1476 7338 1729 7749
7394 3458 9158 3776
3234 7155 3393 7856
9187 5244 9974 5897
8488 2600 9742 3458
5140 2789 5574 3147
410 1050 2965 1250
4883 4587 5245 4973
8738 109 8887 427
7672 9662 8895 9975
3973 5068 5585 5579
449 3813 515 7976
2802 8935 3448 9975
1682 882 8385 1042
254 5764 449 7976
8460 5897 8744 6350
2298 5632 7282 5684
6663 4030 10000 4228
3448 8766 4691 9256
8969 8942 10000 9653
254 7976 508 8766
9858 2120 9971 4030
9636 0 9858 2154
0 9 3836 132
7282 5244 9187 5684
5739 5684 9187 5897
593 9214 1312 9496
9045 8812 9224 8835
4778 9361 6196 9705
285 4257 449 5764
4590 3776 6251 3899
515 3813 1702 4228
1602 5835 5739 5897
9240 8082 9728 8942
2555 2154 3908 2395
9971 2120 10000 4030
0 9005 254 9546
2178 1886 2451 3458
8602 2034 9033 2133
3603 7718 3664 8161
9136 0 9636 2154
5249 7155 5912 7570
1702 3899 4307 4228
5592 2154 6240 3140
8460 6350 9817 7294
6240 2168 9385 2331
515 4342 2780 4760
7897 7705 8454 8582
254 8935 569 9193
1678 2931 2178 3458
8455 8582 8665 9256
2508 5008 2694 5490
1149 1758 2178 2931
6384 2600 7114 3135
515 4228 10000 4342
254 2931 1678 3458
7672 9361 8908 9648
6240 2331 9858 2600
7282 4342 10000 4834
2298 5612 7034 5632
1543 8369 2486 8582
4304 7155 5133 7954
1149 1543 9136 1758
2965 1054 4970 1250
254 3458 4590 3674
4939 6700 5868 7079
254 3674 1702 3813
2734 2495 3361 3152
9742 2600 9778 3397
2907 5579 5717 5607
5311 8766 8455 9256
926 5897 1383 6413
508 7976 3603 8209
7274 2600 8488 3140
5378 5897 8460 6080
7481 4838 9837 5244
0 9975 10000 10000
4600 3165 8438 3452
4571 5684 5739 5835
515 6668 1862 6934
3361 2495 5053 3155
