1 2438 128 4497
457 3323 1206 3973
6184 1859 6717 3383
872 6777 1377 7829
8345 5853 9332 6341
308 5899 1227 6771
0 9599 2564 10000
4110 8521 6178 9054
9809 0 9874 4754
1206 3320 2864 3973
2438 9054 4417 9112
4536 7354 5354 8286
2799 9115 4308 9599
8256 210 8761 488
5488 3873 6956 4564
267 691 1930 913
7109 168 8256 579
0 4564 4044 4931
7444 7359 9459 8348
6956 6327 7942 7199
1721 5197 3580 5899
7106 2542 8532 3362
8906 2036 9675 3137
128 3973 1314 4564
2864 3320 3350 3873
8906 3205 9699 4898
4044 5357 4428 6471
462 2725 1659 3296
8129 4576 8342 6208
2497 6601 3619 6772
4613 1859 5575 2391
4209 3383 7701 3873
5887 9217 9246 9788
4525 8348 9039 8519
7439 9054 8641 9211
4209 2725 6184 3383
7701 3458 7993 3873
6956 3873 8345 4576
2509 9357 2778 9599
1377 8115 3619 9054
1314 3973 2864 4564
3654 0 9475 163
843 9054 2435 9115
0 5197 1721 5654
4135 3873 5488 4564
2822 7491 3148 7550
3580 5197 4044 6601
4168 8095 4525 8521
4859 966 6772 1859
128 2725 441 3386
3206 168 6942 690
4214 691 5422 966
0 5654 1721 5899
2845 691 4213 966
9459 5853 9874 8521
4308 9115 4687 9563
4525 6601 6121 7300
0 5899 302 7797
8256 488 9782 1807
843 9115 2799 9334
5792 7354 7251 8340
3350 2725 4209 3873
5903 4564 6956 5598
7106 579 7641 1766
1377 6772 2706 8114
1227 5899 2497 6772
0 1366 932 1531
3829 8423 4110 8700
2274 2446 5530 2725
8345 3383 8380 5194
6178 8521 9591 9054
4205 4564 5903 5357
1408 9334 1437 9521
4044 4564 4205 5357
2497 5899 3304 6468
7952 6211 8345 6410
370 6772 622 7343
965 0 3654 157
2864 3873 3396 4564
1013 1366 2104 2393
0 4931 4044 5197
2706 7806 3617 8115
4695 9903 9953 10000
7952 4576 8129 6211
6772 966 7106 1859
3396 3873 4135 4564
7106 1807 8745 2435
128 3398 451 3972
9591 8521 9873 9207
4887 5357 5890 6575
6632 5598 6755 6229
6956 4576 7952 6327
843 8172 1090 8349
7952 6410 9459 7060
1659 2725 3350 3320
9874 0 10000 9903
6717 1859 7073 3097
5507 696 7073 966
5575 1859 6184 2725
8592 7060 8694 7237
8026 579 8176 1306
3619 6601 4525 7679
3301 966 4859 1814
3347 6920 3545 7806
8366 5481 9643 5853
0 7829 843 9599
4507 5357 4886 6429
0 168 3123 674
0 1161 1804 1366
2104 691 2837 2408
8854 168 9481 477
2564 9599 4695 10000
