5253 6120 7675 6626
1185 2924 1224 3932
1800 2924 4564 3227
1991 9253 3197 9885
9554 2331 9767 3597
136 4141 1418 4163
8106 5784 8549 8477
1509 6033 3512 6538
8961 8762 10000 9253
3422 4621 3488 5562
0 7776 1265 8748
2479 8059 5253 8477
4678 258 5503 602
3197 9253 4547 9573
870 2654 5424 2924
8549 6200 9431 7210
5253 5648 5772 5891
7862 6677 8094 7760
2457 258 4675 632
1991 7941 2443 8469
2102 632 3652 2058
924 5229 1202 5715
2766 8973 5519 9253
7184 8762 8961 9044
9431 6757 9706 7347
3197 9576 4456 9829
4820 4621 5978 5648
1504 4139 2091 5760
2091 5338 2698 5702
3652 632 3819 1161
9431 4139 9723 6226
1215 0 1266 798
2091 4139 2604 5326
8549 7210 9431 8218
3652 1168 6524 1250
6634 2924 7197 2995
5253 6676 5971 7439
5992 0 7660 989
5253 6626 7639 6676
3652 1770 6648 2060
6648 1168 7699 2060
5978 4621 7210 5147
3652 1329 6035 1770
1265 7941 1991 9885
1418 632 2102 2057
1418 0 2432 632
4438 8007 4565 8059
1800 3227 4564 3893
211 1789 520 2009
7675 6282 7817 6676
9383 4139 9431 5260
3591 4621 4817 5703
1509 5943 2674 6030
136 2654 859 2908
5519 8762 7184 8932
1991 8973 2766 9253
5971 7407 7862 7917
5253 7439 5971 8477
8549 8218 9723 8762
916 9655 1210 9717
136 4163 1504 5229
8549 4139 9055 5455
8631 9253 10000 9885
136 2060 3068 2651
7497 2060 9554 3597
2822 4139 4371 4618
4422 4139 8549 4621
136 5866 1100 5974
7210 4621 7862 6120
8549 5455 9431 6200
0 0 136 7374
267 5229 757 5854
5971 7917 8106 8477
5424 2654 7497 2924
4150 632 5111 1088
4109 632 4150 931
916 9885 10000 10000
757 5760 1507 5866
1924 3893 2299 3957
2457 0 5561 252
9431 7354 9723 8218
9767 4770 10000 8762
0 7374 1265 7776
6796 9253 8631 9885
9767 0 10000 4770
8734 3597 9723 3964
3071 2060 5127 2654
287 2924 1185 3870
5519 8932 7184 9044
5519 9044 8961 9253
2448 8477 3086 8972
6564 5147 7210 6120
9055 4139 9382 5453
7768 1781 9054 2060
0 8748 916 10000
9723 3597 9767 8762
7808 3736 8734 3949
1509 6754 4811 7941
7862 4681 8488 5784
4564 2924 6634 3964
5978 5147 6564 6120
3039 5968 4820 6033
9431 6226 9723 6757
895 818 1418 1556
1265 7374 1509 7939
1583 5760 1901 5940
136 3964 9723 4139
5127 2060 7496 2557
3086 8477 5519 8973
4668 9285 6796 9876
3619 5730 4814 5947
5519 8477 8222 8762
5971 6676 7862 7407
9554 1128 9724 2331
4820 5648 5253 8059
1224 2924 1800 3964
560 1789 1369 1942
