5422 5876 7415 6764
3123 2962 4061 4600
118 0 916 431
1505 2972 2675 4841
7932 3947 8177 4002
3123 4842 3874 5189
4154 2382 4366 2922
0 2332 181 3570
3229 8466 3237 9505
1390 5577 2575 7745
273 1541 832 6939
8312 1707 9781 2962
6589 275 7814 993
2790 5435 5422 7273
5422 4202 7415 5876
2677 7426 7436 8277
6992 1184 8312 2382
8312 275 8846 1707
904 2972 1456 4723
3123 1184 3375 2962
2677 8277 5966 8466
0 1184 805 1541
7545 8277 8714 10000
0 596 4828 993
9656 3469 9860 6180
4170 2962 5271 3682
5107 1184 6992 1624
7415 6295 9625 6747
0 993 8312 1184
8714 7883 10000 9647
2175 7908 2677 9513
0 3570 265 9703
273 7135 1307 7885
2677 7370 7436 7426
3237 9499 6635 9792
3884 1557 5107 1624
6589 0 8846 275
5422 6764 6162 7370
7415 3469 9656 3937
2677 2972 3088 5394
904 5577 1386 6890
8846 0 9781 1707
5966 8277 6725 8438
3519 9022 6734 9251
904 1541 1815 2324
8714 7370 10000 7883
1477 2324 1826 2741
883 9734 2217 9931
3375 1624 5658 2382
7436 7728 8599 8277
4828 0 6589 993
805 1184 1826 1541
7814 275 8200 564
5422 3469 7415 4202
3237 8466 6933 9022
6933 8277 7545 10000
6162 6764 9897 7263
8714 9647 9990 9982
4485 4842 5385 5432
1826 1184 3123 2972
7415 3937 7932 6295
5422 2962 9781 3469
7932 4002 9169 6039
4366 2382 8312 2962
916 0 4828 596
5658 1624 6992 2382
904 4876 2096 5577
1462 3409 1505 3985
9781 630 9878 2581
