4337 7979 7947 8757
8156 7106 10000 7576
5806 6564 7265 6975
4582 4513 6838 5097
4337 9422 4758 9862
1953 3136 2659 5097
5613 8757 6452 9862
9589 3850 9800 5501
7947 7979 10000 9050
647 3499 1164 3753
5813 1864 5917 2748
2661 2233 3717 2738
5796 423 9034 581
1314 2956 1937 4999
1486 961 2661 2956
5806 6975 7265 7576
981 9685 3682 10000
2661 4513 4581 5092
6589 1268 8685 1639
4337 7131 4412 7263
1606 8752 3682 9685
647 961 1184 2821
3721 160 9157 419
3355 5229 4217 7277
7265 6123 8156 7576
2151 8097 4337 8752
5806 5097 6748 6564
6452 8757 7947 9862
5216 2817 6130 3877
2661 0 3721 2233
1191 961 1486 2834
6840 4513 7234 5083
6748 5097 9589 5676
3355 7277 4280 8091
3721 423 5647 1309
0 7974 981 10000
7947 9050 9536 9280
981 8752 1606 9685
3682 9862 10000 10000
7947 9470 9313 9780
0 6513 981 7974
2151 7044 3217 8097
0 3753 1309 6513
5216 3881 6021 4458
6748 5676 7265 6564
3795 1336 3833 1726
6533 1336 6589 3688
3717 3515 4342 4478
2661 2738 3710 4507
3682 8752 4337 9862
4758 8757 5613 9862
4337 7576 10000 7979
1309 5893 2306 6513
1530 6513 2151 8752
2306 5106 3213 6141
6435 593 6466 770
0 0 2661 961
9400 160 9991 2969
1309 5102 1985 5893
3925 1820 5114 2203
981 6513 1530 8752
446 961 615 3748
3217 6513 3355 8097
3721 0 9295 134
2306 6141 3355 6513
2244 2968 2661 3136
0 961 440 2722
9400 3850 9530 4427
7340 4028 9350 5097
4412 5097 5806 7576
4337 8791 4642 9422
8156 5676 10000 7106
3717 2233 4568 3432
2151 6513 3217 6609
2151 6609 3217 7044
4675 2233 5210 4477
7265 5676 8156 6123
