8773 3119 9472 3574
8773 3574 9454 4325
4280 4641 5648 5286
4531 1656 5294 2318
1301 834 1873 1582
3583 4641 4280 4911
5328 1667 6158 2307
133 7725 705 8998
133 7339 587 7613
3799 5742 4807 6603
133 7000 5108 7339
0 4188 133 10000
6407 3034 7147 3566
7759 3034 8685 3350
8064 4809 8245 5193
4852 5856 5108 6595
0 834 659 2730
7759 3538 8192 3616
3668 4918 4280 5286
870 7725 6160 7859
7578 590 8003 3034
8259 3393 8773 5284
2871 7339 7406 7725
7776 8037 7972 10000
3799 6603 5108 6847
9497 4384 9986 7202
2747 590 3377 1656
0 590 2746 834
3219 9172 7390 9506
8773 4334 9454 6899
2298 5286 4807 5742
8634 8329 10000 10000
133 9494 1682 9503
8475 5286 8765 7547
8636 0 8739 673
4807 5286 7406 5856
133 9050 2788 9490
2304 1945 2863 4188
5648 4657 5943 4809
9649 2164 9887 2528
7077 1407 7578 2303
727 4918 1159 7000
1525 9804 3485 10000
3583 3130 4596 4641
870 8902 5969 8968
7390 8835 7776 9698
6146 3566 6376 3888
6740 3603 6963 3957
5089 9565 6888 9689
3377 590 3937 1655
7406 7690 8550 7874
8565 9425 8626 9748
8003 611 8501 3019
9081 7206 9162 7586
7342 0 8502 590
3030 4188 3526 4280
659 1945 1162 2655
1159 4918 2298 6350
3799 6847 5087 6996
659 1656 2863 1945
4945 3566 6146 3957
5294 590 7169 1348
1868 6816 2262 7000
519 4188 727 6549
2863 1656 4531 2699
133 9565 3368 9795
7147 3034 7759 4809
873 8037 3480 8754
8128 5286 8471 7345
7972 8098 8211 8619
870 8968 6818 9049
8502 2164 9633 3029
1365 1945 2304 2579
870 7885 8565 8036
4945 2318 7534 2959
6847 4285 7098 4676
2301 6141 2879 6988
8974 7620 9220 8329
8502 692 9020 2161
800 4300 3030 4918
0 2730 1365 4188
1474 7339 2857 7710
727 4188 2292 4275
2879 5742 3799 7000
9020 692 9994 2150
7406 7602 8634 7690
708 7725 868 9008
2298 5742 2807 6105
3010 9050 7291 9170
1159 6350 1439 6947
4846 0 7342 590
4596 3527 4943 3554
3480 8037 5198 8827
5648 4809 8064 5286
2863 2699 3583 4188
1365 2579 2174 3835
7972 9425 8565 10000
7972 8619 8634 9425
5108 5856 7406 7339
4596 3957 7147 4285
3583 2699 4945 3130
606 7339 1448 7714
6215 1667 7004 2311
372 9804 1525 9891
3490 9698 7776 10000
3937 640 5255 1656
5294 1407 6948 1661
2298 4918 3668 5286
165 4188 490 6587
5637 8268 7216 8835
7406 5286 8128 7602
4945 3034 6407 3566
0 0 4846 590
4543 2318 4745 2685
4596 4285 6847 4641
