34 0 1918 488
2721 6703 3881 8611
1197 8029 2721 9812
448 6703 1197 7530
8969 0 10000 1725
0 8476 1137 10000
7626 3537 9042 5480
0 7530 1197 8476
4903 6366 5295 8045
9042 4173 10000 5155
1197 6744 2416 8029
7789 5480 9700 8045
6668 14 8969 389
5635 9584 6780 9753
6229 1357 7626 1796
8213 8459 9014 9584
5899 390 6651 1347
9700 5155 10000 9584
8074 1725 8848 3308
9205 1740 9944 4173
7626 1725 8074 3537
3881 8045 9700 8459
4782 9806 5103 9976
0 6703 448 7530
394 2478 1912 4075
2563 4076 3045 6382
6765 7825 7774 7937
3095 1827 7500 2825
461 4099 2543 6703
2721 8611 3881 10000
1518 9812 2291 9944
5807 3361 7290 4156
5295 6707 6295 7948
0 2478 394 4064
3881 8459 8213 9584
1137 8645 1196 9727
5807 5569 6301 6370
1918 0 5899 1668
9047 1725 9205 3161
7626 390 8911 1721
6780 9584 10000 10000
3441 3361 3632 5574
6045 6440 6304 6661
1918 1668 3061 3810
3893 3361 4872 8003
5295 3385 5807 6681
9042 5224 9625 5480
3095 1668 5697 1817
9014 8459 9609 8845
0 582 1790 2453
6304 5480 7789 7825
0 4076 445 6540
5959 2960 6592 3361
7124 4266 7239 4780
