550 0 1508 634
396 6457 1576 8349
8838 9034 9533 9873
4355 3220 4701 4356
2126 7634 2313 10000
0 929 223 3726
3930 883 4498 2200
5037 2155 6794 2198
1398 5451 2404 6457
7899 7380 9630 7939
7831 3914 9198 4511
1508 1821 3930 2200
7970 8395 9667 8758
5824 3978 6228 5815
3568 2200 6815 2735
7899 6514 8381 7339
6908 6514 7899 7234
1596 0 2339 1702
0 4473 680 4679
0 0 550 929
0 3726 147 4449
2791 2329 3568 3016
4355 4400 4503 4674
0 9252 1576 10000
2951 883 3534 1686
4594 4356 5277 4739
6815 5416 7720 5974
7812 4943 7973 5964
8084 7939 9243 7959
5067 6409 5791 9137
2313 9030 2982 9975
5804 6136 6619 7859
1442 4449 2057 5116
2313 7634 3029 9030
6619 6136 8393 6514
7720 2310 7789 5183
3718 5116 3885 7674
792 8349 1516 9176
3898 5348 5147 6400
3067 701 6036 883
5826 2735 5983 3253
4498 883 7225 1360
2359 3016 3568 3377
396 8349 792 9252
0 6065 396 9252
0 4679 1442 5116
3029 8569 3919 9954
8433 4943 9227 5935
2339 0 5098 310
3545 883 3930 1551
1398 5116 3718 5451
1508 1702 3930 1821
8084 8767 9570 8973
3898 6418 5047 8305
9757 1531 9902 7952
3568 2735 4355 3726
147 3726 2057 4449
5498 2735 5804 5348
7814 1506 8886 2601
6228 5654 6680 5973
1508 2206 3242 2329
8886 1506 9252 3914
6581 40 7835 322
6546 4221 6605 4505
4885 9149 5804 10000
4498 1506 7812 2155
4701 3220 5498 4356
5983 2735 6814 3948
2339 322 7948 699
5804 5974 9630 6136
3972 8305 4318 10000
223 2465 1085 3726
1576 7634 2126 10000
9252 2373 9630 5974
2404 5451 3029 7634
7989 4943 8432 5952
4318 9149 4885 10000
4318 8324 5057 8856
3029 5451 3718 8305
1576 6457 2404 7634
8393 6136 9630 7380
2057 3726 2923 5116
1085 634 1508 3726
7590 7968 7937 8698
2923 3726 4355 5116
4498 1363 6882 1503
5804 8569 6518 8853
6815 2155 7720 5416
7948 442 8321 1506
9630 0 10000 1531
4318 8989 4971 9149
1508 3016 2359 3726
9630 1531 9757 8395
7970 7968 9471 8194
4355 2804 5258 3220
3029 8305 3972 8569
223 1765 1085 2465
3898 5116 4248 5338
1509 0 1596 1674
6619 9572 8702 9658
223 929 550 1765
0 5116 1398 6065
550 634 1085 1765
9252 1506 9630 2373
7948 8 9519 190
5804 7859 6616 8222
396 6065 1107 6413
2339 699 2951 1702
1508 2329 2791 3016
2359 3377 3568 3726
