9109 1219 9346 3534
3440 8962 6848 9223
6702 5610 8551 6007
6321 2505 7111 2675
7639 9061 8758 9617
6848 9061 7639 9444
0 4252 757 6048
1203 736 2567 781
8424 2666 8645 2739
6848 8973 7853 9061
3733 195 3978 1037
8465 5345 9435 5610
9467 3519 9490 6768
9558 2540 9702 6202
3069 6048 6096 6360
8758 8965 9356 9682
7111 2177 7726 3674
6839 4525 8886 4804
2959 9617 8758 9682
5221 1219 5911 2166
7451 7146 8402 7463
3852 2759 6215 2819
2821 2941 3090 3976
6653 6434 7820 6540
461 9617 792 9992
2194 3424 2821 3881
2242 1037 3978 1219
9702 2540 9867 7846
5923 1271 6468 2177
9356 8965 10000 9682
6476 1834 6608 2173
4175 85 4863 699
870 2819 1957 3032
2242 1219 2518 2171
6476 1259 8966 1463
2773 6048 3069 6795
8541 8293 9982 8687
1591 4464 6467 5083
6187 5610 6702 5934
0 6269 1607 6302
792 9876 2679 9992
1825 1349 1885 1631
3096 8230 10000 8290
3881 7146 4808 7938
3440 8921 8519 8962
0 1163 593 1322
2679 9617 2959 9992
3951 9682 10000 9992
1591 5083 6467 5345
0 2505 285 4252
0 195 1203 781
461 9444 6954 9617
93 9223 6848 9444
6497 4464 6839 4792
1591 5345 8465 5610
4939 7449 5720 7846
1056 3234 2114 3899
1014 9617 2679 9876
9091 2029 9109 2493
8551 5610 9435 6795
2156 6795 2341 8290
5920 8480 8522 8687
6875 6582 8068 6653
2209 2558 6270 2756
5491 3262 7008 3674
4360 2072 4988 2504
1892 6795 2156 8290
0 6302 1610 6795
9050 4464 9415 5334
2266 8480 5920 8685
2563 1219 2827 2266
0 85 3978 195
3319 2819 3612 3925
3978 910 7187 1190
3509 6545 3796 6606
1591 4252 9435 4464
395 6795 849 7682
9867 1219 9893 7386
1261 8687 8758 8881
285 4251 7594 4252
3881 6795 9326 6864
5211 3674 6573 3976
3978 720 7187 910
1753 6795 1892 8290
285 2505 870 3976
461 9992 10000 10000
2341 6795 3093 8101
0 0 9601 85
93 9444 461 10000
0 781 3733 1037
6954 9446 7634 9617
8235 7846 9893 8230
3613 2819 4713 3974
7726 1834 8389 3338
3927 1246 5221 1392
3096 6795 3822 7793
1179 6795 1753 8290
6467 4804 7853 5320
2959 9682 3951 9992
8346 346 8357 1049
1994 1037 2240 1924
7463 7891 8235 8166
4863 416 6160 720
6096 6007 8551 6434
9601 100 9789 1191
0 1631 1988 2505
3978 1190 9601 1219
8758 8687 10000 8965
5498 2177 5575 2500
5575 2177 7110 2498
3098 2819 3312 3923
1591 5610 6096 6048
3069 6360 6096 6545
5562 85 9601 346
6476 1463 7999 1748
792 9617 1014 9874
757 4252 1591 6048
2326 2871 2348 2998
1610 6048 2773 6795
3786 1392 4252 2409
110 6795 296 7957
8305 4848 8967 5345
9435 1219 9867 2540
3796 6545 6190 6791
93 8646 330 9091
1261 8881 3440 9223
1 6795 93 9975
7187 346 8346 1190
4863 85 5366 341
812 8290 8300 8452
1203 195 3733 736
285 3976 8424 4166
4818 2819 5211 3767
875 6795 1179 8013
6573 3674 7598 3974
2875 1219 3673 2180
285 4166 7937 4242
8442 1463 9088 2495
9893 780 9994 7109
7406 6876 7759 7047
