4824 12 6292 384
2073 3697 2465 6240
7914 1270 9829 1600
765 885 1082 1610
3113 6781 3354 8972
6948 7486 7288 9914
3838 1302 5125 1907
1023 9377 2422 9527
3838 3256 4139 7622
4836 4873 5189 9914
0 8972 1384 9140
9031 3514 9569 3993
4139 4309 6010 4873
3995 2641 4468 3119
3580 3256 3838 7622
0 9144 989 9918
1814 7438 2435 7964
7134 7121 9650 7486
7288 8015 7878 9915
67 239 510 859
6763 789 7677 2344
2252 0 3344 2229
836 8185 946 8403
1149 3096 1834 5147
7677 1600 9377 2275
7936 2641 8406 4789
5189 9607 6948 9914
765 1655 1121 4619
2115 1916 2252 2112
3056 9365 3870 9916
0 3190 86 8369
8406 3249 10000 3514
4019 7622 4127 9896
946 7166 1789 8047
4019 9915 9380 10000
1571 6096 1737 6487
5651 8628 6948 9607
5189 4873 5996 6131
3431 1358 3823 2290
6312 912 6704 1525
1023 9144 3154 9316
5651 7486 6494 8628
1737 5147 2032 6217
7677 789 7914 1600
3662 384 4826 1175
4019 9914 7150 9915
6993 4789 7134 6531
3589 2290 3838 2605
6010 3256 6695 4789
4139 3866 6010 4309
8623 5734 9276 7000
3838 1946 6763 2344
9829 789 10000 2620
4139 3384 6010 3866
7773 4789 9650 5734
1737 6240 3354 6781
3452 606 3662 1302
6695 3459 7936 4789
94 3190 466 8283
6494 7486 6948 8628
2475 2815 2614 2994
5125 912 6312 1620
4139 3256 6010 3384
8434 8232 9465 8367
4176 4873 4801 8753
475 3190 724 7880
9380 8367 9738 9034
8434 8367 9374 9712
946 6781 2483 7143
3838 1907 5125 1946
840 5147 1471 5933
2264 7166 2565 7355
7914 789 9829 1270
5189 7486 5651 9607
3838 2344 9829 2620
1088 0 2049 1587
5125 384 6763 912
1985 8047 2191 8882
6695 2641 7936 3459
3580 2620 9975 2641
7773 5734 8623 7121
7878 8015 8434 9715
3580 7622 4019 9365
4468 2641 6695 3256
3354 2994 3580 8972
9300 2641 9746 3186
8406 2641 9300 3249
8406 3514 9031 4789
4804 4873 4836 9859
6010 4789 6760 7485
5125 1620 6763 1946
1023 9527 3050 10000
7288 7486 9650 8015
9650 3514 10000 8015
0 859 756 3106
2565 6781 3113 8972
7878 9715 9135 9853
3125 3450 3147 4637
6763 0 10000 789
3147 2994 3354 6240
7134 4789 7773 7121
