1286 5156 2636 5345
8579 7848 9623 8643
4609 9129 5555 9799
2642 4625 3723 5357
2691 8412 4854 8771
5633 3942 5937 4324
4256 3251 6411 3715
6514 6963 6554 9827
8066 1369 8673 1975
2691 5357 3211 6017
3211 5357 3723 6017
6374 1535 7643 2776
8865 5779 9554 5920
6159 3826 6551 6765
1781 9358 1927 9482
2982 6018 3676 8412
3676 6044 3743 7371
7997 4610 8865 6388
7427 8561 7991 9264
8579 6926 9605 7848
1927 9567 4547 9810
8579 8649 9452 8840
425 2919 1286 4847
1766 8771 4848 8807
4898 5911 5036 6859
6966 3826 7278 8090
5264 6963 6514 7733
3757 8811 4097 9082
114 13 5292 158
1286 2917 3250 3833
9318 6462 9357 6827
5528 9869 6297 9916
3425 4110 3723 4576
5280 4372 6159 6963
415 639 1777 906
7351 8239 7646 8292
3929 9827 5508 9953
6966 8564 7417 9222
307 4090 365 5253
6966 8470 7656 8560
8466 6827 8579 9692
2691 6017 2982 8412
365 9178 1766 9827
438 4847 1207 5924
1075 9827 1388 9842
1777 934 3247 1952
1286 3844 4026 4110
5516 0 7026 566
7997 6388 8466 9318
7278 6513 7591 6715
5895 1444 6363 2621
6554 3826 6939 5552
4256 3720 8784 3826
7481 3210 8836 3516
4382 1444 5895 2770
5067 5245 5264 9096
1777 639 2743 892
8865 566 9389 3425
5570 7733 6479 9126
114 158 2958 639
3728 158 5516 566
1766 7072 2691 8771
7026 0 9373 522
9389 566 9469 3055
9479 0 9976 1567
6554 9318 8466 9692
3262 1352 7339 1438
9552 8649 9616 9290
4589 6769 4781 8178
9824 4737 9986 8398
365 2557 2737 2902
1286 4110 3425 4625
3728 566 8865 934
4256 4399 5254 5245
1927 9129 4539 9539
4101 3210 4239 8278
365 907 1095 2556
1095 907 1772 2195
8865 3425 9805 4576
7646 4610 7997 8470
7678 1444 7978 2673
3262 934 8865 1352
0 0 114 10000
6554 9692 10000 9916
7278 3981 8450 4610
3723 4110 4101 6017
3262 2188 3971 3661
2958 158 3728 934
1766 6672 2691 7072
5508 9916 10000 10000
114 5253 355 9308
365 6672 1766 7887
6554 5961 6942 9288
1286 4625 2642 5156
365 5979 2691 6672
2982 6017 3306 6018
365 7887 1766 9178
4101 2776 7948 3201
1778 2006 3262 2557
1286 5357 2691 5979
