2999 5649 6371 5703
6398 7822 7639 8008
6912 2407 7006 2616
7113 1524 7868 1997
7338 5051 7782 7822
290 1414 2534 2459
6398 6716 7338 7822
2999 6716 6398 7093
9458 2452 9820 3167
3472 521 3764 2701
7110 9056 7637 9627
6796 4531 7782 5051
7711 7822 9455 8099
2929 8507 4079 9093
600 5076 3472 5649
0 0 110 9326
5972 3141 7088 3788
9458 4064 9743 4317
4727 0 6039 2454
7113 0 7868 1524
6201 394 7088 459
6371 5051 6992 5867
110 6765 450 9310
6371 4531 6796 5051
459 8507 1376 9000
7897 3113 8661 4296
5234 9719 8101 9814
171 4721 290 5264
8199 1830 8572 1921
110 5649 451 6750
7796 3890 7885 4531
290 423 2213 1414
9169 2452 9458 7822
6201 611 6858 2703
5175 5403 5972 5649
2677 2960 2994 2996
2999 5703 6325 5862
3042 5867 3668 6688
3472 4557 4238 5616
8924 1830 9169 6503
8967 0 9169 1830
7868 1250 8967 1830
290 2459 1063 3127
9116 8472 9785 9844
2999 8010 7621 8100
7777 8103 9116 9719
7112 621 7113 1131
4672 8507 5148 9044
4241 3227 4502 3789
8818 3083 8924 6503
3766 7093 4488 7884
7782 4986 8513 7822
2999 8102 9128 8103
2534 0 3766 521
459 5649 2347 7618
1063 2808 2240 3127
3668 6427 6992 6716
2999 8103 7777 8507
110 379 285 3938
9169 0 9820 2452
8513 4531 8818 6503
3668 5867 6992 6427
4488 7093 6393 8010
5043 3198 5938 5391
2696 9199 6977 9324
9785 3167 9820 10000
750 3127 2240 5076
8091 4544 8241 4986
2240 2996 3472 5076
5972 4531 6371 5649
4079 9056 7110 9199
0 9326 4465 9844
8051 84 8967 1250
838 156 1048 379
4505 3141 4992 5503
8513 6503 9169 7822
4465 9326 7110 9719
7113 1997 8924 3083
9116 8155 9616 8472
1317 0 2258 374
3472 3141 4241 4557
2999 7093 3713 8008
5972 4052 6612 4522
459 7618 2327 8493
14 9844 2349 10000
4211 2703 6912 3141
9820 1377 9863 9982
1390 9225 2696 9326
2352 5649 2999 8501
5148 8507 7777 9056
1063 2466 2067 2808
3766 2621 6187 2703
604 4490 750 4676
290 3127 600 5649
3472 2703 4211 3141
6992 5051 7338 6716
2349 9844 9785 10000
2534 521 3455 2024
3766 0 4727 2621
2534 2068 3406 2694
7113 3083 7796 4531
