7654 7147 7908 8735
0 2644 2812 3594
2812 2200 3205 9385
7334 0 8005 2571
5286 1407 6776 4039
3871 5263 3884 7910
9407 1618 9999 2190
1213 6638 2812 7182
0 5177 2481 6638
0 9385 8236 10000
8236 6058 8335 9455
4644 4039 6798 6058
8439 0 9006 8399
6798 5277 7482 6030
4277 6257 6097 8286
6699 6257 7882 7128
7334 2571 8005 4243
9006 0 9615 1393
6699 7147 7499 9346
0 6638 1213 9385
3596 0 3871 8286
6798 843 7334 4233
3205 8286 6348 9345
1213 7182 2812 9385
0 1597 2525 2644
8335 6678 8383 8377
6798 4332 7306 5277
2415 10 3409 31
2481 3594 2812 6638
8005 0 8439 6058
9407 2190 10000 8695
6109 6257 6699 8269
3978 0 4277 8222
1577 3594 2481 5177
0 3594 1577 5177
0 31 3596 449
3205 2200 3596 8286
5286 0 6461 1229
7908 6058 8236 9385
3884 1311 3978 3186
9006 1474 9407 8695
579 449 2660 1409
4279 4039 4644 6254
4644 6075 6676 6257
8335 8399 9006 8695
6867 33 7334 843
8335 8695 10000 9455
4859 0 5286 3793
8236 9455 9854 9937
9623 16 9997 1474
2812 1564 3596 2200
2660 449 3596 1564
