6403 4999 9584 5079
8809 2007 9044 3325
9114 1886 9970 3266
4713 654 5633 2384
2934 8225 3530 9315
3530 8225 4472 9305
8469 1762 8747 3325
830 8281 1645 8880
0 120 108 9837
1730 6095 8886 6510
4727 7366 5201 9014
7335 4099 8171 4993
1656 2485 1730 4424
5219 7366 6003 9328
8958 5661 9826 6570
2695 6510 7358 6824
6096 5124 7101 5365
880 53 1211 120
6003 7366 7009 8524
1645 8225 2910 9922
6232 1185 6361 4284
6003 8524 8224 8847
2998 654 4373 2482
108 120 323 9837
4727 7278 6485 7366
5686 4503 6364 5085
1730 4396 3269 6095
1751 443 3654 640
7510 6510 8886 7898
4989 3320 5678 5082
7867 9328 8680 9984
4988 5365 10000 5619
8886 5619 8951 9282
2724 2485 5686 3320
323 6181 1122 7422
6232 443 9578 1185
8377 7898 8725 8277
5686 1962 6232 4503
323 3782 1214 5876
6364 1186 9367 1762
5691 654 6208 1845
2724 3320 3269 4396
3642 3356 4976 5085
0 9837 1406 9988
8248 3928 9992 4933
323 120 1355 3782
8248 1762 8469 3928
2931 9328 7545 9889
8958 6570 9988 9638
9578 254 9896 1175
1730 6526 2627 7267
8469 3511 9850 3883
7526 5085 9770 5340
2695 6824 6816 7264
1355 0 1485 7152
1730 2485 2724 4396
6364 1762 7335 4999
323 7760 4727 8225
7335 1762 8248 4099
1485 0 9578 443
4988 5085 6096 5365
1485 771 2887 2485
3929 5085 4988 5968
3269 3320 3639 6023
7009 7267 7510 8524
4988 5619 8886 6095
1355 7267 4727 7760
6003 8938 8875 9307
