6895 5379 7627 9794
38 163 154 8351
4672 9794 10000 10000
7716 2873 8576 4368
2105 1921 2991 2368
633 8114 2098 9277
996 3270 4069 3591
6035 5659 6508 6722
154 163 996 2093
2677 361 10000 763
2105 8021 2679 9145
7627 5379 8134 8443
1448 5093 2625 7263
2105 1123 4228 1921
2882 5093 3625 6110
1463 163 2677 1123
0 5 9376 163
9162 5988 9856 8443
7716 2191 8452 2766
4933 2445 6324 4218
2124 3591 3695 5093
1463 2445 3951 3160
1729 3591 2124 4714
8644 2191 9856 2915
154 7263 2882 8021
5577 8607 5973 9586
3982 6870 4672 10000
4933 5313 8134 5379
9066 959 9794 1063
274 4134 798 6044
1480 1123 2105 2431
8644 2915 9678 3830
230 3606 531 3819
7716 763 9066 2191
6023 6722 6508 9794
996 163 1463 3270
2882 7597 3731 7739
4071 2445 4889 3168
3695 3591 4933 5379
8935 8443 10000 9794
4933 4618 8644 5313
2188 9818 2669 9943
4672 8607 5510 9298
6712 763 7716 4618
3266 904 3664 1123
6357 763 6712 4247
8134 5988 8749 8441
2625 5093 2882 7263
4933 4251 6696 4618
154 9418 2638 9813
154 2093 765 2451
8134 5313 9731 5988
2882 6145 6023 6870
3695 5379 6023 6145
3852 169 8803 361
9731 2915 9856 5911
4228 763 6357 2445
8386 8443 8935 9794
8752 7112 9146 7264
6508 5379 6895 9794
798 3591 1448 7263
9856 763 10000 8443
4672 6870 6023 8607
7627 8443 8386 9794
8644 4182 9495 5278
2679 8021 3982 10000
