49 1136 128 4446
1205 3614 2561 3973
4473 1688 6763 2074
1205 5548 1415 7980
8740 5909 9642 6416
622 6749 1205 7980
870 9599 4308 9726
4599 5909 4980 9261
9791 0 9874 3723
419 3264 3798 3614
1437 8997 3416 9055
4980 8127 5392 9903
2522 9141 4304 9569
8176 349 9186 488
5488 3873 7390 4621
1289 619 1999 1139
8176 488 8545 1667
670 3614 1205 6749
5392 8127 9874 8377
6929 6035 7801 7021
2272 3973 2852 6601
7538 2627 8345 3851
8345 2627 9386 3408
257 95 419 4446
2852 3614 3798 3873
9386 0 9777 3408
3277 5598 4045 6155
1289 1997 1838 3242
7962 6035 8414 6804
2654 6601 2823 7736
4473 2074 6089 2383
4473 3142 7390 3842
5887 9217 9246 9788
5392 8377 9591 8525
5906 9136 8641 9205
3798 1688 4473 3873
4473 3851 9874 3873
7390 3873 9117 4582
2372 9165 2522 9599
1210 8116 4025 8864
1205 3973 2272 5548
257 0 9386 95
1437 9055 2593 9139
0 4446 419 5986
3376 4092 5488 4564
2985 7432 3148 7550
4013 4621 4711 5598
4524 5598 4575 8580
3219 1131 6644 1688
137 1572 257 3296
6644 95 7538 1688
5383 209 5972 773
419 4325 670 5986
3238 619 4035 1091
4980 7913 9642 8127
4308 7936 4420 9452
4980 7060 6378 7858
0 5986 670 6749
8545 488 9386 2627
870 8116 1182 9570
6441 7215 8502 7913
2799 1688 3666 2959
6898 4621 7880 5895
7095 1688 7536 3128
1415 6601 2654 7980
1415 5548 2272 6601
808 619 911 2112
4109 8062 4231 8700
4473 2724 6705 3131
8345 3408 9118 3490
5392 8525 9466 9133
4711 4621 6898 5357
1250 9306 1437 9335
2852 4564 5129 4621
3148 6281 3554 7412
7828 6035 7962 6636
51 6749 622 7001
419 95 6627 163
2852 3873 3376 4564
911 619 1289 3264
2852 4621 4013 5598
1032 7980 3148 8113
4586 9903 9844 10000
4980 5914 8646 6035
6763 1688 7076 2650
3376 3873 5488 4092
7538 1667 8545 2627
419 3614 670 4325
9591 8377 9850 9124
4980 6035 6321 6946
6124 5598 6755 5721
7951 4621 9641 5909
843 8116 870 9726
8740 6416 9491 7863
2081 1688 2799 3239
9874 0 10000 10000
6089 2074 6763 2724
6011 164 6518 998
4473 2383 6089 2724
8560 6959 8737 7061
8026 309 8176 1036
3619 6281 4224 7895
4041 164 5383 1131
2905 7550 3348 7946
9642 4621 9828 7175
0 7980 843 9726
4711 5357 6493 5585
419 164 3892 619
1289 1161 1740 1981
2007 619 3216 1660
8009 163 9336 309
0 9726 4524 10000
