907 7550 1112 8688
4061 333 4812 609
1782 3981 5348 4261
0 830 1570 845
2986 8800 3185 8817
2429 3031 4432 3402
6056 9573 6499 9654
1612 134 1958 1725
7097 4479 7967 4537
2429 2267 3090 3031
5348 3031 6261 4120
3855 8217 7866 8386
855 134 1559 668
2254 4479 3753 5124
5392 2192 8712 2313
3063 6978 3748 7352
3855 8386 7866 8535
1272 8599 1616 9180
1152 9334 1980 9856
6301 3031 6355 3892
391 8653 777 8711
8152 5434 8809 5668
7866 8220 9068 8535
4097 6653 4416 7201
9778 264 9969 7294
9483 3600 9778 6865
5952 5181 8809 5434
5618 630 8116 698
3575 4446 6147 4474
1192 6670 1601 7388
4204 9244 5513 9669
0 4332 6301 4370
1682 9882 3367 9995
116 5383 1601 5593
7184 2313 8057 3072
9024 8535 9221 9882
943 2056 2978 2131
2002 9334 3281 9670
777 7089 1173 7550
797 3402 4432 3541
9122 4741 9483 5668
943 1997 3877 2034
2578 576 3469 1881
3855 7649 7329 7866
6355 3600 9146 3845
9221 9498 9916 9874
3959 9244 4204 9637
3575 4370 6364 4407
7664 3892 8958 4176
5512 2573 6309 2844
2501 8817 3586 9139
3586 8817 4231 9139
3831 2897 7184 3031
1348 6653 2961 6670
5304 6079 6586 6158
2038 134 2578 1894
5787 555 8084 599
1616 8649 2501 9244
5392 2006 7331 2192
5896 4640 7097 5108
4061 768 4428 1751
408 3402 797 4261
3585 6780 3759 6977
4258 5124 5329 5840
8057 2801 8712 3569
3829 5593 4258 6079
9221 8051 10000 8384
8555 6865 9778 7365
8014 7365 9100 8037
7097 4537 7888 5075
3855 7365 7329 7649
8958 3892 9480 4373
4432 3031 5116 3758
5513 8740 6056 9678
8152 5668 8362 6079
9221 8384 10000 9498
2132 7053 3063 7365
3909 1997 4282 2897
6355 3031 7184 3600
797 3541 1782 4261
6776 6079 8271 7290
116 4511 1601 5383
5575 5124 8009 5172
4944 5840 6692 6073
3512 576 4034 1802
2578 0 4793 333
3829 6079 4925 6619
4231 8649 9024 8740
8700 8740 8966 9133
6392 6158 6586 7365
8712 2876 9324 3256
8026 4186 8838 4431
3174 1894 4292 1980
0 4370 3575 4479
7329 7365 7911 7940
2120 1899 3174 1997
8809 4741 9122 5668
1616 8599 9024 8649
4258 5840 4944 6079
1112 8535 9024 8599
4793 81 5322 333
5772 6158 6392 7201
3753 4479 5896 4811
116 8711 1030 9193
8009 4741 8300 5181
2527 5124 4170 5591
239 845 408 3882
8145 1793 8622 2126
7716 8740 8659 9146
9428 2173 9759 2183
6289 8740 6866 9573
4169 7866 7329 8051
7083 5506 7947 5839
0 4 2339 134
3753 5108 8009 5124
5322 81 8244 333
8009 4498 9287 4741
26 9334 1152 9881
6866 8740 7716 9573
5618 349 8064 417
3446 333 3861 559
6811 421 8088 546
4231 8740 4391 9065
4925 1793 5457 1932
2254 5124 2448 5479
4616 8740 5513 9157
512 1394 1612 1724
1958 134 2033 800
2067 4928 2224 5303
7083 5839 8152 6079
4830 333 5530 1584
8176 3569 9639 3600
8300 4741 8809 5181
5896 4479 7097 4640
7330 4270 7923 4288
6355 3845 8268 3881
408 4261 6301 4332
4204 9678 9024 9882
3489 9244 3884 9858
2664 9246 3360 9334
8881 5937 9480 6072
6586 6079 6776 7365
7716 9146 9024 9678
116 5593 3777 5692
5952 5434 7083 5840
8057 2349 8342 2801
427 1997 943 3263
408 845 1604 1376
8257 415 8390 1509
3090 2897 3831 3031
5329 5766 5942 5779
4793 0 10000 81
116 9244 2362 9328
5618 698 8065 1422
6476 2313 7184 2897
1192 7550 1623 7682
1112 8337 3817 8440
6056 8740 6289 9573
6484 417 6811 538
5304 6158 5772 7201
1782 3541 3596 3724
3924 7954 4169 8051
3855 8051 9221 8217
7184 3072 8057 3569
3468 7365 3855 8294
4925 6079 5304 7201
8362 5668 8555 7365
8493 562 9324 1793
4601 620 4830 1192
31 4511 116 6875
8712 3256 9767 3547
668 5697 986 6210
9428 264 9745 1635
9324 562 9428 3256
2578 333 3446 576
2132 6670 3063 7053
4579 6654 4925 6971
1382 6019 3829 6584
412 1725 752 1996
3090 2056 3860 2889
8712 2192 9324 2876
2501 9139 4231 9244
116 6619 1191 7089
5 7532 26 9709
4282 2844 6476 2897
2132 7371 3189 8258
3759 7201 6392 7365
0 134 821 820
752 1725 1957 1994
4282 1997 5392 2844
8493 89 9024 562
0 4480 1197 4511
9146 3600 9483 3845
9428 110 9719 264
1030 2163 2429 2778
1782 3897 2176 3981
2429 2163 3052 2256
1623 6670 2132 8337
3753 4811 5896 5108
1601 4479 2030 5583
