5357 3929 6024 4168
8195 7695 9733 8829
2639 5373 3192 6100
3050 2875 3330 4516
9307 9010 9777 9831
6238 3565 7027 4764
1867 2034 2780 4747
4449 6212 5357 7326
5357 1771 5784 3520
7115 9340 9307 9831
3911 9010 4867 9129
6463 8040 6950 8829
9412 3810 9505 4508
1867 1704 5357 2034
5006 9340 6334 9831
2780 2822 3006 4746
7767 1704 9412 2950
3768 4214 4315 4669
1867 5315 2611 6023
6238 6763 8195 7051
0 6989 375 10000
3533 9161 5006 9831
1630 7772 6950 8040
8016 2950 8353 3216
3122 9010 3533 9831
5434 5190 5722 6112
4193 2034 5247 2819
3390 2247 3851 2822
1867 1637 9541 1704
1867 4747 2556 5173
3122 8829 9733 9010
7299 3565 7560 5343
1235 429 8667 450
375 9401 1412 10000
8808 4986 9225 5040
4686 8040 6463 8248
1630 7428 5813 7772
3365 5026 5357 5652
7695 3565 7767 4778
0 2853 469 4732
2619 8829 3122 10000
9541 4056 10000 6763
6238 6467 8915 6743
375 6989 1630 8040
7254 795 9150 1637
8808 5040 9541 6378
0 6717 4449 6989
4449 7326 5813 7428
9150 0 9966 1602
5813 4168 6238 7051
778 123 6086 301
1195 6716 2951 6717
375 8277 2164 8708
1235 1556 6554 1637
3359 8040 3710 8501
5813 7051 8195 7772
9733 6763 9762 8013
1532 316 8109 428
2709 4747 3319 5373
8195 6763 9156 7695
6334 9340 7115 9831
9156 7416 9493 7564
3365 5652 4449 6716
1390 2650 1867 6413
3122 9831 10000 10000
1630 6989 4449 7428
1235 1152 7254 1556
8353 2950 8808 6378
2164 8277 2619 10000
5788 1704 6064 3401
5006 9010 9307 9340
6238 6378 8310 6465
9541 3533 9820 4056
0 4732 754 6716
1235 795 4791 1152
9777 8440 9982 9491
4315 2822 5357 5026
375 8063 2172 8277
375 8708 1420 9401
4449 5652 5357 6212
0 301 701 2688
6950 8652 7207 8678
1420 8708 2164 10000
1235 450 9150 795
6950 8193 7560 8644
4791 795 7254 1152
5357 6475 5776 7297
6976 7772 8195 8193
7900 5603 8201 5674
754 6413 3365 6716
6238 5674 8339 6338
6554 1556 7254 1637
777 1341 1235 3619
