3051 6282 7424 6735
3051 2842 3756 4842
485 0 916 798
2190 2842 2736 6847
7940 3791 7975 4176
3403 4842 3750 5593
4365 2329 6485 2383
48 1587 161 3570
2198 8669 3237 8677
976 5676 1519 9668
0 5618 689 9998
6805 2383 9781 2842
7473 276 8293 1088
3756 5551 9834 6282
3756 3394 6050 5271
3141 7376 6839 8403
6992 0 7473 2324
8293 0 8873 1088
976 3985 1519 5676
976 1869 5688 1956
3237 8433 7448 8558
161 855 637 1535
8184 8150 9773 9427
1711 855 5666 1468
8417 3833 9657 4279
3756 2842 5224 3382
6553 1072 6992 2324
7448 6282 8160 7685
7473 1088 8873 2324
8341 6362 9618 8150
2190 7376 3013 8355
161 2482 688 5566
689 5628 871 9889
3202 7182 4597 7376
2395 9668 5793 9961
5106 1481 5679 1624
6553 0 6992 1072
4597 7159 6819 7373
6050 3394 9703 3688
2817 2842 3051 7096
905 1468 976 10000
8873 0 9933 1592
3237 8403 7310 8433
5589 9022 6734 9665
976 1468 5106 1624
9834 5551 10000 9609
1519 2324 4165 2379
976 9668 2310 9865
976 1624 5688 1869
6888 7159 7437 8322
5688 0 6553 2324
969 891 1711 1468
7473 83 8051 276
6050 3791 6928 5551
3237 8558 7448 9022
7448 7793 8029 9615
3051 6735 7447 7159
8184 9647 9791 9913
3756 5271 5775 5534
1519 2842 2190 9022
6928 4279 7932 5551
5320 2842 9781 3394
7932 4279 9969 5516
1519 2383 6805 2842
916 0 5688 855
2680 1956 5659 2308
695 1598 905 5577
976 3937 1492 3985
9781 2383 9968 3395
