3046 9465 6283 9810
5607 4008 6742 5741
6916 7221 8463 8812
1957 9383 2968 9793
8033 6376 9191 7221
1085 1071 2507 1411
3046 7818 5529 8884
8033 3968 8614 6376
8772 0 10000 3968
9191 6949 10000 8884
6871 5722 6916 7124
6869 982 7559 3353
4897 7334 5529 7818
1810 3500 2515 4413
2515 3324 6766 3673
2271 8342 2930 8878
8614 3968 8749 6305
4745 1372 6669 2671
9191 3968 10000 6949
154 4702 2600 4891
6766 1372 6860 6986
1079 2253 1642 4429
154 5063 296 9810
552 6323 1812 7697
296 6323 552 9383
3603 5531 5607 6122
717 7697 2819 8341
3603 7334 4845 7817
6916 3859 7547 4162
53 4462 154 9810
5529 8140 6874 8812
2515 2705 5652 3317
717 8342 1549 9201
6283 9294 10000 9810
2069 5944 3046 6610
3603 3673 5607 5531
5520 643 6765 1092
6916 4246 7865 7221
5529 8812 9191 8884
1079 1411 2515 2253
5529 7475 6707 8139
0 0 4745 1071
6094 352 7215 643
296 9383 1701 9791
408 5063 1199 6272
0 1071 1079 4462
8209 719 8772 3952
3046 4702 3603 7818
3021 6610 3043 9548
296 6228 401 6323
1812 6610 3021 7697
612 7697 717 7954
3046 8884 6283 9465
6105 2762 6442 3324
6283 8884 10000 9294
5607 5741 6267 6538
7865 5765 7990 6760
8757 3968 9175 6362
4745 0 5439 1347
7598 3566 7854 4246
6267 5741 6700 6383
3603 6122 5607 7334
8463 7221 9191 8812
154 4462 3603 4702
0 9810 10000 10000
7629 40 8033 617
3503 3673 3595 4409
7590 671 7751 982
2515 1448 4372 2705
5607 6538 6766 7334
