5702 9760 7408 9951
2498 5187 5231 5500
6306 7275 6423 7843
5429 2708 9899 2799
3341 4286 3880 5187
6708 7405 7347 7926
6245 986 9021 1562
3880 4286 5407 4831
597 2534 649 6849
1389 8764 3936 9068
1548 7607 3932 7887
5418 2127 7711 2370
417 7887 1149 8388
1721 5187 2498 5500
4170 3621 9491 3794
1523 9417 1902 9951
0 8764 1051 9684
3932 7266 5154 7457
2035 6235 2302 7377
3086 8093 3930 8353
9423 8088 9464 9066
3117 4286 3178 4587
2993 148 4096 1141
7408 8394 7746 9646
1317 4816 2046 5158
8384 6284 9245 6460
6486 7243 6632 8313
1317 3829 3117 4599
6936 4562 7672 5360
9970 2954 10000 9201
3715 6977 3932 7541
5096 6009 8659 6284
5231 1565 6871 1895
6721 7985 7380 8394
9366 1895 9462 2008
1902 9417 3811 9510
4096 509 6537 581
5197 7260 5470 8087
5888 986 6200 1254
1794 600 2081 1235
650 5187 1668 5499
7380 7899 9423 8025
8514 6492 9461 7263
5197 8100 5294 8267
150 1953 260 8388
1302 6235 2012 6345
3936 8394 7408 8791
2335 701 2993 1771
6708 6661 7344 7405
5966 4035 8321 4117
1192 107 1764 1953
1764 1542 2107 1953
25 0 150 3499
5407 4286 6936 5095
1522 6051 2715 6235
8216 7346 9459 7572
5086 8791 5735 9033
9512 2954 9970 5023
911 4860 1317 5137
8878 4035 9455 4320
1565 2017 4980 2127
5096 5741 7902 5980
597 7377 3096 7607
9491 5023 9722 7572
6950 97 8087 252
150 0 607 1953
5979 4117 8320 4246
9722 5023 9970 5377
5096 6629 5773 6861
3096 5916 3914 6893
7722 6492 8178 6629
4452 1314 5039 1639
3880 4831 4917 4861
607 0 1192 1953
4034 8791 4269 9222
2317 3305 4170 3794
1149 7887 2643 8385
260 2534 597 7607
1902 9760 3327 9951
4200 679 4529 1307
4493 0 6950 509
150 8388 4863 8394
6633 6629 6708 8320
3932 5916 5096 7243
6840 2030 7271 2098
0 9951 9970 10000
1317 4599 3117 4816
7380 7572 9722 7899
1144 9081 1389 9239
25 3499 150 8394
6950 252 6989 673
3327 9760 5702 9951
1764 1322 1921 1542
3096 5500 8462 5741
260 7607 1535 7883
7746 8394 7976 8999
1051 9417 1523 9951
9494 3046 9512 4391
2302 6235 2832 7377
869 2534 1565 3829
4170 3322 9051 3621
4096 107 4477 472
1565 2136 4517 2428
6871 1736 9899 1895
1389 9068 3811 9417
3958 4864 4648 5113
8462 4035 8628 5847
6871 1565 9899 1736
5392 9358 7408 9760
3604 1771 4217 1884
260 7887 391 8223
7211 8821 7338 9040
2519 148 2833 530
8572 9033 8663 9624
4 0 25 3394
3096 5741 5096 5916
7408 9646 9387 9951
2107 148 2335 1953
3556 3794 5966 4286
4203 7457 5197 8356
2358 4816 2907 5069
3117 3829 3556 4286
8671 5731 8972 6248
1902 9510 3811 9760
9387 9646 9477 9947
5966 3820 8830 4035
5407 5095 6936 5360
650 5500 3096 5990
9614 41 9899 913
650 2534 869 5187
597 7019 2035 7377
7672 4562 8321 5360
4797 9358 5392 9760
3811 9068 3936 9760
260 1953 1565 2534
650 6447 1221 6690
2832 5990 3064 7335
5429 2684 9828 2708
5039 818 8037 986
1192 0 4493 107
5096 6492 7601 6619
2647 7887 3878 8093
6936 4345 7815 4562
9899 0 9998 1714
8321 4035 8462 5500
9270 103 9569 1565
9722 5377 9970 9951
5231 986 5888 1565
2317 3794 3556 3829
5096 6284 8154 6481
1565 2428 2522 2954
1764 107 2217 135
2522 2428 9899 2684
1011 6720 1302 7019
5735 8791 7211 9358
3756 2684 5429 2943
7380 6629 8216 7572
1565 2958 6132 3102
9472 4913 9491 5731
5407 5360 8321 5500
6950 0 8749 33
8216 6492 8474 6983
7528 2799 7649 2940
7380 8025 8663 8394
8663 8025 9423 9646
1565 3102 2317 3829
3936 9358 4797 9760
5048 1080 5231 1219
0 9684 1051 9951
2993 1141 4096 1771
5690 3113 7783 3305
9483 7899 9717 9835
25 8394 3936 8764
