5091 263 6092 956
5601 7800 6201 8089
1129 3168 3409 3690
785 8502 2481 8518
6092 263 8786 400
569 757 3226 1103
8059 2127 8589 3011
6722 5566 7012 8502
2678 4204 4328 4898
4051 263 4083 712
569 53 3315 757
4223 1791 4568 3142
2052 1791 3409 2412
5987 2127 7318 3142
0 0 567 5704
5367 9362 6355 9970
1335 3690 3084 4204
4956 1791 5514 3046
8530 5242 8720 5827
7681 9854 9838 9951
569 0 10000 53
9187 2096 9885 2466
0 9430 2602 9898
2678 5418 3883 5737
3084 3690 3376 4204
8589 2498 9902 3486
657 1225 2501 1589
8720 4167 8862 7277
3396 6540 5494 7800
5987 1649 9187 2127
569 1168 3484 1225
3401 5917 5933 6540
3315 53 8786 263
8526 7279 8700 8037
785 8526 4298 9249
4223 3495 6008 3626
2231 7254 2615 8069
6813 3486 7012 5566
9187 400 9532 2074
7186 8502 7681 9443
8161 8047 9042 8471
1504 6960 3396 7099
8129 400 9187 1140
5621 1791 5987 3045
9469 3486 10000 4167
8161 5242 8472 7974
5494 6540 6021 7437
4568 1791 4882 2528
8589 2172 9121 2498
588 1225 657 5076
8507 1140 9103 1634
7347 5242 8000 8502
4568 3092 5906 3142
1509 8221 4880 8250
4542 4078 6376 4471
9902 161 9999 2661
6645 8502 7082 9764
657 1649 5964 1791
165 6123 222 7884
2615 7800 5601 8095
7318 3011 7708 3284
4568 2624 4938 3078
7012 4167 7347 8502
165 9362 5367 9430
2678 6555 3370 6649
6392 4029 6572 8407
2052 2412 3409 2828
4223 3142 7318 3291
7318 2127 8059 3011
6572 7861 6722 8407
8862 4167 9877 6670
9055 9256 9885 9755
785 2828 3409 3168
225 7238 557 8151
3420 1791 4223 3690
1504 8407 3345 8488
710 1791 778 4745
165 8151 710 9237
3031 1522 8417 1649
3315 263 3636 1140
4497 8526 6609 9321
1917 7099 2172 7872
2602 9520 5031 9903
8873 3486 9469 4167
4768 399 5057 1045
4328 4204 4542 5914
3376 3690 4497 4170
4542 3899 6319 4029
3636 1045 8129 1140
0 9898 2587 9998
6846 400 6905 702
2012 4204 2678 6960
7347 4167 8720 5242
3409 1791 3420 3690
6572 3690 6722 5776
2615 7099 3396 7800
1556 5488 2012 5791
5494 7437 6076 7775
9055 7277 10000 9256
4223 3291 7722 3486
8786 53 9572 400
8000 5789 8145 6633
8000 6633 8161 8502
6021 4471 6392 7437
7722 3011 8579 3483
6572 5776 6722 7861
1335 4204 1443 6005
785 3168 1129 8502
3031 1330 7110 1521
8950 7277 9005 7818
1129 3690 1335 8502
165 9274 576 9362
0 5911 165 9430
657 1791 710 8151
7012 3486 8873 4167
1504 8095 6392 8221
785 1791 2052 2828
4542 4471 5560 5597
3914 4898 4259 5687
6738 3690 6813 4891
7681 8502 9055 9854
9572 53 9902 2096
712 4857 785 6217
