4412 7805 7525 8550
8231 7575 9330 8393
6289 6394 7331 6988
4824 4343 7061 4932
4352 9431 4751 9919
677 3539 2776 4153
4352 8550 6786 8926
9401 3507 9612 5158
7947 594 8231 8550
447 3539 675 4115
4565 2747 5917 2815
3620 1465 4206 2401
1983 513 8231 593
1148 2147 1983 3539
1983 594 2933 2747
5362 6394 6289 7258
981 9654 3394 10000
3526 4085 4753 4991
6815 594 7339 2078
4352 7098 4412 7263
1310 7848 3394 9654
1148 424 1983 1514
4067 170 9861 413
3526 5461 4352 7345
5362 7258 7525 7805
3394 7848 4352 8921
5362 5461 6748 6394
6786 8550 8131 10000
5894 2817 6572 4246
1983 424 9642 513
1148 1514 1983 2147
7100 3965 7494 4535
9401 5349 9985 8410
3230 7345 4352 7848
0 4 4063 424
0 7966 981 10000
8131 8550 8453 9685
981 7848 1310 9654
4764 9486 6631 9989
8131 9737 9766 9996
0 6495 981 7966
3216 3516 3526 7345
0 4153 981 6495
4824 3516 5401 4321
6748 5461 7272 6350
3620 1428 4190 1454
6588 2747 7036 3041
2776 2891 3739 3516
2933 594 3620 2747
3394 8921 4116 9998
4764 8926 6709 9469
7525 2401 7947 8550
2174 4153 2389 7065
981 5893 2174 7065
2389 4153 2776 6513
1983 593 7470 594
447 424 1148 3539
9642 424 9985 5264
981 5416 2102 5893
5113 2194 7924 2356
981 7065 2736 7846
310 424 447 3862
2747 7345 3230 7848
4067 0 9641 134
2776 5413 3141 6513
2535 2747 2661 3303
61 424 308 3561
9368 1578 9401 3851
3526 4991 7349 5461
4412 5461 5362 7805
4352 8936 4748 9422
8231 4280 9368 6948
4211 1035 5062 2234
2475 6513 2737 6904
2737 6513 3216 7345
3620 2401 7100 2746
7349 4991 7525 7258
