8939 3568 9703 3983
8939 3983 9703 4644
1138 4465 8065 4700
5073 1794 6027 2368
0 1217 2288 1404
2773 4700 4618 4802
6027 1794 6927 2368
160 7000 530 8968
106 6738 160 8988
2016 6218 4322 6602
1081 7000 2460 8811
0 3106 106 10000
6385 3293 7729 3588
7754 3293 8897 3549
7476 4730 8065 4848
4339 6218 5108 6464
0 1404 727 3106
7754 3577 8620 3616
3608 4848 5069 5024
4764 7037 5787 7726
7796 1864 8996 2952
8584 4465 8939 7037
2742 6824 4764 7726
2072 9435 8565 9627
727 6663 5006 6738
9497 4644 9986 7462
727 1404 3311 1656
0 590 2419 867
5067 8988 7390 9435
8939 4644 9497 7037
2083 4700 2773 6043
8752 8597 10000 10000
789 9435 874 9599
8106 5684 8584 7037
8738 50 9411 153
5178 5684 8106 6218
789 9050 3735 9435
2362 3891 6270 4188
4528 4808 5649 4848
9609 150 9650 2263
6927 1864 7796 2368
727 4465 1138 6636
2254 9651 3466 9968
2362 2952 4542 3834
533 8816 2747 8968
7390 8988 7972 9435
4597 3588 7242 3616
6848 3616 7040 4025
3466 9627 7064 9689
3311 590 3867 1656
8250 7690 8552 8387
8565 9435 8626 9758
6385 2952 8996 3293
9105 7046 9162 7586
0 0 9703 50
3021 4188 3517 4280
734 2291 965 3837
1138 4700 2083 6218
4764 6824 5714 7026
727 1656 5103 1794
4597 3616 6270 3891
5575 590 7450 1348
1081 6908 1869 7000
588 3106 727 6639
2232 1794 5073 2291
106 9050 789 10000
6848 4025 8939 4465
2742 8073 5787 8597
8065 4465 8584 5684
2742 8597 8402 8619
106 8988 5067 9050
8996 1864 9552 3568
889 1794 2232 2291
2742 7726 5787 8073
4813 2368 7745 2934
6457 4035 6848 4286
160 6738 5847 6824
9219 7620 9465 8329
6927 1465 8738 1864
2773 4848 3608 6043
965 2952 2362 4245
2460 7000 2742 8811
1160 4245 2099 4390
3608 5544 5178 6218
9703 0 10000 4644
8250 7586 9219 7690
160 8968 7972 8988
2083 6043 3151 6216
3735 9050 5067 9435
1138 6218 1558 6616
0 50 8738 224
4587 2952 4597 3889
2742 8619 8752 8811
5178 4848 7463 5427
965 2597 3638 2952
965 2291 3638 2597
7741 9627 8565 10000
7972 8811 8752 9435
5787 7037 8250 8597
7040 3616 8939 4025
3638 2368 4716 2940
544 7061 1081 7649
5103 1465 6681 1787
892 9720 2045 9807
3466 9692 7741 9999
3867 590 5103 1656
5103 590 5575 1465
3608 5080 5178 5544
165 3106 490 5505
2817 8811 7972 8968
5847 6218 8106 7037
5096 2952 6385 3568
0 224 8738 590
3638 2291 4986 2346
2362 4286 6848 4465
