5098 9372 7797 9406
1685 7578 6813 7997
5806 2855 6879 4069
8606 0 9089 1566
2779 0 3347 5662
0 5440 2779 5662
7511 1791 8130 4183
0 6955 416 9999
0 0 994 3055
5098 8917 9408 9372
3347 3344 5133 4513
1685 5662 4310 7483
6919 1095 8497 1361
4215 1091 6561 1771
7338 6713 9247 6830
994 0 2779 2033
7942 4513 8449 4794
9295 3786 9446 5120
1685 7483 7338 7578
3347 0 4215 1771
3347 1771 6919 2767
4 5662 426 6954
5909 8061 9498 8093
1862 3055 2779 5440
6919 1791 7511 4513
0 4495 1862 5440
4310 4513 4361 5965
8606 1876 9065 2029
4368 6201 8530 6346
9155 3786 9245 6220
426 5662 1174 9663
699 4494 1780 4495
9120 0 9424 3745
9424 0 10000 3786
7338 6864 8682 8054
4790 6346 9118 6713
5546 1 6201 415
7679 1478 8606 1791
1685 8061 2963 9949
5133 2767 5806 4513
9935 6828 9987 8061
3347 2767 5133 3344
320 3055 1862 4494
4408 7227 4790 7394
3096 8061 4611 9930
493 9663 1174 9991
9408 8093 9980 9555
5814 6713 6185 7440
4368 4523 7710 5358
5098 8093 9408 8917
4368 5438 7911 5994
4737 8093 5098 9277
994 2033 2779 3055
5546 415 7663 950
28 3055 320 4329
4215 9 5456 1027
1174 5662 1685 10000
3347 4513 4310 5662
9446 3786 9942 6429
