3701 5066 4154 7223
6725 5492 8145 5643
3082 1981 6087 2682
2545 6550 3043 6883
6142 7292 6563 9546
62 5573 1946 6207
6875 8341 7482 8359
4179 8026 4190 9837
3082 4570 3540 4882
5590 2682 6263 2785
2262 9895 3731 9941
1039 3283 1946 4477
2231 9434 2506 9854
62 3059 883 4979
5988 68 6107 334
74 6242 1016 6680
2096 6242 2545 9434
4602 1059 10000 1275
2545 7247 4116 7897
3701 3915 4296 4577
9165 5647 9875 5809
2759 8026 4100 8235
6107 68 7525 347
1979 8610 2096 9715
5985 7637 6142 8946
1085 1737 5955 1753
0 3059 62 10000
763 68 1085 1073
3701 2865 6902 2903
1354 7046 2031 7236
0 0 305 1915
1068 2297 1448 3190
1361 7236 2096 8610
6950 439 8419 1025
7384 7407 8723 8092
560 0 10000 68
2865 7910 3919 8024
62 5123 1946 5573
2714 1981 3082 3283
8451 347 10000 1059
7469 2526 8867 2834
8379 4305 8507 5066
7340 2219 8634 2334
4544 4603 6817 4854
7377 9375 9172 9978
6291 6368 8238 6965
1491 1347 2910 1737
5913 3614 6058 3915
6927 1590 9764 1754
4223 5268 5569 5487
4655 5777 5427 7655
5774 6965 8867 7292
7384 7292 9103 7407
98 9055 358 9734
1946 4118 2835 6207
2096 9856 5257 9885
6087 2219 6429 2601
3135 1059 4602 1347
6174 551 6949 1056
901 1833 9103 1981
1448 2297 2714 3283
2949 3283 3072 4109
9165 6907 9758 7407
2156 347 3135 780
9103 1833 9764 4575
3135 347 8451 439
6728 2413 9103 2526
4171 3529 5495 3867
2556 7920 2759 8005
6842 5785 8430 5838
7822 1294 9422 1590
5427 6368 5740 9793
1377 9715 2036 9861
3701 2905 5289 2989
5094 7655 5427 9856
4296 4161 5939 4374
4296 3926 7554 4161
3701 2989 4171 3915
5427 5754 6514 5775
9165 5809 10000 6907
5794 6368 6291 6948
62 6207 2806 6242
62 7236 1361 7756
3519 5009 3701 6370
8238 6368 8867 6965
6909 4161 7456 4453
4171 3038 5661 3529
0 2439 901 3059
5819 7292 5965 9664
305 1833 901 2439
2545 8306 3096 9491
3082 2682 3701 4570
7747 3740 8562 4305
6534 5838 8652 6368
5441 5838 6534 6356
6571 7292 7384 8341
62 7756 1361 8610
901 1981 1039 4477
1085 68 1491 1737
5151 439 6174 1059
3135 439 5151 1059
1085 1754 9764 1833
2835 4118 3062 5549
8652 4060 8828 5976
3464 8306 3865 9856
2156 95 5173 347
4602 1275 7822 1590
4198 1347 4602 1737
4174 5268 4223 7592
305 0 560 1833
6246 439 6950 533
560 1073 1085 1833
2156 780 3135 1347
729 8610 804 9469
8801 7407 9661 8291
4223 5777 4655 8026
4223 5505 5123 5777
4157 5066 5398 5264
4659 7655 5094 8332
0 1915 305 2439
8634 1981 9103 2413
1491 68 2156 1347
8867 2526 9103 7292
7404 2858 7720 3430
901 4477 1946 5123
1946 3283 2949 4118
3701 4577 4544 5066
2910 1347 4198 1737
1039 1981 2714 2297
4655 8333 5094 9856
1207 6242 1324 7069
9758 6907 10000 8341
6584 8433 9822 9330
7525 68 10000 347
804 8610 1979 9715
7747 4305 8378 5090
9764 1590 10000 4575
4602 1590 6927 1737
6087 1981 8634 2219
9103 4575 9165 7407
560 68 763 1073
9165 4813 9996 5641
