0 2 2003 461
3178 4747 3927 7930
1230 8267 3178 9812
382 6825 1722 7303
8146 443 9825 1532
0 8267 1230 9726
7390 3545 9042 5480
0 7470 1201 8267
4915 6681 5295 8413
9240 4173 9994 5434
1201 7470 3169 8266
7390 5480 9677 7825
8146 0 10000 443
6241 9589 6780 9948
5899 1357 7957 1655
4150 8459 9677 8627
5899 705 7027 1343
9677 5480 10000 9589
8074 1668 8848 3251
9205 1740 9944 4173
6711 2829 7892 3537
5295 7948 9677 8459
4848 9593 5103 9807
0 7303 2173 7470
382 1846 912 6420
2173 5143 3137 6296
7390 7825 8877 7901
917 1846 8074 2459
917 2459 2172 6779
3178 7930 4150 9589
1518 9812 2291 9944
5783 2459 6289 4789
5295 6707 6295 7948
3 2274 382 3923
4150 8627 9014 9589
56 9726 1138 9785
5741 5622 6270 6370
2065 0 5899 1668
9047 1668 9205 3104
5899 0 8146 705
6780 9589 10000 10000
3130 3679 3632 4521
6083 6370 6304 6629
2173 2459 4150 3679
4150 2459 4912 8423
4915 4534 5701 6681
9042 4632 9218 5480
2065 1668 5942 1768
9014 8627 9609 9013
0 461 2065 1846
6304 4267 7390 7948
0 3923 346 7092
6304 2728 6705 3361
7124 3753 7239 4267
