641 770 1398 1464
7515 7836 8607 8057
4370 1241 6142 1989
4227 8916 5209 9174
8673 6456 8915 8916
7112 8057 8607 8286
737 3945 927 6440
118 770 502 2929
0 770 118 10000
2831 9388 9654 9494
1464 3526 1547 4123
5714 4581 5939 6512
3014 8853 3661 8873
6060 89 6536 770
1601 2471 4188 2622
169 7731 462 8731
8673 5689 9470 6456
0 0 4574 246
1398 933 4370 1288
7466 4970 7477 6429
8577 1950 8607 4949
641 1464 1777 1967
5624 8916 7023 9388
1234 7731 2320 8288
6000 8216 6920 8555
1686 9956 8079 9996
0 246 254 593
8915 6456 9470 8327
2320 8558 2789 8661
2416 3374 2976 4011
8915 8327 9470 8916
737 3069 885 3945
2066 6074 2877 6498
2976 3131 5795 3171
1959 4347 2066 5188
8442 1072 9613 1458
6661 2428 7122 3382
1495 593 1529 730
1464 4305 5714 4347
6536 89 8452 393
118 7554 6661 7731
7930 3839 8163 6657
1103 7215 5328 7415
7800 7086 8607 7836
1449 8288 1593 9618
254 246 1536 593
6215 7731 6849 8180
1601 3079 2362 4305
3956 3295 6099 4049
927 2236 1464 3030
8452 17 9855 393
6536 393 7147 770
1565 1967 1777 2232
4833 4049 6054 4271
2452 2066 7184 2236
1398 770 7147 933
1601 2724 2862 2857
1849 8873 2831 9494
7636 9494 7950 9672
3446 5305 5156 6805
8420 1458 8843 1950
9211 3531 9654 3723
9912 0 9983 7534
1567 6855 2884 7215
1103 7415 4349 7544
1849 8288 2320 8873
5081 245 6060 404
2452 1989 5385 2065
118 2948 507 6014
8249 3109 8510 7075
620 7731 1234 9327
8843 1458 9857 1930
6099 3725 6362 5507
8020 3252 8032 3839
1234 8845 1449 9591
6952 8286 8607 8813
6142 1241 7270 1950
1103 5192 1567 7215
3446 6805 5328 7215
9094 3576 9132 5689
8607 1950 8673 8813
523 770 641 1798
1160 4362 1866 5174
7270 1241 8004 1711
4789 7731 5967 8558
4964 404 5069 748
118 9618 1686 10000
9470 3780 9647 5147
6752 6686 6952 7333
1567 5192 2057 6845
6661 5742 6904 6095
6952 3382 7063 6819
3748 7731 4789 8558
7023 8916 9544 9295
2831 8873 4227 9388
3986 9796 9204 9954
7515 2310 7784 7786
1392 8532 1435 8845
9654 1950 9862 9956
1686 8288 1849 9494
7184 1950 7482 2070
1103 3030 1464 4347
4370 933 8420 1241
8673 1950 9629 3376
1593 8288 1686 9618
3986 9588 5359 9699
118 6014 637 6440
1686 9494 3986 9956
4574 0 8452 89
5967 7731 6206 8168
507 1967 737 6014
3446 4979 5130 5296
7147 687 7920 814
7800 6718 8005 7052
5328 4979 5655 6880
1398 1288 1776 1422
9132 3780 9358 5294
4227 8813 8673 8916
1536 246 4574 770
2320 7731 3748 8558
2066 6498 2884 6855
2884 6498 3446 7215
1777 1288 4370 1591
6142 1992 6810 2066
7112 3382 7466 8057
4227 9174 4816 9315
7147 393 9911 687
9911 0 9912 6046
4860 9174 5506 9384
118 6440 927 7554
3527 8558 6952 8813
9862 687 9911 9956
1464 2431 3638 2452
1464 2236 7184 2428
2452 1591 2737 1945
5156 4979 5328 6805
2741 1591 4338 1989
5209 8916 5624 9174
3956 3173 6086 3295
6952 6885 7112 8286
3956 4049 4774 4293
4574 123 4953 245
1777 1591 2452 2236
927 3030 1103 7554
3725 2624 6079 2668
3446 4347 5714 4979
6380 2939 6637 7030
2976 3171 3850 4248
8267 9494 9591 9627
7122 2428 7515 3380
