1120 145 1860 1007
793 7672 2102 9574
8437 9030 9132 9869
4302 3345 5188 3817
2102 7642 2313 9574
0 145 177 3770
3682 1364 7582 1817
3682 2155 6794 2179
2102 4811 2528 7189
8014 7459 9757 7939
8887 3345 9254 5505
2186 1897 3682 2390
9243 7939 9997 8756
5560 4356 6228 5467
3682 2179 5982 2920
7813 6116 8393 6666
6965 6666 8392 7166
1546 1193 2186 2390
177 4678 1406 4792
501 145 1120 1007
0 3770 161 4436
1546 2742 3682 2972
4306 4356 4356 5167
0 9574 2764 10000
2901 1007 3682 1545
4673 4356 5356 4739
6857 5352 7673 5974
7695 5183 7813 6576
9176 7939 9243 8285
2764 7860 7636 8103
2764 9030 8214 9146
4302 6666 6965 7189
1432 4078 2058 4792
2313 7642 2764 9574
5635 5978 7632 6348
7422 4520 7721 5183
3175 4811 3745 5392
431 7672 793 9326
3745 4811 4206 7189
6035 548 7648 883
5982 2218 6139 2736
1860 707 6035 1007
2102 2972 3682 3209
158 7672 399 9296
0 6383 1171 7660
0 4792 2102 5153
3165 8103 4150 8852
8202 4356 8887 5505
0 8 6243 145
3682 1007 4452 1341
3175 5392 3714 6997
2901 1545 3682 1897
9243 8814 9986 9226
4150 8304 8418 8812
9757 0 9902 6421
3682 2920 6794 3209
177 3721 1432 4678
5188 3597 8887 3817
8393 1364 8886 3345
6228 5654 6680 5973
1432 1193 1546 2972
8886 1007 9254 3345
6035 190 8714 322
6228 4490 7345 4505
3203 9465 5624 9804
3682 1817 8393 2155
4302 3817 8887 4356
5188 3345 8887 3597
1860 190 6035 707
7813 5554 9199 6116
2764 9179 4831 9465
177 2921 1432 3721
1217 6076 2102 7672
9254 2349 9630 6116
2102 7189 9757 7459
7813 4356 8202 5505
2764 9844 6735 9969
3165 8852 5399 9028
2528 4811 3175 7189
2102 7459 7636 7642
8393 6116 9630 7189
2102 4255 4206 4811
177 1927 1432 2921
7636 7459 8014 8103
2102 3404 4302 4255
4841 1044 5884 1364
6040 8852 7953 8958
6794 2155 8393 3345
7582 1364 8393 1817
9282 65 9708 1468
4876 9148 5529 9308
1432 2972 2075 4044
9630 1468 9757 7189
5847 8103 7994 8261
4302 3209 6794 3345
2852 8103 3165 8914
808 1007 1432 1927
4206 4255 4259 5721
1432 1007 2186 1193
7906 9148 8189 9781
177 145 501 1003
0 5153 2102 6065
177 1007 808 1927
9254 1468 9630 2349
1860 150 9008 190
2766 7763 5805 7860
0 6065 783 6381
2186 1007 2901 1897
1546 2390 3682 2742
2102 3209 4302 3404
