9510 6550 9930 7235
3784 7950 4294 8233
1220 3397 3376 3680
7756 7076 9375 7235
4656 8298 5241 8787
1882 8236 2240 9233
2332 9689 5259 9734
9666 334 9763 2810
1188 8236 1734 8904
6252 5361 6837 6892
5587 6599 6252 6892
0 9734 9720 9802
9342 403 9514 1877
7915 1811 9000 2805
8444 4038 9917 4318
5736 5097 8559 5353
847 4745 8563 4754
226 5086 375 5191
8338 4853 9965 5043
8934 5361 9965 6151
1878 3028 2577 3263
3009 2206 6058 2417
2029 1912 3009 2417
7623 1811 7914 2794
6058 1912 6180 2974
5892 334 5991 1032
1046 7394 9015 7567
6184 2716 7412 2793
5213 1434 9000 1598
1361 1736 3776 1811
4617 4410 7286 4509
1352 7162 1473 7201
9172 8260 9497 9551
6180 8630 6395 9652
2577 3028 8112 3144
2408 2417 2717 2808
1220 3680 6016 3793
2125 3904 4120 4045
414 349 3739 506
1042 4954 8338 5043
4617 4509 9154 4614
1603 1277 3492 1292
5519 347 5892 1032
7776 355 9325 403
4114 5097 4671 5191
3376 3377 6016 3545
5497 8279 5777 9476
1220 1811 6184 1912
7844 884 8916 1213
7776 403 9342 672
2854 4045 4617 4270
2257 1443 4256 1571
8112 3879 9994 4038
375 0 414 8236
2416 9284 3799 9497
5 7239 151 9458
632 4754 917 7950
1042 4766 10000 4834
917 7568 3084 7932
4521 7712 9720 7771
4986 347 5519 1032
1220 2739 1799 2988
216 9446 1188 9486
7898 9551 9497 9668
6184 2810 10000 3028
8274 6130 8934 6447
635 955 1704 1075
2717 2417 4027 2891
4758 2417 6058 2891
917 6114 1006 7341
414 336 5741 347
917 4754 1037 5298
8559 5097 9263 5361
9720 7235 9930 9802
4617 3877 6421 4182
8636 7771 9172 8279
6837 5812 7361 6892
4529 347 4986 1811
1042 4754 8563 4766
1222 3877 2004 4745
3009 1912 4444 2206
5991 334 6150 1032
1648 6522 5766 6599
8274 5361 8934 6130
848 1221 1023 3220
3480 506 4529 597
1220 2988 1878 3263
7776 1272 8834 1378
8177 3037 9096 3706
5480 8279 5495 9328
2577 3144 8112 3263
5273 5936 5766 6522
5345 6892 7756 7235
5777 8630 5997 9668
1188 8924 1881 9483
0 9802 9930 9962
1023 1292 2216 1706
5997 8630 6180 9668
6482 7776 7929 8058
2517 8236 3335 9260
635 1233 838 3877
4935 5097 5583 5359
1023 3793 8112 3877
917 5361 2046 5936
687 289 6670 334
4521 7771 6469 8079
2854 4270 4617 4615
4986 1598 8987 1642
8001 7771 8636 8279
4647 5936 5273 6522
9584 334 9666 2594
2004 4045 2854 4615
9263 5043 9965 5361
6016 3722 7843 3788
4617 4269 6370 4350
8112 4038 8438 4268
414 4754 632 8236
3430 8273 4409 9209
4646 9962 9965 10000
414 3877 847 4754
7776 672 9000 884
5777 8279 7898 8630
2076 5942 4647 6104
7955 7603 9714 7712
9930 6447 9965 9962
2046 5361 2269 5688
9000 672 9204 2699
414 0 667 207
1878 1912 2029 2891
7361 5812 8274 6447
5009 1434 5213 1590
3376 3545 6016 3680
477 506 635 2903
847 3877 1222 4745
1469 6104 1617 7125
1970 5046 8380 5097
7361 6550 7565 6892
9763 0 9997 2649
5766 5361 6252 6599
6909 1811 7232 2701
1046 7235 9111 7354
5191 7615 5580 7672
3401 5361 5440 5592
4027 2417 4758 2891
4521 8104 6363 8279
1648 6294 3599 6425
0 0 216 7239
7898 8279 9172 9551
0 9962 3329 9982
4986 1032 7266 1434
3376 3286 5222 3377
4482 8861 5139 9600
4989 4615 5182 4713
7266 334 7776 1434
7756 6894 9502 7066
8563 4615 9925 4748
6016 3263 8112 3722
1046 6104 1469 7161
1042 5097 2864 5333
6150 334 7027 1032
7565 6550 9510 6892
687 245 9101 289
7027 334 7266 1032
4440 7950 4521 8755
6837 5388 8179 5812
8934 6151 9965 6447
216 8236 1188 9446
1648 6599 5587 6892
1878 2891 6058 3028
9497 7771 9720 9734
687 0 9624 236
7361 6447 9930 6550
0 9486 1733 9719
8126 9668 9483 9728
6364 8104 8001 8279
4444 1912 6058 2206
1105 1811 1220 3010
1042 4853 8338 4954
3874 756 3931 1241
9965 4834 10000 10000
9175 7771 9497 8189
1220 3263 3376 3397
1042 5043 1369 5085
1279 4836 7000 4853
1648 6892 5290 7233
