4752 8027 6445 8228
1948 2091 9032 2223
4253 3963 5140 4006
3238 3105 5156 3565
3760 564 5668 1033
9637 2849 9934 4475
5438 9208 8657 9302
3384 3963 3515 4307
7556 2802 8763 3103
5288 122 5338 384
2750 6657 3591 7341
5853 1174 6095 1624
1156 8098 1991 9395
3521 4516 9045 4589
7391 3963 7974 4435
1475 9395 1485 9829
2714 8083 3313 8154
4328 449 5286 562
5119 1624 5202 1849
2104 7585 2184 8414
4752 7462 7539 7886
8763 2223 9032 2791
1038 2852 1491 3565
853 6657 2563 6923
2195 9583 4696 9669
8456 3641 9045 4516
2003 4891 2279 6526
2518 718 3760 985
324 7556 1032 9629
1491 1052 7523 1174
4613 8485 4709 8708
853 4762 1646 5317
434 3069 1038 3797
9696 6708 9884 6883
8479 5477 9339 6146
3000 5266 4041 5561
5842 8228 6942 8605
9637 227 9995 1265
81 6859 853 7341
5338 0 10000 227
4609 4035 4944 4138
1038 3565 9045 3641
2620 9338 8445 9546
1494 3105 3238 3563
690 1033 5623 1052
3560 9208 5033 9269
7084 2823 7556 3103
9196 4589 9946 5477
81 7341 764 7537
23 5345 685 5987
4517 4893 5871 5493
853 6923 2563 7341
9946 1313 9973 5302
97 718 690 2824
22 715 1565 718
9234 227 9595 3381
22 122 2799 538
2087 1880 5728 2077
4752 7886 7539 8027
2195 7341 2568 8376
23 6053 625 6859
1948 1396 2075 2087
9176 8392 9892 9208
5871 5782 7931 6526
853 4596 7424 4666
9029 6883 9892 7462
4850 8773 5028 9154
2087 1396 3285 1624
7988 5262 8479 5627
5885 6584 9237 6883
1038 3641 8456 3797
1156 9850 9892 9963
8479 4589 9196 5477
3270 122 4252 557
3683 2611 8763 2802
9182 8228 9892 8391
4328 9162 8780 9178
7539 7778 9850 8054
2279 5266 3000 6365
5988 4762 8424 4893
1029 718 2428 863
5668 621 8233 1052
9339 5477 9924 6146
4738 9712 7472 9804
703 3963 853 6859
6054 2223 8763 2611
9032 1052 9234 3381
7931 6165 9497 6525
4328 7462 4613 9162
5338 276 5654 564
4371 4891 4491 6476
8667 9597 8846 9850
7809 8228 9103 8748
1772 5287 1985 5490
5331 7100 8632 7341
9045 3381 9595 4137
690 1052 1491 1960
2032 9963 3430 10000
1948 2275 3683 2802
4838 8647 6600 8734
2087 1624 5092 1857
2279 6384 2580 6526
5908 3963 7391 4194
2569 6657 2750 7333
4595 6584 5330 7340
79 2853 1038 3069
0 0 22 7556
9045 4137 9595 4589
9637 1313 9945 2377
4328 7341 6826 7445
9924 5477 9970 5521
3000 5561 3973 6505
3572 4891 3998 5252
702 3963 703 5896
1786 6584 3591 6657
7931 6146 9867 6165
853 4426 3384 4589
9637 2389 9922 2845
2791 7341 3560 7786
5330 6584 5885 7100
5668 227 7631 621
9237 6584 9696 6883
23 6859 81 7516
5156 3105 7084 3381
4073 1174 5853 1396
4517 5493 4735 6431
7539 7462 9022 7668
8233 715 9234 1052
5871 4913 6464 5782
9892 6883 10000 9963
5885 6883 9029 7100
9595 227 9637 4589
1786 5490 2003 6526
6445 8027 7520 8222
7009 8228 7747 8713
6095 1174 7523 1624
5156 3381 9008 3559
8233 227 9234 715
3193 2823 7084 3105
5794 8773 6912 9074
23 3069 434 3797
4173 4035 4277 4414
4328 122 4985 449
1491 1174 4073 1396
4396 6584 4552 7177
6200 9568 8650 9679
3690 7739 4328 8041
3560 9302 7923 9338
5553 4252 5836 4356
1491 1396 1948 2823
7631 227 8233 621
3591 6584 3676 7090
1948 2241 4659 2275
7523 1052 8278 2091
6530 4893 7330 5719
853 3963 3384 4426
7203 3103 8815 3366
1948 2802 7556 2823
8763 2791 9031 3035
22 2852 23 7444
3539 9683 3772 9711
853 5490 1786 6657
23 3797 8456 3963
3285 1396 5830 1624
8278 1052 9032 2091
8012 3963 8456 4428
22 8 5221 122
5258 1624 7507 1874
3876 9194 9087 9203
1032 7341 1156 10000
4752 8228 5041 8552
853 4666 8479 4762
8632 7100 9029 7462
3683 2275 6054 2611
2003 4762 4517 4891
2279 4897 3559 5266
1491 2823 3193 3105
690 1960 1491 2852
4041 4891 4371 6526
1786 6526 9924 6584
