0 0 91 9970
8229 1929 8436 2630
5396 5747 8028 5761
1851 9376 4988 9549
6954 6095 7198 6899
890 6401 1883 6840
601 2863 2720 3168
368 5167 785 8629
5741 7031 6277 7573
1190 4406 1585 5137
9472 4971 9827 7846
2672 5332 3021 7682
3097 1665 4910 2302
517 9964 6260 9965
6121 5137 7399 5747
359 4406 600 4978
7905 6095 8644 7573
99 5197 200 9125
1851 8600 5977 8897
91 0 5886 183
9967 0 9990 9149
5741 6277 6954 7031
7749 0 7928 1016
3998 4041 5983 4060
1530 8299 7280 8438
5615 7573 8624 7577
7928 0 9722 1016
9863 4412 9967 8910
890 6840 1097 7846
6358 0 7749 948
3141 7040 4983 7577
7016 8005 8311 8299
5977 8600 6038 8892
350 1080 556 2403
350 1016 9722 1080
1530 8438 1851 9654
746 3863 3998 4113
853 1665 3097 2663
4398 4319 5261 4395
2136 4113 3060 4563
890 7846 8311 8005
906 1101 4322 1247
785 8005 1023 9964
146 3120 257 5197
8843 2646 9620 3785
3035 5815 3141 6451
1883 5332 2672 6799
9722 1102 9946 4223
4543 5332 6121 5747
7543 8600 7714 9392
1163 5137 1230 6399
350 3168 2597 3245
8990 5005 9073 6132
2488 9657 5355 9754
6832 4445 7565 4490
7198 6095 7905 6899
5365 1514 8070 2493
7281 9392 9967 9654
257 395 2766 718
8311 7846 9858 8438
1023 9754 9475 9964
4961 8046 6107 8143
350 4113 1767 4406
7146 8600 7281 9488
1883 6799 2672 7682
601 1514 4876 1665
785 6401 890 8005
9643 1080 9713 3811
746 3245 2633 3841
257 948 350 9964
1585 4406 1767 4959
1767 4113 2136 4959
7714 8438 9544 9392
8437 1929 9588 2318
3021 5332 4543 5747
7082 6899 7743 7028
350 948 7749 1016
3141 6253 4983 7040
600 4406 777 5101
5742 1463 6079 1514
2136 4591 3089 4618
350 3245 746 4113
7399 5137 8028 5747
1023 8299 1530 9255
7279 2517 7345 3578
5741 6095 6954 6277
3141 5811 4983 6253
5388 4068 9641 4399
8644 4563 8990 7682
7719 2493 8068 4019
1097 6840 1883 7682
601 2704 1940 2834
1851 9198 7144 9376
7280 8299 8091 8418
5133 9376 5632 9589
8990 6474 9140 7668
3998 3153 4030 4014
2740 2863 5365 3153
5396 5761 5741 7573
7281 8600 7543 9392
6277 7031 7862 7490
1585 4959 2136 5137
7345 2493 7719 4041
886 5607 1163 6374
4983 5811 5396 7577
1023 9255 1530 9654
9142 4563 9420 7624
5886 0 6358 948
8437 3845 9538 4055
9475 9654 10000 10000
8070 1514 9643 1929
1023 8143 7016 8299
9722 0 9967 1080
785 4406 1190 5137
3111 2313 4931 2861
1097 7682 9472 7846
5741 5921 8644 6095
1851 8897 5977 9198
2740 3153 3997 3863
2385 4784 5664 5089
8028 4563 8644 5761
1851 8438 7714 8600
4931 1514 5365 2863
3141 5751 5290 5811
3141 7577 8644 7682
1883 5137 6121 5332
2766 183 3575 257
1234 5145 1879 6401
3060 4113 3998 4563
9544 8438 9858 9392
5664 4563 8028 5137
2113 903 4949 948
5741 5761 8644 5921
