498 7991 8578 8074
2284 362 3051 2216
124 45 1209 1033
6027 3831 8410 4059
4182 5297 6539 5873
12 45 124 8780
3980 45 4201 1169
7614 139 9725 306
1088 5873 7530 5997
2832 6805 3253 7971
5102 1537 5360 2112
0 9855 9993 9967
9779 7538 9954 8091
1702 8745 1933 9476
2284 2223 2556 3119
3246 4619 6539 5297
6511 1812 7860 2808
6900 45 7614 1778
2448 5297 4182 5873
1681 9499 9725 9697
3437 2223 3872 3864
6513 5997 6759 7321
5311 5997 6513 6925
3051 1169 5394 1537
9290 926 9708 6518
4180 6925 4699 7730
1097 6805 2278 6958
5394 2808 6027 4619
8671 8745 8743 9404
1323 5297 2448 5873
1209 45 3051 362
1245 816 1658 2777
1323 4619 3246 5297
7614 366 7812 1812
124 9569 1674 9701
124 1033 878 3119
5630 45 6511 2808
124 3982 5394 4280
4699 6925 6241 7331
1934 8074 5332 8344
4192 6084 5311 6573
9290 6518 9759 8621
4699 7381 7903 7730
1119 5997 3100 6747
8530 926 9290 3831
9708 1266 9776 5454
6539 4060 7530 5873
5394 45 5630 2808
1888 7695 2826 7950
8578 7275 8672 7737
124 3864 5394 3982
2284 2216 5394 2223
878 1033 1209 2958
8578 3831 9290 6069
124 9701 9002 9850
1675 816 2284 2868
7812 366 8530 1812
3253 5997 5311 6084
4201 45 5394 1169
8707 6069 9290 8687
6027 2808 8530 3413
124 4280 498 8467
124 8745 1664 9184
1947 3119 2556 3864
7903 4060 8578 7730
3253 6084 4180 7991
498 5873 1088 7695
3051 45 3980 1169
8804 411 9148 926
6027 4060 6539 4518
498 4280 1323 4759
124 3119 1947 3864
6511 56 6537 1153
3872 2223 5394 2738
6027 3413 8530 3831
4251 6614 5291 6911
1209 362 2284 816
7614 45 9779 139
2556 2223 3437 3864
498 4759 1323 5873
124 9193 1681 9546
4180 7730 8578 7991
7530 4210 7898 7381
496 8467 8482 8742
3872 2738 5394 3864
878 2958 2251 3119
0 0 9779 45
7860 1812 8530 2808
2708 9173 5101 9499
1323 4280 4825 4610
6763 5997 7479 7317
3051 1537 5102 2216
