1623 2572 4479 2668
3321 6824 3729 8242
8942 8952 9526 9639
1623 1305 1879 2279
1967 2270 7108 2280
959 4176 1386 5168
8475 2272 8595 3369
260 6988 1389 9335
7947 3494 8674 3547
1623 2668 2111 3773
4515 6847 6436 7955
1623 868 4316 1296
1389 6988 1557 9119
0 186 1623 2224
0 9371 1373 9810
6988 6560 7940 6823
1922 2295 4530 2458
4344 6560 6988 6824
959 2224 1619 4090
4392 1603 8044 1858
54 6520 1365 6824
4231 5434 5090 6560
2135 3397 4231 4217
4231 4636 7505 5434
234 3564 959 5326
0 2224 54 9371
54 6824 1787 6967
54 2224 959 3564
6087 3369 7277 4636
2120 8247 3729 9386
1586 6988 2102 9174
8087 3547 9190 4981
4515 7955 5302 9827
4667 2295 5896 2510
1368 6520 3105 6824
5997 7955 8564 8952
2963 6901 3287 8247
234 5326 2135 6520
7505 5002 9605 5434
5302 9654 7280 9827
1623 186 6350 362
2135 4217 2994 6520
3105 6560 4344 6824
72 3564 234 6279
1623 532 7363 868
9648 2211 9845 4933
9648 6053 9990 9654
2994 4217 3105 6520
7505 3547 8086 4978
1623 379 6599 532
4605 1235 5714 1439
6436 6847 8564 7955
8564 8710 9609 8943
5090 5444 7928 6542
8595 0 8935 2211
4170 6824 4515 9386
0 9827 10000 10000
3023 2980 6155 3367
7363 1390 7871 1524
9201 3369 9560 4577
3729 8247 4118 9153
5302 8952 8942 9654
1586 9386 4515 9827
8721 2211 9499 3354
8935 0 9990 2211
8245 601 8360 1019
9990 0 9999 9794
4392 868 7363 1235
7941 5552 8564 6847
2093 1305 4392 1816
0 7 3687 186
2120 7713 2952 7905
3729 6824 4170 8247
7651 0 8245 926
2135 2668 6108 2961
3105 4217 4231 6560
4231 3369 6087 4636
7277 3369 7505 4636
7280 9654 9990 9827
1903 1863 8348 2270
4515 6824 7941 6847
5302 7955 5997 8952
2135 2980 3014 3339
7941 5434 9589 5543
8564 7529 9648 8710
6155 2668 8125 3326
8564 5552 9648 7529
