5866 6764 8229 8104
9329 1659 9673 2648
0 773 321 1644
2757 448 3569 5771
4448 2924 5767 7245
2413 7143 2483 9098
8229 7571 8986 8076
5866 4200 6515 6745
7440 4200 7831 4674
1020 2029 2381 5961
937 1729 2058 1922
2730 227 9673 448
8229 3646 10000 4804
6540 4202 7096 6764
2483 6202 3525 8761
7110 4900 7554 5493
5767 8929 8059 9523
0 6118 3714 6202
9750 4804 9996 8067
3525 6202 4447 7109
3765 2648 4448 3592
9029 4804 9534 6107
5767 2924 9673 3646
798 4398 932 6095
6634 1057 9329 2015
8166 8104 10000 9724
845 6279 2091 7143
8166 9724 10000 10000
5767 4200 5866 8104
9329 448 9673 1659
845 7143 2413 9098
1763 9098 3525 10000
44 6202 845 9918
3569 448 9329 1057
311 227 2284 486
5767 3646 8229 4200
4878 7579 5195 8488
4878 9527 8116 9990
7110 6300 8075 6735
3569 2015 9329 2648
2483 8761 3185 9091
845 9098 1121 10000
8229 4860 8231 7517
2439 2386 2524 5783
0 5 9301 56
4448 2648 9673 2924
3525 7245 4878 10000
1121 9098 1763 10000
3714 7166 3869 7245
9673 227 10000 3646
9029 6140 9744 8086
3569 1057 5013 2015
5013 1057 6634 2015
5767 8104 7114 8767
0 56 10000 227
7951 8507 8166 8929
2524 227 2730 6116
