6194 6830 6571 8566
249 8348 765 8522
6299 244 6913 2946
5333 2946 5446 8809
4805 2946 5326 8913
8135 800 8932 1570
3095 2821 3100 5958
782 1577 1127 5227
9768 4254 9788 8107
3016 8522 4083 9290
1986 8323 2437 8324
73 7048 218 7536
0 8522 3016 9290
7309 2892 7823 2945
218 5227 2600 6835
6913 0 7992 800
5453 2946 8173 3027
6194 4254 6616 5132
4995 244 5191 1913
4849 9323 8722 9413
2600 2821 3095 6835
7061 6906 9140 8217
0 9290 3982 10000
5677 3027 6194 8913
0 1301 1033 1577
7640 5134 9177 6830
2059 244 4995 505
341 1577 782 5227
3254 2946 3538 4669
0 244 2059 1219
5046 8913 5938 8990
2059 2821 2600 4694
7992 0 10000 800
6616 4646 9177 5134
4849 9650 9933 9998
218 6835 3121 8323
1127 1660 2059 5227
6194 5134 6782 6805
6953 5134 7640 6823
8173 1579 9351 3818
1429 8324 4056 8512
3121 2450 6299 2946
0 0 6913 244
3121 5181 4085 8037
3121 8037 4633 8319
2059 505 3121 2821
6588 6830 7061 8913
4083 8323 4773 9033
3982 9290 4645 9976
3602 2984 4072 5181
320 3416 341 4345
1127 1219 2059 1660
6493 9033 7786 9253
9351 800 9952 3690
4849 9457 7238 9547
6194 3818 10000 4254
4849 9647 6375 9649
6780 3027 8166 3817
9711 4254 9759 9559
8932 800 9351 1579
218 2574 275 3121
6616 4254 9711 4646
3121 505 4649 1939
2059 4694 2600 5227
7061 8217 9177 8913
9177 4646 9690 8500
5245 244 6299 2450
5452 4730 5677 8252
4773 2946 4805 8958
4085 2946 4749 6814
6913 800 7929 1567
9843 4254 9980 8944
