178 8320 2117 8919
2117 8270 7024 8367
9105 6346 9596 6610
4406 1180 5030 1924
3576 663 5030 1041
482 682 917 1967
60 21 178 8906
3053 7662 5949 7726
9170 0 9994 999
6598 5412 7073 6670
8397 8270 9354 8628
1179 3989 1348 4070
8397 8628 8740 9634
7935 2966 8263 4107
8801 5518 9670 6346
5751 8795 6796 9382
0 3 2805 21
1516 9318 1913 9367
2828 8919 4381 9382
1348 3425 1697 5637
5679 6680 7073 6819
8132 2170 8666 2490
3811 3771 6014 3835
7537 1000 10000 2012
831 6917 1410 7244
4381 8367 5751 9382
9354 9645 10000 10000
9728 8270 9980 9645
3053 7726 7034 7984
946 2519 2543 2723
4121 21 7454 87
5563 5945 5691 6609
7173 2950 8249 2966
4161 5945 4205 6158
1410 6849 3053 7244
7073 4107 7618 4705
2543 2519 5204 2715
2204 1588 3010 1905
527 5824 831 8320
831 7244 2117 7330
6208 457 7740 907
1410 5824 1815 6506
6425 5528 6598 5917
2812 7244 3053 8270
3511 7984 5250 8270
3576 284 5030 663
5949 7115 7034 7726
917 2726 2491 2974
7073 6638 9980 7115
482 1967 917 2517
7024 8270 8397 8929
7073 5888 8346 6638
7073 4715 8346 5888
1516 8919 2828 9318
5521 284 6730 448
2117 7244 2812 8270
3475 2991 3911 3014
5030 284 5521 1000
2409 5412 5095 5938
3825 4689 5967 4776
7906 9655 9125 9997
917 21 2186 801
6796 8929 8397 9382
687 2974 1643 3425
6392 2519 8685 2576
2186 408 3396 1041
6408 2948 6533 4486
2033 3425 2409 5945
2186 1924 7537 2251
699 3425 1173 3837
1572 9634 1624 10000
2117 8367 4381 8919
0 8919 1516 9382
3825 4776 6007 4912
5521 457 6186 918
1451 1138 2186 2251
9354 8270 9728 9645
8263 2948 8387 4715
831 7330 2117 8320
5751 8398 6670 8795
1697 3425 1817 5637
180 115 482 1715
3083 291 3336 408
527 2517 901 2814
1643 2974 2409 3425
7034 7544 9306 8270
2186 1180 4406 1588
917 801 1275 2519
9980 2170 10000 9645
8446 4151 8501 4614
7349 1000 7528 1775
7537 2012 9947 2170
8387 4909 8797 6638
3404 4074 5140 4173
357 2517 527 8320
3253 7984 3511 8261
283 2517 357 4958
527 2974 679 5758
8346 4715 8385 6366
4121 97 7226 264
8801 3116 8991 5469
6796 8367 7021 8926
5030 1000 7297 1907
831 5824 1410 6917
1275 2385 7517 2519
8740 8628 9354 9655
3053 7115 5949 7662
3053 6849 6172 6978
3404 4191 3752 4754
0 9382 1572 10000
3191 3014 3397 5391
9673 3203 9913 4686
8387 3095 8665 4135
3825 4343 5324 4676
6533 4107 7073 4921
7034 7115 9306 7544
9007 2170 9650 5421
2409 3014 3191 5412
1275 801 2186 1138
1348 5654 1728 5824
6533 2966 7935 4107
5250 7984 6935 8210
3010 1588 4406 1924
1275 1138 1451 2251
1817 6248 4200 6278
6392 2585 8721 2940
2186 21 4121 284
9306 7115 9980 8270
1572 9382 8028 9633
1624 9634 8740 9655
2157 2251 7202 2338
2543 2715 3850 2726
5204 2519 6392 2974
3404 4921 6962 5302
6047 981 8085 995
3396 284 3576 1041
1410 6511 5519 6849
581 124 914 682
1817 3425 2033 5945
2186 1041 5030 1180
