6576 4492 6845 6804
6679 7050 8065 7078
8070 1420 8539 2043
9219 2417 9512 6916
2750 7968 2938 8324
1818 7968 1866 8883
3567 2716 3952 4866
9001 9241 9512 9675
265 8011 708 9101
2640 5543 5797 5798
1838 386 9055 564
345 2439 8468 2566
683 9104 1249 9403
808 2566 2225 2715
265 7050 1632 8011
5242 1737 7176 1907
808 2716 1489 4322
5256 1035 9771 1217
2640 4866 3952 5543
8599 7859 9001 9394
1778 7859 8200 7968
1509 4244 2075 6222
3580 1420 5019 1553
1604 3097 1912 4226
1838 268 7484 325
55 1694 2015 2417
1468 1584 2009 1604
1778 7556 8733 7740
7395 5246 7660 6916
8659 2452 8836 5246
9737 0 9980 822
5042 1420 7115 1731
6845 6916 9078 7050
2406 1402 5134 1418
1863 7239 5503 7556
9664 1260 9766 5015
5774 2730 7690 3429
9512 8279 9661 8730
5863 3429 6274 3729
5797 5543 6162 6804
7690 2730 7996 3115
5782 9394 9001 9675
2645 2566 8468 2716
7660 5931 7823 6400
2406 707 4507 989
2403 4506 2481 6157
2082 5556 2334 6575
5774 3791 7393 4000
6274 3444 6745 3791
7787 5386 8080 5931
0 0 594 521
53 5437 55 6924
3952 4492 4646 5543
6102 4492 6576 5543
5256 722 9359 838
1491 6584 2640 6804
683 9424 1352 9953
3722 5798 4226 6763
2015 707 2406 1420
857 4497 1491 6923
2750 8607 7005 9091
1778 7094 4112 7236
1775 9104 3073 9647
265 2439 345 7050
5195 8331 5985 8607
4646 4492 6102 5543
1557 9104 1775 9920
55 1098 1468 1694
1354 9104 1523 9442
7176 1420 8070 1952
8331 6400 9215 6908
7660 6400 8331 6913
265 2417 8555 2439
711 8011 1563 8909
2015 1420 3266 2002
3073 9104 7887 9394
4671 2730 5355 4000
1632 7050 1777 8883
3827 1553 5025 1997
8539 1402 9512 2044
1838 707 2015 1584
8468 3907 8651 5049
9001 7859 9512 9241
1491 6804 6845 7050
0 9956 9512 10000
8200 7859 8599 7968
1838 564 4507 707
6162 5543 6576 6804
2082 4506 2384 5512
8836 2417 9219 5931
1468 268 1838 1584
2015 2005 3495 2400
743 489 1444 521
2406 989 2776 1217
5025 1952 8068 2416
555 2566 806 7034
2640 5804 2893 6691
2406 1260 8504 1394
4671 4000 6845 4492
4553 5798 5797 6804
6845 4000 7395 5283
345 2566 555 7050
4102 9394 4561 9571
2938 7968 8599 8326
8226 2044 9484 2372
5776 7132 6583 7405
7823 5931 9219 6400
7887 8326 8599 9394
5256 838 10000 1035
7395 3791 8132 4419
2481 4506 2640 6584
4671 2716 8453 2730
4507 564 5256 1217
1912 3097 3474 4200
7690 3148 7898 3702
2160 4251 3567 4506
1491 2716 3567 3097
5355 2730 5774 4000
55 9104 269 9910
1775 9675 9512 9956
4016 2840 4671 4023
1778 7756 9512 7859
55 521 1468 1098
6845 5283 7395 6916
9771 7811 9989 8077
2434 1217 6773 1236
9524 195 9726 812
55 2417 265 9104
277 9138 673 9956
2776 989 4507 1217
772 8911 2633 9104
9078 6944 9505 7756
2640 4506 3557 4866
594 0 9524 268
