2692 6286 8558 6553
1200 2963 1337 3250
2313 2934 4727 3227
2977 9100 5293 9411
9669 51 9763 3145
649 2703 667 4270
2775 6066 8549 6275
198 6147 2201 6652
5903 9195 9203 9401
2243 4623 4125 4656
0 7929 1503 8748
2322 7402 4324 8083
4583 0 4927 825
2162 9411 3198 9828
667 785 968 3516
198 6933 9665 7135
4932 5606 5451 5849
7502 7381 7863 8077
2027 30 3589 561
2158 7135 2317 8636
2027 561 3579 1640
757 5663 2008 5771
2158 8882 5293 9100
7184 8083 7866 9026
9344 6168 9619 6758
3211 9411 3986 9822
4932 4853 6563 5583
757 5015 2243 5663
2243 5473 2692 5948
3579 561 3719 1192
9692 5605 10000 7412
1164 86 1266 485
757 4623 2243 5015
7863 7135 9406 8083
3892 1085 5125 1276
6634 2934 7197 3005
2322 7191 7591 7302
5992 0 7660 989
4656 6553 6027 6640
3579 1770 6574 2059
6574 1502 8991 1890
4932 4623 8275 4853
3579 1401 6427 1770
0 8748 2158 9291
1200 1640 3560 2053
0 485 2027 785
4527 8058 5035 8071
2313 3227 4687 4095
198 1790 631 1947
6627 6625 7724 6676
9382 4624 9618 4852
2937 4764 4808 5473
839 5948 1538 6093
282 2212 656 2703
6203 8752 7184 9026
2158 9100 2948 9407
5911 7381 7470 8052
4560 7381 5911 7979
8980 8083 9665 9195
0 9716 1657 9727
667 3516 2295 4420
8275 4623 8916 5583
9203 9195 10000 10000
1200 2079 3574 2809
9054 0 9636 3658
2295 4273 7633 4412
757 4420 8916 4623
198 4903 306 5867
5487 5583 8341 6066
8559 6066 9324 6927
0 1790 198 7135
499 4420 757 5607
5293 8083 6203 9195
3579 2704 7643 2845
4997 0 5453 961
3851 908 4150 949
7367 9411 9203 10000
757 5792 1831 5866
2295 2934 2313 4267
3721 0 4583 907
9406 7135 9665 8083
9692 7412 10000 9195
0 7570 1497 7910
4076 9411 7367 9830
9763 0 10000 4770
9054 3658 9463 4559
3579 2059 5127 2704
968 785 1200 3516
6203 9026 7816 9146
7866 8083 8980 9195
2499 8102 3086 8640
6563 4853 8275 5259
8931 4624 9382 5577
8916 2059 9054 4624
0 9291 2158 9716
9692 4770 10000 5605
8643 3023 8856 3949
1504 7135 2158 8748
8341 5583 9636 6066
4727 2934 6634 4273
6563 5259 8275 5583
4814 5903 5487 6066
9665 4770 9692 9195
1200 785 1938 1308
647 7409 1504 7570
1106 5867 1901 5939
7643 2704 8643 4420
5127 2059 7681 2520
3086 8083 5293 8882
0 9830 7367 10000
3050 5903 4814 6050
6203 8083 7184 8752
2692 6676 8559 6933
9636 0 9665 6933
2692 5473 4932 5903
1200 2845 7643 2934
408 981 561 1790
