5422 5850 9908 6287
3126 2066 3595 5342
118 151 916 582
2190 3174 3115 5538
7950 3827 7975 4366
3672 1889 3750 5230
3750 2303 5181 2383
48 1633 161 3616
3074 8626 3237 8677
946 5850 1941 8432
0 3936 503 9935
6575 1889 9581 2520
5802 488 7721 993
1969 5850 5422 7251
3750 3355 6575 5271
2778 7427 7033 8395
2037 1387 7721 1623
8312 276 8865 1623
690 3936 1328 5451
222 1889 3124 2046
690 8437 8816 8514
38 855 514 1535
8101 6589 9195 8437
2037 855 5802 1387
9581 1633 9781 4389
3750 3079 6575 3355
5802 993 7721 1387
5910 6287 9195 6589
7721 276 8312 1623
9195 6287 9908 9487
1941 7258 2694 8328
161 2146 1152 3786
538 3936 690 9038
2778 7280 5597 7376
2918 9668 6316 9961
1499 1623 9693 1633
5802 151 7721 488
5422 6287 5910 7258
7280 3365 9581 3827
2190 2066 3110 3148
690 5850 938 8402
8865 276 10000 1623
2264 8400 5967 8433
5589 9022 6734 9665
535 855 1499 1595
9908 1633 9999 9035
1415 2133 2173 2325
2020 8519 2217 9853
161 1633 9581 1889
7331 7427 8022 8351
0 0 10000 151
1499 855 2037 1623
7721 165 8726 276
6575 3365 7280 5576
3237 8519 7447 9017
7448 8519 8619 9423
5910 6589 8101 7427
7448 9487 9863 9664
3750 5271 6197 5488
1463 2325 2190 5576
7280 3827 7932 5850
3750 2383 6575 3079
7932 4389 9677 5833
6575 2520 9581 3365
916 151 5802 855
3750 1889 6398 2285
690 5576 4523 5794
1415 3469 1463 3985
9781 1633 9878 3584
