6530 2745 7262 3429
2111 6775 6138 7209
2071 7709 2315 9440
6386 1981 6904 2561
3726 0 7753 406
6138 6482 6511 7189
556 5256 1098 5346
457 2755 1089 2852
7551 4346 8708 4884
3276 5868 7170 6278
276 801 1690 1828
8708 4273 9270 6230
4832 8433 8053 8518
9634 6236 9995 9902
1138 7709 2071 9315
1623 2852 6026 3300
2403 521 4068 734
0 0 965 375
313 6413 2103 6775
91 375 276 4884
91 4884 1271 5256
8708 6236 9009 9743
350 6775 2111 7160
2137 4884 4823 5868
6402 9755 9591 9979
4985 9040 8708 9276
2071 9440 4164 9730
1999 801 9504 1051
3545 3520 6516 3660
9009 9040 9622 9709
276 1828 7283 1892
2104 6409 6138 6775
91 9315 2071 9730
2137 6306 4590 6368
91 7269 2047 7709
276 4265 1523 4884
4584 4497 7551 4823
91 9730 4164 9971
2315 7251 2504 9440
8635 5868 8708 8433
4164 9349 6392 9603
276 2677 7415 2745
0 375 91 9971
4832 9276 8708 9349
9504 4947 9702 6214
2504 7669 4164 9440
3468 4068 9226 4271
313 5358 559 6237
5706 4823 6264 4882
4164 8062 8020 8433
3468 4273 8708 4346
2574 773 7312 801
91 7209 8635 7251
965 0 2629 372
6921 1981 7321 2274
91 7709 1138 9315
1271 4884 2137 5358
7707 1271 8761 3566
9504 769 9718 4947
1999 1051 9273 1271
8020 7251 8635 8433
1523 4265 3207 4823
2504 7251 8020 7669
2429 9971 3088 9980
276 2745 457 4265
457 3309 3207 4265
4985 8644 8376 9040
276 1981 2186 2677
4164 7669 8020 8062
4832 8617 4985 9276
3613 4497 4584 4726
276 1913 1418 1981
276 376 2590 512
5703 5017 8447 5760
3207 3309 3468 4346
8761 1271 9273 4068
2137 5868 3276 6306
91 5358 307 7203
1690 801 1999 1828
457 2852 1623 3309
599 5358 2137 6409
9273 1051 9504 6236
7524 1310 7707 1743
4415 1365 7039 1738
6402 9349 8518 9733
8152 3566 8592 3928
5569 543 9741 769
3468 3707 6980 3974
4164 9603 6394 9971
3207 4346 7551 4497
9718 769 10000 6236
2634 0 3430 510
4164 8433 4832 9349
9080 6236 9634 8976
3468 3974 7108 4068
2186 1981 6386 2677
4823 4884 5703 5868
