6606 9683 7898 10000
2169 5129 4347 5491
6324 7394 6472 7843
5577 2663 7423 2886
3297 4037 3907 4831
6632 7551 7302 7994
5925 509 6871 1241
3907 4089 5486 4831
590 5137 677 7661
2207 8791 3663 9252
0 7661 1930 7980
3983 2237 7167 2412
0 8087 535 8690
1506 5129 2169 5491
5961 3110 7681 3791
1286 9852 2720 10000
535 8091 1085 9684
4273 7244 4939 7594
1930 7018 4133 7162
3929 8101 4245 8791
7419 9065 9424 9085
3157 4098 3218 4399
2019 259 3776 429
6606 9358 7898 9683
1506 4719 2097 5129
8958 5829 9245 6357
5902 7030 6632 7244
1411 4037 3157 4719
6619 4865 7547 5491
9900 2591 9983 4849
1930 6966 4273 7018
4763 5782 6090 6234
5230 1416 6860 1914
6782 8091 9424 8190
9461 1670 9509 1896
2207 9252 3663 9510
5695 509 5925 1241
4939 7994 7302 8087
5695 1241 6231 1397
2019 1218 5108 1277
677 5137 1506 5491
8577 7772 9424 8087
8832 6750 9424 7772
3929 8091 5549 8101
25 0 294 2663
1620 6000 1904 6275
4245 8101 6782 8791
2019 703 3908 1142
6632 6966 7326 7551
3907 4037 9228 4089
1299 259 2019 1541
2019 1284 2147 2417
25 2663 441 3830
2097 4865 6619 5129
1930 6234 3355 6380
8577 6750 8832 7772
5086 8791 5735 9033
9512 259 9774 4865
1040 4731 1317 5137
9360 2335 9455 4066
3983 2032 7398 2142
6090 5782 7547 6234
1930 7594 4628 7847
7547 4865 9774 5135
6451 97 7588 252
294 259 637 1859
5486 4089 9228 4164
9774 5376 9883 6185
5559 6518 6236 6750
1930 5848 3835 6234
8111 6366 8290 6715
4452 1284 5039 1609
3072 4831 3987 4865
637 259 1299 1859
4034 8791 4269 9222
2401 3110 5961 3396
1286 8091 3929 8332
294 2417 2147 2663
2670 9510 3900 9852
4200 429 4529 1057
4529 401 9512 509
1399 8359 2207 8394
535 8087 9424 8091
3355 6405 5559 6966
6871 1963 7302 2031
0 8690 535 10000
664 4112 1411 4663
7302 7551 8577 8087
1291 8844 1389 9239
0 3972 590 7661
6530 362 6951 401
2720 9852 5536 10000
1741 1541 1851 1855
3835 5491 7547 5782
1264 7072 1889 7635
7648 8190 7803 9039
1085 8091 1286 9684
9467 3853 9512 4391
1930 6380 2832 6966
441 2663 3764 2886
2401 3396 5961 3792
3776 259 4529 429
2147 1960 3983 2428
6871 1083 7535 1887
3663 9402 5536 9510
4507 4831 9457 4865
7557 4164 8463 4496
7653 1565 9459 2032
5536 9358 6606 10000
3983 1771 4596 1884
0 8063 1834 8087
6782 9039 8418 9056
2205 429 2833 620
7803 9006 9424 9039
4 0 25 3394
3944 5782 4763 6218
7898 9358 9387 10000
2147 1284 2782 1960
25 3830 9228 3972
4939 7277 6257 7955
2097 4719 3297 4831
2419 3792 7782 3830
8449 5413 8778 5886
1286 9510 2670 9852
9387 9705 9989 9750
590 3972 9228 4037
5528 5129 6619 5491
677 5491 3835 5848
8307 69 9615 259
441 3110 1183 3830
677 6690 1264 7661
7741 5135 8111 6585
4797 9510 5536 9852
3663 9358 5536 9402
294 1859 2019 2417
677 6119 920 6690
2832 6380 3355 6966
7423 2428 7648 2886
6871 650 8370 986
294 0 2002 259
7547 5135 7741 6750
0 7980 4449 8037
6315 4561 7194 4778
9851 69 9900 3532
8132 5135 8449 6297
7653 1319 9430 1565
9424 6750 10000 8372
4529 509 5695 1218
1183 3792 2351 3830
3355 6234 6878 6405
441 2886 2595 3110
2002 0 2061 215
2147 2428 7423 2663
1264 6720 1555 7019
4269 9087 10000 9358
3764 2663 5577 2886
7326 6966 8577 7551
2595 2958 7162 3102
9453 5322 9491 5731
4347 5129 5528 5491
7604 0 9403 33
7235 6829 8217 6958
7648 2659 7769 2800
6791 8190 7648 8910
7803 8190 9424 9006
1183 3110 2401 3792
3900 9510 4797 9852
5230 1218 5369 1401
535 9684 1286 10000
2791 1284 3979 1959
7782 3006 9126 3305
9424 8372 10000 9087
2207 8332 3929 8791
