1528 0 1954 2144
3129 4433 3788 8044
936 8044 4832 8897
839 6765 1954 7336
8969 0 10000 1746
172 9288 4650 9708
7800 3019 9119 5367
172 7336 936 8899
4903 8044 5295 9723
9119 4173 9291 9560
936 7336 3129 8044
9291 4173 9761 9560
8472 0 8969 1736
5935 9560 6780 9789
6229 1099 7626 1538
7800 8459 8669 9546
5899 691 8282 993
9761 4173 10000 9560
6492 2245 8075 3019
9245 1766 9992 4173
7092 3019 7800 4200
7800 5480 9119 8459
4840 9806 5161 9976
5 7336 172 9584
382 2144 839 7336
1954 5332 3107 6296
7773 4267 7795 9404
1954 1746 6243 2771
839 2144 1954 6765
172 8899 4837 9263
2290 9726 3063 9858
5723 3398 6289 5481
5044 3398 5311 8044
3 2274 382 3923
5577 7094 7773 9560
597 9726 1138 9844
5856 5638 6261 6615
1954 0 5899 1668
9119 1746 9230 3790
5899 0 8467 666
6780 9560 10000 10000
1954 4242 4167 4433
6289 3398 6305 6975
1954 2834 6295 3398
3788 4433 5044 8044
5311 3398 5577 9560
7800 5367 9119 5480
1954 1668 8108 1731
8852 8459 9090 9424
0 0 1528 2144
6305 4267 7773 7094
0 4433 379 7326
6381 3019 6592 4222
6592 4210 7629 4267
