8342 7408 8615 8992
9686 338 9778 10000
3631 4185 4512 5935
7234 4913 8982 5352
5414 5352 8982 5808
9444 2750 9462 3741
4567 2471 6186 2589
265 1581 575 8655
803 2252 3714 2518
7415 3237 9444 3515
3950 1903 6011 2220
2694 9120 3862 9240
7687 1903 8692 2825
3714 1058 3899 2473
7857 1660 8578 1787
6744 3664 8749 3979
3862 6938 5017 9240
7343 445 9065 1474
5091 6938 6352 7408
7195 1243 7343 1631
861 2544 1288 2841
1493 5935 5013 6140
787 1581 803 4756
681 8622 2173 9043
7058 8389 7312 9815
1370 3648 1493 8186
1548 360 7844 445
4512 4185 7348 4548
7297 3237 7415 3491
8989 3979 9291 4526
9778 0 9969 1354
9637 3844 9686 8139
8982 4913 9377 8366
681 7525 1370 8622
1762 9043 2173 9815
2094 4508 3631 4639
259 825 3915 1058
6322 7408 7058 9815
4567 2825 9444 3215
575 1581 681 9620
8769 3515 9434 3939
1493 3648 8769 3664
1493 6140 6352 6517
803 1637 3714 1852
1370 3515 8769 3648
6744 3979 8989 4185
3077 2518 3948 2964
803 1852 3714 2252
4567 3215 9444 3237
6352 6140 8982 6589
4208 1185 5725 1274
8692 1631 8843 2610
3073 1058 3707 1520
7253 4566 8907 4913
2599 6517 2694 7850
7312 8389 8342 9815
2694 7254 3704 9120
2694 6517 3704 7254
8342 8992 9377 9815
4512 4695 6649 4969
2085 7382 2599 7850
6352 6589 8982 7408
0 0 791 426
1370 8186 2694 8622
5414 5808 8982 6140
5921 8124 6322 9019
7348 4185 8988 4548
13 445 259 8457
7058 7408 8342 8389
2194 445 2508 728
575 9815 9377 10000
3443 28 7738 102
5013 5352 5414 6140
1493 7850 2694 8186
4593 4977 7234 5350
5017 6938 5091 9240
9778 1781 9961 3243
1370 2518 3077 2964
3950 2261 4567 3237
4512 5352 5013 5935
3948 1877 3950 3237
803 2841 1370 4792
5211 7535 6254 8124
3704 6517 3862 9120
5068 1765 7270 1867
843 199 6032 338
5091 8623 5901 8707
259 1114 2827 1581
9377 4548 9444 10000
6789 2014 7687 2231
0 8772 564 9986
3631 3664 6744 4185
787 5775 1370 7525
4427 9261 6322 9815
3862 6517 6352 6938
895 9043 1762 9620
4427 9240 6257 9261
803 1581 3714 1637
681 1581 787 7525
1562 9620 1762 9723
2173 8622 2390 9257
681 9043 895 9620
1493 6517 2599 7382
1443 2964 2058 3402
3948 1631 7634 1757
1493 7382 2085 7850
2058 2964 3948 3515
787 4792 1370 5775
8982 8381 9332 8992
2869 9250 4427 9727
8615 7408 8982 8992
