3952 3019 9199 3253
6224 343 9631 1264
3322 3922 6600 4995
5397 2459 6416 2585
13 0 64 8087
2631 7780 5539 7894
636 1812 2405 2134
4479 9034 7994 9035
5961 9572 8558 9648
1299 2316 1696 4395
4035 1264 8567 1518
64 3704 1299 4446
2482 7897 2962 9577
110 5053 1336 5295
64 0 377 3704
377 0 1115 1812
3952 2033 5780 2385
5932 6897 6546 7636
2984 194 3177 4995
7360 5176 7447 5918
5889 6568 8439 6897
1706 2316 1877 7496
110 5717 699 7837
2022 8441 2405 9718
3322 965 3952 3248
3322 468 3951 965
8978 5176 9288 8379
139 5365 1316 5717
699 5717 1328 7837
5961 9035 8454 9559
5574 237 9301 343
5087 4995 6472 6227
5889 6401 7930 6568
2482 4995 3489 5830
636 2134 1838 2279
2482 5833 3658 6048
2483 6052 3982 7780
3952 1590 7096 1985
6654 4108 7360 6250
2975 8407 6432 9024
0 8441 2022 9371
110 7837 2405 8441
8678 8402 9958 9169
7576 2461 9269 2497
9358 1590 9624 2183
9631 343 9781 4595
7360 4144 9629 4362
1115 1068 2984 1812
7840 6897 8439 9034
3982 6250 4559 6311
0 9371 595 10000
3177 194 3322 4995
2405 1812 2984 2049
9376 5176 9947 7396
377 1812 623 3598
3489 5070 3956 5829
2975 7897 5562 8397
6600 4108 6654 6250
6600 3922 9436 4086
110 4446 1700 5047
7360 4707 9974 5173
5961 9660 7762 9956
3348 9470 4424 9603
2405 2049 2984 4995
1115 18 7052 194
636 2316 1241 3358
3982 6413 5630 7773
2975 9035 4938 9444
64 4446 110 8384
3952 1038 6223 1264
1877 2134 2405 7837
5562 7931 6295 8228
6546 6897 7840 9034
8439 6568 8512 8175
3952 343 6224 1038
1115 978 2916 1068
6802 1985 7576 2786
4555 4995 5087 6250
9781 194 9978 3924
3972 2385 4711 2768
595 9371 2022 10000
2022 9718 5047 9956
8617 5176 8844 8207
3982 4995 4555 6249
5047 9035 5961 9956
1115 221 2020 906
3322 3253 9358 3922
2405 4995 2479 9093
1328 6081 1576 7310
2022 9956 10000 10000
