7291 1215 8445 1907
731 4527 5219 5267
9041 0 9766 1907
3517 5267 5143 7601
4474 8979 6894 10000
826 9088 1219 9994
1742 5267 3517 5577
1742 7601 3075 10000
1251 5267 1742 7351
1742 5577 3050 6594
7007 341 8445 852
4036 0 6233 2037
3149 0 4036 1447
6894 8299 7494 10000
9292 1907 9766 7355
3050 5577 3517 7601
7291 907 8118 1215
5143 5267 5217 8102
770 2856 3048 4418
0 5267 822 10000
3075 7601 4474 10000
8039 3522 8230 6561
822 7351 1742 7653
8235 1907 8458 6480
4474 8309 5650 8979
1839 693 3149 1447
957 5267 1251 6745
29 1811 1605 2633
5675 8299 6891 8976
1742 6594 3050 7601
3048 2847 4105 4065
3048 4068 5219 4346
7494 9766 9994 10000
6233 0 7007 852
822 7653 1742 9088
6233 2138 6688 5914
4113 2037 6233 4068
4474 7601 5143 8299
8481 1907 9027 6986
6688 852 7291 5914
5219 4068 6233 7369
9766 0 10000 9766
6233 852 6688 2138
104 2991 731 4637
1219 9088 1742 9979
1885 2037 3705 2827
7294 1907 7801 5879
1839 1447 4036 2037
6233 5914 7729 7257
8041 6691 8235 7320
7494 8299 9766 9766
5219 7369 9766 8299
44 693 1839 1810
3717 2089 4113 2847
8445 0 9041 1907
7007 0 8445 341
139 24 3074 693
3048 4346 5219 4527
