6137 1256 9856 1391
4787 9007 7112 9616
6875 5341 7768 6555
7043 1391 7111 3366
7639 9061 9664 9469
7112 9061 7639 9683
0 5341 2791 5792
2428 736 3358 802
8352 2666 8425 2887
7112 9017 9122 9061
3823 183 3954 1813
8436 4282 8671 5406
9430 6717 9664 7036
8671 4980 9893 5406
2807 5792 3720 6639
6694 8828 9416 9005
7111 2014 8942 2562
7564 4432 8200 5330
7639 9469 9893 9683
5221 1391 6476 1911
6694 7450 8817 7592
6113 2293 6215 3683
3028 2998 3302 3976
7768 6117 8157 6435
0 9732 607 10000
2696 3412 3028 4251
2428 822 3673 1184
8594 2730 9856 4282
5185 1911 6476 2293
9664 6717 9893 9469
6476 1391 6526 2286
3978 120 7210 248
0 2998 3028 3066
2240 736 2428 1889
7111 1391 9381 1604
2345 6141 2807 6639
8947 7595 9412 8816
1694 4432 6467 5072
6512 5341 6875 5792
441 6141 497 7088
607 8536 824 9985
1884 1630 1956 1865
6694 8000 8194 8282
2918 7450 5294 7759
2255 8941 6184 8994
108 729 267 1322
607 9985 7297 10000
8153 9683 10000 10000
1694 5072 6467 5341
0 2284 735 2998
267 183 735 2284
2255 9007 4772 9574
126 7912 392 9732
6467 4432 7108 4607
8336 5406 9893 6717
4515 7772 5296 8169
1112 3066 3028 3412
924 9683 7297 9985
9104 2461 9365 2493
7768 6717 9430 7450
2245 7150 2894 7621
6124 7772 6615 8869
6875 6555 7542 6682
6215 2293 7001 3316
6928 3531 8336 3975
4448 2072 5076 2504
1749 6141 2341 6892
497 6141 1749 7150
8693 4282 9224 4880
607 8397 5996 8536
2428 2145 2777 2937
735 183 1025 1889
3302 3798 5133 3975
6137 248 7210 1256
3735 6260 3796 6547
4285 3976 8208 4432
607 7150 930 8392
9856 1256 9893 4980
2255 8536 6053 8933
2826 4251 2869 4421
5442 6693 7330 6892
5185 3375 6066 3905
4339 881 5765 1383
930 7150 2245 7426
0 3066 1112 4432
7297 9683 8153 10000
2341 6639 5442 6892
0 0 3978 183
392 7216 598 9687
1025 736 1884 1889
5376 9616 7112 9683
6694 7605 8867 8000
3599 2997 5185 3798
7111 2666 8333 3482
4574 1391 5221 1683
2918 7150 6921 7331
1749 6892 7768 7150
6467 4650 7505 5339
924 9588 4180 9683
8346 344 8357 1047
1994 736 2240 1623
8201 8000 8946 8285
5789 248 6137 1381
3998 5792 6875 6259
7210 1190 9893 1256
735 1889 2428 2997
3978 881 4335 1380
9430 7036 9664 9007
5252 2298 5575 2375
5592 2293 6077 3309
3302 2998 3598 3796
2791 5341 6512 5792
3998 6259 5442 6639
3978 248 5777 857
6538 1391 7029 2275
824 9007 892 9846
0 4432 1694 5341
735 2997 3529 2998
0 5792 2807 6141
2428 1911 4448 2145
126 7044 375 7912
8211 3976 8336 6608
9381 1391 9856 2666
5442 6259 6818 6687
0 8965 126 9732
924 8536 1827 9442
0 6179 105 8965
7210 145 8305 1190
3978 41 5608 120
6694 8286 8932 8828
1025 183 3823 736
1112 3412 2696 4432
5185 2375 5578 3323
930 7426 2032 7762
6215 3531 6906 3976
2495 1184 3673 1835
3028 3976 4285 4432
7454 1604 9088 2012
9893 780 9994 7109
7563 6569 7759 6877
