1286 4811 1749 5357
8579 7848 9552 8649
4096 9129 5206 9700
1749 4811 3426 5357
1834 8387 4414 8688
5393 4268 6157 4420
4392 3448 8137 3715
6511 6710 6827 7063
7978 1444 8358 2412
2809 5357 3426 6017
3426 5245 3925 6017
4077 2426 8379 2783
9389 5309 9548 5920
5393 4430 6826 5234
1850 9336 1974 9482
3267 6017 5035 7370
3267 7370 4594 7437
7210 4610 8046 6388
7646 8614 8046 9596
8579 4109 8832 7848
3086 8924 4032 9597
8674 8649 9247 8940
463 2978 1286 4995
1766 8710 1981 9226
5035 6710 5401 7067
6827 3715 7210 7063
6511 7063 7327 9639
4096 8710 4367 9050
3728 0 7026 185
1630 2783 8379 3045
9050 6788 9415 6827
5528 9915 6297 9962
3338 3045 3426 4623
5407 6710 6159 9739
492 639 1777 922
7587 8027 7646 8292
3929 9748 5508 9874
7347 7040 7483 9222
117 5082 365 5354
7499 8292 7626 8781
7646 9596 9949 9740
2795 6018 3267 7631
0 9282 1387 10000
0 5357 1207 6017
1387 9813 1700 9828
1777 1140 3698 1919
1286 2783 1630 4811
3728 185 7026 418
8046 4610 8579 9210
7210 6388 7311 7014
4859 1958 6036 2426
5035 5245 6761 5630
4656 3715 6495 3976
8379 1444 8577 3538
3728 1444 7934 1921
5035 7067 5403 9129
1777 639 2283 1122
9050 817 9388 5623
6159 6710 6511 9740
0 0 3728 639
3732 418 4613 1408
1766 7631 4760 8385
7026 0 9440 418
9389 418 9434 4843
9440 0 10000 1389
8046 9210 9949 9596
4613 1352 8466 1443
9552 8522 9616 9163
4780 7370 4972 8779
9564 5112 9942 6681
1777 2430 4077 2783
1630 3045 2568 4811
4613 418 9389 817
4392 4399 5390 5245
1986 8710 3058 9709
4005 3438 4392 5245
456 940 1179 2605
1286 940 1763 2768
9440 1389 9793 4454
7646 6388 8046 8614
7245 1921 7978 2424
4613 817 9050 1352
0 2394 449 5082
6297 9740 9949 10000
7210 3981 8382 4610
3925 5245 5035 6017
3426 3438 4004 5245
2410 639 3728 1126
2403 6672 2795 7631
9949 1659 9999 9956
0 6672 339 9282
339 6672 2403 7631
5391 5799 6808 6710
2568 3456 3311 4704
0 6017 2795 6672
2795 6017 3119 6018
339 7631 1766 9282
3426 3045 7955 3406
1777 2011 3728 2430
1207 5357 2809 6017
