3219 5397 3721 5944
7564 7435 7763 8595
6891 1831 6913 2724
6890 1131 7461 1831
5972 5052 8322 5426
216 1770 5469 2285
6523 5979 8016 6717
4165 6717 8817 7063
9346 2727 9989 3139
3513 2285 5436 2616
7019 8939 7787 9326
7310 3580 7796 5052
8965 7435 10000 7900
3713 7433 4159 8944
216 4929 3721 5397
0 0 110 9915
5636 2727 6043 4364
9458 4064 9743 4317
4727 0 6695 1636
7462 459 8317 1830
6890 394 7777 459
5680 5704 7687 5944
110 6850 647 8461
6471 4364 6841 5043
110 8470 645 9315
7796 3580 8903 4317
7787 9529 9213 9720
216 4675 573 4856
8320 1740 8693 1831
110 5944 616 6686
7796 4317 7885 4958
1048 969 3439 1766
8322 4317 9787 5426
5469 1770 6890 2727
5680 5052 5972 5704
2958 2679 2994 2996
5972 5426 7687 5704
2453 5969 3668 6392
3336 4364 4694 4929
6043 3140 10000 3580
8921 1250 10000 1577
8341 459 8921 1684
216 2285 1375 2768
9357 7900 9820 10000
4488 7435 4814 8711
7787 7435 8965 9500
6890 1130 7400 1131
4944 7435 5148 8688
4159 3267 4440 3789
8903 3580 9458 4317
4173 7063 4488 8876
7687 5426 9787 5944
8965 8076 9192 8103
2709 120 3478 961
647 5944 2319 8173
1412 2285 1925 3094
4165 5944 6506 6678
5855 7435 7564 8939
110 120 216 5944
8921 1577 10000 2727
8817 5944 9936 6487
2319 6392 4165 7402
4488 7063 8817 7435
4694 4364 5680 5944
3713 8946 5140 9321
9787 3580 9986 5281
750 3094 2075 4929
8199 4336 8301 4986
2075 3094 3336 4929
5680 4364 6465 5046
5855 8939 7019 9326
135 9326 4465 9885
8921 84 9837 1250
379 309 1048 379
3721 4929 4694 5944
8817 6503 9974 7304
4465 9326 7787 9720
6913 1831 8921 2727
8965 8103 9282 8603
110 0 3118 117
3336 3094 4159 4364
2578 7402 3556 8070
6043 3580 6443 4332
647 8174 2293 9167
0 9915 4442 9997
4537 2727 5636 4364
9820 7915 9999 9982
2494 8673 2696 9326
216 5397 3219 5944
5148 7435 5855 9326
216 2774 1313 3087
3276 2623 5302 2721
604 4675 750 4861
216 3094 748 4583
2994 2727 3978 3082
6852 3609 7310 5052
4465 9720 9357 10000
1048 120 2692 962
3478 0 4727 1770
1925 2285 3513 2623
6043 2729 9255 3140
