5943 7977 6460 9242
249 8521 765 8695
4638 305 7383 885
5152 8324 5868 9242
4069 2965 5952 4616
8238 824 8933 1707
3095 3350 3348 3412
665 2126 1180 4569
9774 5029 9794 8882
765 8521 5152 8704
2426 8283 2437 8324
73 7048 218 7536
218 8704 5152 9242
6461 2944 7823 2964
0 4569 2438 6685
7827 0 8238 2040
6351 2965 9328 3039
6351 4564 7248 4975
4638 885 5438 1288
8155 9176 9446 9446
2586 3851 3359 6685
7651 6392 9104 8217
0 9242 3982 10000
4935 6685 7248 7977
665 1576 1698 1852
7248 5029 9104 6392
1835 305 2601 1288
275 0 665 4344
3359 3559 3810 4644
665 0 1835 1576
5868 8324 5943 9240
1180 3851 2586 4569
8238 0 10000 824
7248 4564 10000 5029
4849 9648 9933 9996
218 6685 4786 7977
1180 2126 3095 3851
6351 4975 7248 6057
7248 6392 7651 9242
5438 2040 9351 2944
218 8324 2676 8521
3095 2126 5129 2902
1835 0 7827 305
3359 5181 6351 6057
218 7977 3801 8096
2327 1288 5438 2126
6460 7977 7246 9232
2676 8324 5152 8521
3982 9242 4619 9956
3359 4679 5416 5181
275 4344 384 4523
1835 1288 2327 2126
7651 8374 8082 9034
9351 824 10000 3500
4849 9457 7238 9547
6351 3528 9737 4035
4849 9620 4958 9648
6351 3039 8958 3459
9711 5029 9771 9273
8947 824 9339 1728
255 1562 275 3121
6412 4035 8808 4555
2601 305 4638 1288
2438 4569 2578 6655
8155 8217 9710 9164
9104 5029 9711 8217
5438 885 7383 2040
218 8113 5919 8252
4786 6685 4935 7976
3359 6057 7248 6685
7383 305 7827 2040
8808 4035 10000 4564
