3487 3733 3517 6176
5942 3850 6331 3877
613 9572 9278 9822
2514 4010 2573 6172
5942 3877 7584 4448
2850 2786 5098 3148
269 6907 959 7588
1450 4735 1967 6176
1968 5473 2514 5725
5435 4468 7560 4568
5098 1280 6567 3119
5088 7397 7495 7577
6567 1280 6817 3078
2500 6655 3056 8683
3668 0 4214 1276
5435 5973 6233 6217
6818 1533 7238 3034
1968 3385 2555 4010
269 6011 1450 6409
1968 4010 2514 5473
3972 3465 7083 3830
4930 7577 5566 8683
959 7826 1406 8211
5435 6232 7495 6655
8572 5878 8893 7609
2500 6409 4719 6655
5435 4568 7584 4830
1968 5725 2498 6173
613 9452 5288 9567
5819 3227 7022 3346
4324 6969 5088 7577
0 8683 613 10000
3353 7577 4220 8449
2850 0 3558 1003
2076 6409 2500 6686
3056 6820 7495 6870
3972 4658 4680 5580
3972 5580 4719 6409
3972 3830 5942 4448
269 5484 1450 6011
1039 203 1877 939
6267 5878 7495 6232
2036 6686 2500 8683
8000 8987 8129 9555
7858 5878 8560 8003
1406 6907 2036 8211
3517 5083 3892 6165
637 612 1039 938
5435 5232 6267 5973
4551 237 6184 1013
1427 3148 4081 3295
637 309 995 612
7083 3184 8635 3830
6267 5232 8717 5878
0 5090 269 8683
4719 4448 5435 6655
1632 940 1865 2263
7697 4409 8666 5217
0 2588 2850 3148
9311 9621 9656 9824
2596 3733 2671 4590
8635 3184 9816 3799
3442 4503 3487 5873
5088 6969 7495 7397
2850 1280 3041 2780
7579 8025 7593 8548
7241 2288 9954 2569
5435 4830 7584 5232
1878 203 1967 730
959 6907 1406 7826
269 3678 1427 4250
6885 3048 8838 3119
7584 3830 9828 4409
2573 3346 3284 3733
2671 5873 3487 6176
9601 2076 9902 2093
5566 8987 6564 9561
3284 3346 3972 3733
613 8683 2507 9323
269 4250 1427 4735
8844 4409 9127 5878
613 9824 9585 9993
1967 0 2850 1764
1877 1764 2449 2069
269 7588 957 8211
269 3148 1427 3678
3041 1280 4101 2786
4595 7577 4930 8683
8717 4409 8844 5878
4220 7577 4595 8683
269 4735 1450 5484
1967 3346 1968 5985
4103 1280 5098 2396
8417 38 8935 1187
6818 1341 8747 1508
5566 7577 7495 8025
1450 6176 3972 6409
9599 6543 9742 6590
7241 2583 9901 3036
3056 6655 7495 6820
4105 2399 5098 2786
9127 4409 9599 8025
1427 3346 1967 4735
9828 4193 9892 5736
4852 6906 5598 6969
4214 0 8417 237
7241 1965 9539 2287
5098 3119 9828 3184
637 0 1957 202
6818 1508 9748 1533
2548 8683 5423 9437
7495 5878 7858 8025
3056 7577 3353 8683
0 3148 269 5090
7241 1541 9573 1965
2671 3733 3442 5873
6184 237 8417 1280
491 2269 2850 2588
3517 3733 3928 4653
3353 8449 4120 8680
2036 6409 2076 6686
3972 3374 6683 3465
0 0 637 940
269 8211 2036 8683
491 940 1618 2269
26 940 491 2547
269 6409 2036 6907
3056 6870 4324 7577
5566 8595 9535 8983
