0 9845 2414 9993
8449 0 8482 2683
5496 1910 5727 10000
9475 6578 10000 9711
574 7290 1792 8049
4618 7247 5245 9952
0 3094 289 7290
5341 6607 5496 9891
0 0 2075 1607
3803 3781 4801 4324
6986 6212 8083 6326
5117 3178 5496 5672
4468 4478 4826 5601
8267 751 8427 1999
0 9071 4606 9365
8852 7591 9475 8693
2877 673 3527 5672
2075 911 2226 8189
6160 5378 6997 5536
9721 0 10000 5960
2877 5672 5305 6471
2226 911 2486 6940
5727 6578 6370 10000
8234 6496 8785 6578
1294 1607 2075 2526
8275 6578 9405 7344
8785 4391 9562 6578
3548 3299 3761 3781
4618 6471 5303 6947
299 3094 1294 4085
8806 8739 9381 9275
8543 0 9633 2646
289 3094 299 7090
0 9513 4618 9845
5333 5672 5491 6588
0 7290 491 8148
2075 0 2877 911
0 9396 4101 9513
7912 1014 8192 2407
6765 9711 9730 9993
2877 6471 3242 9071
2565 911 2877 8877
5816 1910 6723 3094
7621 1014 7697 2143
1791 5489 1800 6430
9562 4391 9686 5693
2877 0 8449 673
3552 4478 4430 5627
5727 3136 8017 3444
7475 4391 8099 5865
3527 1910 5496 3178
5305 6851 5333 9379
7454 3745 8212 4232
6942 3481 7455 3674
6730 1014 7621 3136
9562 5960 10000 6578
3527 1014 6730 1910
3527 673 8267 1014
6370 7591 8806 9290
8099 4391 8777 5992
4834 3178 5117 5322
6370 6640 8180 7591
8543 2713 9692 3031
6370 9290 9475 9711
0 1607 1294 3094
5727 3745 6041 5546
299 5489 1791 7290
0 8189 2423 9053
1294 4607 2075 5489
3242 6471 4337 8635
8299 3031 9721 4388
299 4085 1294 5489
1294 2526 2075 4607
