6785 3475 7507 4361
8510 3015 9558 5207
0 8584 4734 8657
4701 4361 5978 4700
2419 1761 2610 4762
4701 5673 7545 7021
6008 493 7193 847
928 6615 1376 6962
2614 1761 7193 2164
928 103 4585 463
253 0 480 5159
1496 463 2419 7021
9558 3015 9795 4637
3127 9548 6355 10000
7507 2320 8510 4361
480 0 7273 103
7193 493 10000 1027
4985 103 6008 1761
3985 6397 4701 6900
6355 8956 7418 9790
40 0 209 6522
898 9548 3127 10000
4296 2164 5656 2874
2419 463 4505 825
6008 847 7178 1488
1463 7994 6990 8579
7546 7621 9531 9930
0 8672 7524 8955
2759 3475 3378 6545
6472 103 7273 429
7546 5673 8683 7558
1565 7318 1930 7520
7250 1027 8510 2164
480 103 910 8584
1463 7520 7472 7989
4727 5143 5983 5671
910 103 928 7021
1062 8350 1463 8376
6276 5207 9043 5587
1951 9016 3428 9307
8510 2408 10000 3015
1153 1615 1496 5414
2419 838 4985 1761
2759 2164 4296 3475
2419 5093 2759 7021
5656 2164 6553 3475
4701 4703 5963 5127
4296 2874 5532 3465
8816 5905 9925 6557
0 8956 898 10000
8510 1027 10000 2408
8014 2183 8081 2320
6276 4361 8510 5207
2614 2164 2758 5021
6553 2164 7507 3475
7273 0 10000 493
3502 3475 3933 6861
4227 5348 4339 6397
1930 7021 6953 7420
5306 8981 5364 9548
5983 4361 6276 5673
7214 1027 7250 1998
3933 3475 6785 4361
4585 103 4985 838
