9583 4427 9832 5449
8407 2880 9103 3325
9114 2858 9970 4238
4514 905 5379 2745
3497 7236 3731 10000
3731 7810 4874 8700
8407 2576 9970 2854
1046 8879 1645 9694
0 992 1377 2768
7977 5807 9482 7898
3731 7114 4873 7798
6992 4050 9023 4418
1377 2515 1937 2768
4876 7114 5848 8700
9482 5807 9799 8296
3731 6400 5799 7108
5748 4937 6097 5631
880 53 1211 120
5848 7380 6738 8693
0 7756 1854 8879
6208 530 6637 1462
7219 8373 9440 8696
2998 905 4367 2741
0 2768 452 7756
5848 6838 6141 7366
5652 4442 7051 4729
848 4806 3269 6400
3123 0 3654 706
7219 5807 7977 8362
3648 4050 6965 4416
7219 8705 8032 9361
7771 4427 9365 5551
7771 5642 9214 5807
452 2768 7530 3134
848 6400 1574 7756
6637 530 9578 1463
8377 7898 8725 8277
5379 905 6190 2762
452 3134 848 7756
6208 1463 7530 2768
4070 530 6208 818
2735 3631 3269 4806
3648 4427 4829 6380
0 9837 1406 9988
3908 3631 8268 4033
0 120 2998 992
7530 2576 8407 3134
3731 8701 7219 9443
3731 9443 9808 9963
9578 530 9896 1451
1574 7236 2839 7756
8407 3325 9114 4050
7219 4427 7665 5710
1574 6400 3731 7236
1377 992 1937 2515
848 3631 2735 4806
848 3134 8407 3631
1854 7756 2839 10000
7530 1472 9818 2576
3654 0 10000 530
4841 4539 5329 5210
1937 992 2998 2768
4841 5210 5652 6363
3269 3631 3639 6334
6739 7380 7218 8700
6149 4937 7219 7379
2839 7236 3497 10000
8038 8705 9476 9442
