3035 4578 4169 5244
1958 2757 4125 2833
1894 5469 2248 5613
3279 3079 4352 3900
3359 6263 6210 6455
5861 444 9251 572
5820 9356 6473 10000
5314 7342 7091 8535
5406 2722 5568 3797
8496 5897 9974 6263
230 1094 1796 1724
3564 1886 4602 2722
0 0 151 9130
0 9496 2142 10000
6338 688 8354 708
151 565 1796 1094
5591 2722 5861 3159
5531 203 5675 1366
2693 5244 3198 5489
4435 2755 5255 3900
7091 6263 7391 8364
6794 708 6955 2029
5861 572 8460 688
7391 6263 7739 8364
151 8209 704 8883
9757 6263 9923 7462
7287 2780 7358 3141
7123 708 7776 2203
2248 4578 3035 5244
7114 3141 8499 3165
0 9256 7078 9333
9974 5244 9993 8092
1383 6263 2492 7179
2729 6556 2899 6935
8664 7587 9761 8152
5861 1420 6325 1804
9157 3453 9834 3781
7216 4834 7398 5236
4352 3219 4416 3830
2931 6885 3359 7156
4037 6031 8496 6263
3763 9381 4424 9646
4293 7156 7091 7342
9728 8535 9996 9828
4169 4342 4644 5244
6033 3781 6252 4164
5314 8535 9223 8802
7739 6395 8606 7917
1840 8582 3299 8929
1839 5672 3942 5846
822 4877 1839 5846
6252 3781 9972 4122
2543 1724 5531 1886
151 132 1796 565
8470 602 9267 708
4644 4342 7207 4662
8664 6263 8733 7585
3684 7156 3983 9009
1383 5897 4037 6263
1958 2833 4234 2852
822 4586 2175 4877
5591 3506 8499 3781
8603 1829 9972 2331
3198 5244 6259 5489
3155 7170 3684 7480
6523 4662 7207 5244
1796 132 2067 1724
4305 5580 8841 5684
2067 132 2865 1724
4293 8832 5314 9130
151 1094 230 7519
1592 7338 1729 8097
8499 2693 9157 3781
3008 7480 3235 7971
8841 5244 9974 5684
9157 2331 9742 3453
5258 2722 5390 3899
2865 179 3451 1051
4644 4662 4884 5244
8738 109 8887 427
6473 9861 9223 10000
4884 4662 6523 5244
486 4578 822 5846
0 9130 5314 9256
7776 708 9605 1196
230 6151 1048 6951
7739 6263 8664 6395
2248 5244 2693 5672
6252 4122 10000 4342
3983 7156 4293 9130
8620 8802 9223 9861
151 8114 2984 8188
9834 2331 9972 3781
9605 708 10000 1829
151 9 3987 132
6259 5244 8841 5580
5739 5684 9974 5897
0 9391 1931 9496
9223 8656 9246 8835
5031 9381 5819 10000
230 4791 484 5764
5591 3781 6017 4312
979 3458 1674 4321
486 5846 5739 5897
9240 8840 9728 9700
2543 1886 3266 2337
9972 1829 10000 3965
0 9356 5817 9380
1958 1724 2543 2492
8504 1829 8603 2260
3543 7718 3604 8161
8205 1196 9605 1829
5133 7342 5314 8832
1679 3900 5591 4342
5861 1804 6337 3160
8736 6263 9751 7547
7776 1196 8205 2331
230 4342 4169 4578
7091 8365 9964 8535
151 9018 1364 9085
848 3135 1679 3458
8381 8802 8620 9356
2693 5489 3416 5613
709 1724 1958 2852
6339 2653 7114 3157
230 1724 709 4342
709 2852 4352 3079
6492 9367 7801 9638
7114 2331 9157 2693
7207 4342 10000 4834
3942 5580 4305 5841
1543 8369 2486 8582
4304 7342 5133 8141
3570 132 5531 1724
2867 1095 3570 1654
1679 3079 3279 3900
4011 6700 4940 7079
709 3458 967 4278
1958 2492 3564 2722
9742 2498 9778 3295
4593 5510 5717 5580
5314 8802 8381 9256
388 5897 1383 6134
151 7519 1383 8114
7358 2693 8499 3141
4037 5897 8496 6031
7398 4838 9754 5244
2142 9471 3002 9983
5591 3165 8499 3506
4413 5702 5739 5835
1067 6151 1333 7498
4602 1886 5861 2722
