5497 4139 5823 4628
7688 7936 10000 8675
2579 5285 2937 6408
2610 4236 4251 4516
9484 8675 9777 10000
5829 4139 7427 4731
1292 1705 2610 4748
2937 6379 6063 6716
4311 3402 5429 4070
7115 9437 9484 9903
4866 8535 5105 9011
5722 8292 6648 8829
9377 3810 9470 4508
1290 1258 3943 1705
5185 7936 5645 9437
2610 3271 3514 3752
8748 1675 9374 5038
4306 4139 4761 4686
1951 5285 2423 6401
6063 6926 6975 7563
0 8555 743 9903
4610 9610 7115 9903
3710 6717 4501 8950
8315 750 8353 3109
2437 9190 4658 9344
4662 6111 6045 6303
4376 1770 5167 2816
3536 2821 5443 2960
9377 1675 9728 3635
955 4749 3401 4869
5645 8829 7688 9437
7055 3565 8198 3971
5168 304 6237 450
743 8555 1419 9402
8748 5039 9165 5093
5645 7936 7064 8193
1569 6413 2437 8136
4662 5285 6237 6111
5341 4085 7767 4121
417 2853 886 4732
2164 9402 4866 9610
9729 1675 9998 6839
6063 6379 9548 6591
322 5285 754 8555
8353 750 10000 1675
8748 5119 9706 6348
0 4885 322 8555
4542 6717 4717 7519
8313 0 10000 750
6237 5285 7406 6333
778 123 6086 301
2437 6716 4193 6717
1148 6413 1569 8555
4597 1220 5522 1705
3639 6717 3710 8996
6975 6926 10000 7563
9609 7601 9734 7891
6676 0 8313 450
2610 4516 4256 4748
6063 6603 9718 6926
4866 9437 7115 9610
9009 7563 9157 7900
2937 5285 4012 6379
754 5285 1951 6413
0 9903 9484 10000
2437 6717 3388 8788
5789 862 7025 4085
8353 1675 8721 6346
2164 9610 4610 9903
5535 1313 5789 3157
7688 8675 9484 9437
8098 5674 8353 6379
9537 3664 9703 4543
0 2313 417 4885
1290 862 5386 1213
9777 8675 9982 9726
322 4885 7480 5285
1569 8136 2437 8555
1419 8555 2437 9402
4056 5285 4662 6160
0 506 926 2313
7064 8640 7578 8653
743 9402 2164 9903
7137 450 8313 3413
6648 8193 7064 8829
4092 464 6333 862
4947 6717 5358 7555
6066 7695 8195 7936
8130 5373 8201 5674
754 6413 1148 8555
7480 4139 8098 6379
7025 450 7041 4042
955 862 1267 4206
