0 6454 8549 6626
1204 3113 1491 3250
2893 2845 4727 3227
2058 9251 3197 9885
9554 2331 9763 3658
323 4131 1204 4163
5439 6066 8549 6454
0 5949 1929 6454
8442 9182 9203 10000
2547 4627 3488 4693
696 7993 1297 9716
3032 8059 5276 8611
2033 562 9128 602
3197 9051 4033 9526
656 2314 3471 2845
7676 6626 9365 7556
5402 5638 5687 6066
7299 7556 7863 7993
2033 207 4376 561
2058 7993 2283 9051
2033 602 9053 877
878 5331 1202 5748
2283 7993 3032 9051
7184 7993 7850 9026
9365 6626 9533 7556
3197 9526 4033 9885
4820 5467 9533 5638
1537 3227 2019 5374
1929 5467 2404 5925
2033 877 5188 905
9697 5374 10000 7556
69 451 1266 485
2019 5002 3946 5318
7863 7556 9465 7993
5124 908 5535 1481
6634 2918 7197 2989
4974 6934 5910 7556
6501 877 9053 1523
1914 6626 6027 6655
3471 1892 8674 2059
6501 1523 9053 1890
6875 4627 8800 5090
981 1641 6398 1835
1297 7993 2058 9885
0 1491 6498 1641
1555 157 2033 1490
4438 8007 4565 8059
2299 3227 4727 4011
0 1839 2428 1867
6557 6626 7676 6676
9430 3935 9489 4847
2404 5467 4820 5925
1537 5514 1770 5949
474 2314 656 3323
6231 8736 7184 9026
2058 9051 3197 9251
4974 7556 7299 7993
5910 6958 7261 7556
8628 7993 10000 8496
793 9716 917 9863
323 4163 1537 5090
6875 5120 9496 5374
9203 9182 10000 10000
0 1890 3471 2314
7507 2060 9554 3658
2019 4011 4143 4357
2019 4357 9044 4627
0 5754 723 5898
5687 5638 8235 6066
8549 6066 9533 6626
0 2314 323 5331
323 5090 1537 5331
5276 7993 6231 9182
5424 2426 6838 2845
4150 908 5111 1364
4127 908 4150 1441
0 9885 8442 10000
875 5754 1319 5933
2066 3791 2299 3894
1266 54 8860 157
9465 7556 10000 7993
8628 8496 10000 9182
735 6739 1245 7737
6796 9182 8442 9885
9763 157 10000 5374
7608 3658 9322 3873
3471 2346 5424 2845
656 2845 1204 4131
6231 9026 7844 9146
7850 7993 8628 9182
3032 8611 3758 9046
5823 4627 6875 5341
9044 4011 9430 5120
9053 774 9332 2060
217 7091 696 9594
9496 3658 9763 5374
5391 3948 8734 4007
1504 6934 4974 7993
8235 5638 9533 6066
4727 2845 6634 3948
1537 5385 8730 5467
4143 6032 4820 6203
9533 5467 9697 7556
1266 157 1555 1490
1343 6713 1504 7570
1778 5467 1913 5891
4143 4011 9044 4357
3471 2060 7507 2346
4033 8611 5276 9885
5276 9182 6796 9885
2168 5925 4814 6023
6231 7993 7184 8736
1504 6676 7676 6934
9554 1128 9724 2331
4820 5638 5402 6454
1537 2845 2893 3227
0 1641 809 1794
