5037 7539 5614 9323
4334 3652 7971 3952
461 2769 1225 3917
3932 3652 4317 7495
3932 2400 9189 2808
2831 5126 3317 8278
0 4627 3306 5126
1225 3240 1750 3244
3555 1432 3894 3487
8017 3652 9429 5123
2291 8399 2658 9358
6322 1998 8561 2400
4364 6587 5615 7535
6304 2808 6541 3652
8807 524 9595 925
1774 2920 3509 3525
8807 0 9927 512
7798 7407 8880 8286
3317 5126 3932 8278
4773 7539 5015 9371
3932 7539 4600 8226
6541 2808 9486 3652
6053 4311 8017 5152
4473 2808 6304 3570
509 7677 1376 8273
8113 5152 8858 7363
9486 8041 9941 9814
1774 2048 2577 2909
6064 0 8528 1014
0 366 929 2769
0 0 1312 366
2584 1370 3433 2768
9189 1992 9486 2808
9366 5271 9433 6442
2119 5126 2831 8273
509 5751 1862 7569
0 9965 9139 9999
5425 4016 7862 4258
3555 1378 5712 1432
2291 9389 9486 9965
4015 1992 4973 2345
929 2048 1774 2765
7005 8621 7636 8769
1963 6226 2119 7768
1462 4231 3213 4545
0 2769 461 4627
929 366 1312 2048
9486 5300 9999 6924
1225 3530 3864 3914
1753 5157 1830 5751
0 5126 233 9965
7120 5163 7593 5369
4334 3952 4639 6515
5649 7153 7005 9389
1462 3950 2960 4231
8880 5152 9366 9389
7005 5369 7662 8613
7005 8769 8771 9365
2584 0 5303 1014
5303 0 6064 1014
1905 8273 2291 9965
233 5126 483 8214
9486 1014 9973 5125
2584 1014 9422 1368
4689 3952 5056 6097
7662 5369 8112 7276
5999 5369 7005 7153
3306 3917 3884 5044
5649 5152 5999 7153
8528 0 8807 1014
2831 8278 4765 9382
3932 1432 9486 1992
461 3917 1462 4627
233 8273 1905 9965
1312 0 2584 2048
5056 4299 5649 6587
