3078 2999 6531 3144
2531 6531 6138 7237
2029 7713 2254 9619
6249 2152 6989 2558
5855 0 7156 1257
6138 6531 6234 9277
1008 4737 1098 5279
908 2244 1005 2876
7550 3792 8412 4638
2831 5356 4411 6307
904 876 4542 1259
8743 4982 9191 7437
4575 8031 5011 8659
9624 1781 9921 6237
930 7713 2019 9199
1005 1829 2186 3161
4063 148 4542 876
0 0 934 388
930 6307 1713 7100
0 388 294 3816
1098 4737 2490 5052
8708 8198 9611 9367
1713 6307 2531 7100
3468 4824 7550 5356
7962 9367 8998 10000
6972 8370 7962 9323
0 9619 5554 9730
1623 148 4063 876
3545 3520 6516 3660
8998 9367 9615 10000
1005 1259 1753 1829
2531 6307 8635 6531
0 9202 2029 9619
4411 5810 4717 6307
930 7100 2254 7713
191 4259 999 5358
7550 4638 8708 5759
0 9730 5879 9971
2254 7100 2531 8542
8635 5759 8708 9366
4575 9277 6230 9619
2186 2677 4420 2896
0 3816 191 9202
6972 9323 7951 9619
8708 4649 9547 4948
2254 8542 4169 9619
3468 3978 7167 4294
198 5358 444 6237
6171 4470 6264 4824
7127 6531 7962 8370
3468 4345 4272 4824
7167 0 7312 915
4169 7237 6135 8028
934 0 1623 876
6522 1829 6922 2122
191 6840 930 9202
1098 5052 2490 5358
7707 1259 9615 2999
7156 937 9951 1257
4542 0 5855 1256
8258 6531 8635 8572
999 4259 2831 4737
2531 7237 4169 8542
2429 9971 3088 9980
191 3816 1005 4259
1005 3161 3222 4259
5015 8031 6113 9254
294 876 904 2927
6234 6531 7127 8370
4575 8660 4999 8899
4274 4345 4784 4781
904 1259 983 2242
294 388 934 876
4723 5759 8541 6293
3222 3161 3468 4259
8593 2999 9611 4601
2490 4737 2831 6307
191 6307 930 6840
1753 1259 2549 1659
294 2927 1005 3816
444 5358 2463 6199
9191 4982 9611 8005
7274 1560 7707 1743
4415 1365 7039 1738
6313 8370 6972 9603
8230 3127 8592 3567
7312 0 8338 919
3468 3673 6573 3975
5879 9619 7962 10000
2831 4259 3468 5356
8341 0 9993 935
1623 0 4366 148
4169 8031 4575 9604
9615 6237 10000 10000
6595 3602 7505 3978
2186 1829 6248 2677
4411 5356 7550 5759
