5477 9760 9423 9854
1317 5364 2776 5914
6257 7572 6470 7884
6311 2678 7423 3073
3257 4053 3650 5305
6715 7572 7621 7935
6106 401 7771 1219
4648 4391 5693 5364
597 4662 739 6236
1292 8539 3996 8872
1651 7595 3404 7976
6220 1315 6727 2414
0 8102 528 8719
1950 5129 3255 5316
597 3655 9404 3788
1085 9877 2851 10000
528 8102 1085 9684
3932 7456 6469 7548
1653 6517 2234 7063
2207 8330 6427 8382
9423 9049 9473 9851
3157 4098 3218 4399
2833 69 4096 683
6580 9592 9423 9749
1950 4886 2976 5129
6539 6243 9245 6299
6340 6750 6632 7285
597 4053 3157 4662
7204 5136 8448 5528
9970 0 10000 6247
3560 6649 3932 6978
739 5914 5974 6083
5051 1315 6220 2009
6715 7935 8317 8100
9461 1670 9509 1896
1639 8872 2313 9504
5924 69 6106 1026
4712 7981 6476 8100
5040 1241 6288 1308
1699 1219 7771 1241
1317 4886 1950 5364
8317 7935 10000 8100
8832 6299 9603 7246
0 8100 8100 8102
0 318 278 2417
597 6251 3851 6275
4331 8535 5477 9642
2321 683 4320 1026
6632 6520 7087 7560
3987 4053 8321 4117
579 1200 1699 2231
1851 1241 2269 1602
0 2417 570 3073
5693 4562 7741 5136
739 6138 3002 6235
8134 7419 9970 7572
5477 8550 6126 8792
9512 1075 9715 5914
763 4934 1317 5137
9192 3788 9461 4391
2901 2013 6196 2127
5974 5914 9715 6083
1651 7158 3213 7595
9715 1996 9930 5024
6451 97 7588 252
278 108 2833 385
5979 4117 8320 4246
9715 5376 9824 6185
5559 6565 6408 6750
3006 6083 8674 6224
8134 6299 8313 6648
2352 1244 5039 1315
3934 4245 3987 4832
570 385 2321 1026
3872 8914 4303 9149
597 3354 4141 3649
363 7981 4712 8100
570 2429 9271 2678
1292 9511 2851 9877
4320 69 4532 1026
4532 69 5924 1026
2005 8254 2207 8394
6476 7572 6715 8100
3932 6275 5098 7456
6840 2030 7271 2098
0 8719 528 10000
739 4662 2541 4886
7621 7572 10000 7935
1292 8872 1390 9267
0 3354 597 7041
6530 362 6951 401
2851 9724 4331 10000
1741 1241 1851 1555
5762 5528 9490 5882
1020 7041 1483 7801
7241 8535 7747 8810
1085 8394 1292 9877
9467 3853 9512 4391
2262 6517 3335 7100
570 2678 5226 2886
4170 3354 9134 3648
4096 69 4320 683
2901 2136 5853 2428
6730 1315 7743 1842
3035 8872 3872 9511
4150 4520 4648 4865
8321 4053 9192 4391
9271 0 9461 3136
5477 8792 6580 9760
3604 1659 4217 1772
0 7981 363 8100
6580 9039 9361 9049
2425 385 2833 679
6580 9021 9483 9039
0 69 278 318
4758 5528 5762 5882
4331 9854 9483 10000
1851 1602 2901 1953
597 3830 6983 4053
3932 7572 6133 7978
2541 4662 3157 4886
597 3796 6737 3830
4758 5882 9490 5914
2313 8872 3035 9511
6679 9749 9388 9759
6983 3788 9192 4053
5693 5136 7204 5364
2776 5364 4758 5914
9461 0 9746 872
0 3134 2076 3354
128 7041 905 7931
7741 4636 8814 5136
4331 9642 5477 9854
3872 9156 4285 9373
278 385 570 2417
597 6536 1498 6690
1440 6293 2833 6517
7423 2678 7648 3073
7771 650 9270 986
0 10 7499 69
5559 6374 7738 6520
3405 7446 3879 7981
5693 4469 7744 4562
9753 218 9951 1075
8448 5136 9449 5504
8712 1552 9271 2334
1085 8102 10000 8227
570 1026 6106 1200
597 3788 6145 3796
5098 6275 5559 7456
570 2886 4241 3033
278 103 2815 108
1699 1953 2901 2429
1011 6720 1302 7019
6580 9049 9423 9592
5226 2678 6311 3073
7088 6520 8134 7572
0 3073 7648 3134
9490 4913 9509 5731
4758 5364 7204 5528
7588 0 7769 328
8134 6957 8625 7215
7648 2678 7695 3041
2207 8227 7747 8330
7747 8227 9483 9021
2076 3134 6621 3354
2851 9511 4331 9724
3414 1205 5231 1219
528 9684 1085 10000
2269 1315 5051 1602
7648 3136 9461 3354
9483 8227 9967 9163
1292 8394 7747 8535
