7299 8732 9121 9304
5695 8077 6245 9619
4680 1313 5661 1573
205 5250 1914 5449
5081 8077 5695 9627
1987 5768 3947 6425
7907 393 7915 5219
9376 5819 10000 6879
21 417 234 2839
1987 6425 7915 6682
9092 5819 9366 6666
371 2694 1363 3077
1549 409 2945 1553
2945 1313 4680 1628
3662 8077 4192 8541
3947 5434 7494 6425
6393 8210 7120 8440
6083 6767 8226 6822
8880 0 9109 893
3947 3734 4988 5434
7071 477 7618 1152
6386 1180 7907 2393
8553 1797 9083 1827
0 5449 3947 5768
7915 5347 10000 5819
800 1628 3695 2694
1363 2694 3695 3105
5944 7283 6892 8077
1290 6682 3634 7641
8553 2514 9858 3674
5679 86 5965 393
0 6682 1290 8450
1290 8939 1719 9999
0 8450 1177 9429
5679 393 6386 2602
9109 0 9858 2514
3063 7641 3634 8048
2733 3105 3695 3734
4988 1628 5679 2602
7494 5434 7824 5855
9858 0 10000 4288
1835 9410 2229 9532
4988 3133 5415 5434
2733 3734 3947 5449
5944 6822 6501 7225
186 4415 1886 5149
5415 3629 7907 5434
8174 0 8880 893
3695 1628 4988 3734
8226 6682 9376 7283
1719 8939 2980 9395
4192 8077 5081 9410
7915 5819 9092 6682
2229 9410 4929 9923
4988 2602 6386 3133
1886 3105 2193 5156
0 5768 1987 6388
9121 7283 9845 9304
2260 3105 2733 5427
9858 4288 10000 5347
8553 3674 9858 5347
7925 91 8174 893
234 1553 2945 1628
5081 9628 7299 10000
9376 6879 9845 7283
5415 3133 6386 3629
6892 7283 8208 8074
7299 8440 9121 8732
4021 0 5679 1313
8553 893 9107 1791
234 3225 1641 4415
3634 6901 5944 8077
7299 9304 7783 10000
3634 6682 5944 6901
6386 2393 7446 3629
0 6388 1987 6682
3224 9925 3773 9995
2945 0 4021 1313
6386 481 6956 1180
7783 9304 10000 10000
6265 8440 7299 9625
8409 7283 9121 8403
7494 5923 7915 6425
0 0 2945 409
7915 893 8553 5347
1290 7641 3063 8939
234 1628 800 2694
7446 2393 7907 3629
3063 8048 3634 9410
9845 6879 10000 9304
891 409 1549 1086
