6091 150 6661 1367
5778 8037 5948 9057
823 3226 4624 3926
1415 8471 2263 8503
6905 150 9606 303
768 620 1989 1373
7829 1991 8715 2553
3636 5422 6794 5728
1488 4471 5150 4795
3634 620 4083 652
399 111 5170 620
4465 2739 5650 3141
2052 1649 3501 2120
6335 2555 7422 3634
0 0 399 4732
5367 7942 5774 9418
1335 3926 3099 4471
4465 1991 6335 2340
8670 4167 8720 6390
7461 9834 9162 9957
399 0 5150 111
9096 1991 9679 2434
0 9429 9285 9834
2431 5418 3636 5737
3099 3926 3376 4471
8225 2555 9679 3379
399 1375 5181 1515
8720 6128 10000 6633
3257 6542 5957 7437
4465 1655 9628 1991
1990 1044 2573 1329
2679 6194 6493 6542
5181 0 6057 1462
8179 7658 8527 8037
2263 8435 5364 9254
5356 3141 5650 3926
1354 7922 3483 8069
6813 3634 7295 4471
9187 333 9900 1143
6887 8869 7686 9429
7686 8037 9305 8261
2454 5790 2607 7568
6905 407 8786 834
5650 2340 6335 2996
9679 1649 9902 3634
8161 6633 9303 7377
5957 6542 6493 7437
4858 2340 5595 2654
8722 1991 9048 2523
399 647 764 1375
8385 834 9187 1191
7295 4167 7939 8037
4465 3141 5252 3226
4879 7977 5278 8222
4358 4180 6813 4471
9902 161 9999 2661
5948 8869 6887 9429
823 1649 2052 2120
213 7853 3451 7884
2777 7459 5268 7834
7422 2555 7533 3514
4465 2340 4858 2739
6849 4471 7295 7942
2263 9259 5255 9429
2632 5790 2679 7174
6493 5790 6849 7942
2449 2679 3415 3226
4624 3226 5356 3926
6335 2044 7811 2555
5777 7942 7287 7997
8720 4167 10000 6128
9285 9429 10000 10000
823 2679 2449 3226
213 7884 1126 8216
3501 1649 4465 3226
1354 8145 1921 8408
399 4262 823 4732
0 4732 213 8359
7587 834 8385 1649
1990 832 3828 987
5948 8037 7686 8869
1399 7338 2172 7593
2497 9834 7461 10000
7542 3379 9679 3634
4768 620 5057 1266
1488 4795 5117 4898
3376 3926 4358 4471
4358 3926 5474 4133
6905 834 7587 1515
795 9834 2497 9986
6754 322 6905 440
213 6095 2443 7337
7939 4167 8650 6420
3415 2679 3458 3186
3877 5301 6600 5419
2679 6542 3257 7437
1556 5790 2012 6093
5547 7437 6054 7825
9305 6633 10000 9429
5650 2996 6335 4180
7445 0 9572 134
7939 6453 8619 6633
7939 6633 8161 8037
3373 5809 6363 6194
7542 2713 8181 3346
823 5737 6849 5790
1335 4471 1488 5737
399 1515 823 4262
823 1515 6816 1645
8527 7596 9068 7651
823 3926 1335 5737
524 9301 1117 9362
0 8359 524 9429
213 5175 787 6095
7295 3634 10000 4167
3075 8069 4828 8434
823 2120 3501 2679
5150 4471 6699 5211
3636 4898 4997 5098
6644 3634 6813 4167
7686 8261 9305 9429
8385 1191 9902 1649
513 4732 785 5097
