7178 3442 9327 3590
7138 4070 9427 4285
1497 4285 6276 4700
3638 1759 5280 2108
1125 832 1873 1404
1739 4700 3584 4802
5349 1759 6276 2332
0 7648 678 8722
0 7168 259 7648
1263 6296 4381 6580
1263 7000 2463 8834
0 4188 259 7168
6814 2332 7152 3505
7212 2761 7761 3294
7476 4809 8065 4927
5020 6213 5150 7651
0 0 464 2648
6009 3603 8607 3616
3667 4809 5792 4930
4852 7651 7619 7897
7761 1759 9318 2664
8260 4285 9767 4930
2878 6984 4852 7897
2652 9422 8055 9627
1367 6642 4710 6738
8805 6028 9783 7437
1873 822 2805 1543
464 0 1308 794
2652 9157 7547 9422
8507 4930 9772 6028
1954 5450 3608 6043
8805 8329 10000 10000
782 9494 816 9904
8507 6028 8805 8103
8738 0 9411 103
5150 5492 5834 7651
676 9050 2652 9494
0 3957 4056 4188
5177 4714 5649 4809
9649 150 9690 2263
7178 1759 7761 2529
259 6400 1074 7648
2652 9627 3654 10000
1386 3396 4596 3957
1081 6663 1227 8968
7547 8619 7972 9422
6044 2877 6147 3596
5659 3894 6912 3957
3654 9627 8028 9678
2808 822 3635 1543
7630 7651 8507 7891
8243 9495 8566 9556
7761 2666 9362 3415
8820 7585 9162 7675
8060 0 8738 1068
3376 4188 3872 4280
464 2269 1386 2648
727 4809 1954 6043
4854 6213 5020 7369
464 1543 2232 1907
4699 3639 6601 3891
3682 822 6384 1348
1501 6803 1869 7000
412 4809 727 6368
2232 1759 3638 2838
0 8988 676 10000
7138 3616 9427 4070
2463 8103 7382 8483
7308 4930 8507 5492
7547 8509 8679 8619
676 8988 7547 9050
9427 0 9649 4285
464 1907 2232 2269
2463 7897 8302 8096
4699 2332 6009 3599
6276 4285 7678 4355
2878 6738 4852 6984
9162 7620 9408 8329
8060 1100 9293 1717
1954 4809 3667 5450
0 2648 1386 3957
2463 6738 2878 7897
1497 4188 3062 4275
3608 5450 5150 6213
9772 0 10000 6028
7591 7491 8358 7633
0 8771 946 8988
1263 6043 2790 6164
2652 9050 7453 9157
727 6043 1251 6362
6837 0 8043 1419
4596 2838 4606 3775
2463 8499 6758 8815
5150 4930 7308 5492
2232 2838 4596 3396
1386 2269 2232 3396
8055 9556 8805 10000
7972 8648 8729 9417
5834 5492 7456 7651
4056 3957 7138 4285
3638 2177 4594 2822
723 7648 1081 8530
6276 1759 7169 2328
1524 9683 2333 9807
3654 9679 7888 9989
2232 1543 8060 1759
3682 1444 8013 1541
3667 4930 5115 5444
259 4188 1497 4809
1326 8834 7216 8986
7456 5492 8507 7018
6179 2332 6809 3592
1308 0 6828 822
4699 2200 5322 2319
6276 4357 8260 4809
