5130 9265 5299 9808
2959 7403 9935 7695
444 3849 6365 4069
9085 0 9203 6410
1985 1034 4980 1843
1780 5640 3645 5982
7473 2918 8781 4050
14 4867 284 9557
0 0 1985 1686
5130 8797 9497 9265
3353 4070 8388 4503
1685 5994 4988 7383
6952 1034 7472 1841
4980 1034 6952 1843
6593 6713 8944 6808
0 1686 1985 3840
5283 4791 8449 4836
9212 4570 9879 4872
907 7403 2839 7687
1985 0 4215 1034
2998 1843 7473 2767
284 4687 444 8072
9497 8072 9885 8368
1780 4069 3353 5591
7473 1877 9085 2918
444 4069 907 8072
2628 5591 4311 5635
8166 1796 9033 1877
4988 6056 7069 6346
9212 4885 9405 6020
284 8072 1766 9663
1733 4472 1780 4495
9212 0 9469 4430
9485 0 10000 4570
6593 6823 9394 7394
4988 6346 9085 6713
5485 0 5899 655
7667 1482 8606 1791
1766 8072 3962 9166
4044 2767 5503 3591
9935 6570 9978 8061
2998 2767 4000 3817
907 4069 1685 7383
1246 7383 4790 7401
1766 9166 5130 10000
393 9663 1174 9949
8265 9265 9409 9996
5458 6713 6185 7084
5040 4867 9061 5561
3962 8072 9497 8797
4311 5591 9085 5994
3962 8797 5130 9163
1985 1843 2998 3840
6029 0 7429 809
0 3840 444 4678
4215 9 5456 1027
907 7695 9935 8072
3353 4867 5013 5589
9407 4885 9932 7382
