761 5699 4641 5935
8144 4305 8295 5725
4492 2059 6262 3364
2350 6415 2599 7081
5898 7254 7155 8000
81 4851 413 9733
7464 7735 7482 8342
2369 9739 4180 9750
3000 4542 3443 4853
6262 2682 6365 3355
3730 9885 9873 9896
761 3025 1279 5699
2376 8840 2530 9590
0 3025 761 4851
5988 0 6107 266
761 5935 1064 7296
723 7296 3221 8004
4637 796 5978 1590
2740 6457 4031 7248
4173 3590 5692 4082
9157 5648 9796 5828
3412 8026 4039 8473
6107 0 6966 439
2035 8840 2264 9419
5898 8945 6167 9709
1464 1048 1571 1758
0 4851 81 10000
568 662 890 1758
4173 2892 4464 3310
1064 7146 2418 7241
0 0 321 1741
1336 2059 1650 3025
723 8531 4223 8840
7299 439 8544 1026
7482 7407 8383 8425
9219 0 10000 1026
3588 7548 3919 7911
413 4851 761 7296
1650 2892 3082 3260
8062 1026 9880 1590
8633 2220 9816 2584
8348 4305 8395 6368
8633 2078 9681 2220
3989 4853 4641 5699
7155 9375 9508 9835
4031 6436 8170 6772
1571 1048 3071 1758
5769 3614 5914 3915
6883 1590 9880 1758
4641 4853 4909 5935
4223 6882 5093 8840
5898 6885 8969 7254
7482 7254 8765 7407
81 9733 760 9993
1279 4853 3700 5699
2035 9856 2925 9959
6262 2059 6490 2632
3071 1048 3749 1758
5978 501 7299 775
1336 1833 8869 2059
1650 2255 4492 2892
1650 3932 3061 4004
8765 7254 10000 7585
2524 0 3062 796
8633 2612 9833 4197
6966 0 8544 439
7469 2059 7901 2681
3910 2892 4173 4542
1744 8004 2759 8021
8395 5837 9983 5890
7299 1026 8062 1590
5267 8050 5898 9739
2035 9433 2375 9716
3082 2892 3876 3060
5093 6882 5894 8001
4173 4082 4909 4542
4909 4082 5691 5061
3331 3089 3871 3976
5692 4688 5713 5775
9042 6135 10000 7254
4031 6368 8270 6436
1064 6207 1765 6344
417 7296 723 9712
3700 4853 3989 5699
8395 6135 8963 6827
7310 3977 7456 5071
4173 3364 7560 3580
0 2476 1320 3004
5898 8000 6264 8945
0 2236 1336 2476
2534 8848 4035 9283
1650 4004 3910 4542
8144 2866 8464 4305
1064 5935 8348 6207
4909 5777 8348 5935
6264 8000 7155 8945
723 8047 3403 8531
568 1833 1336 2236
890 0 1491 1048
5172 0 5978 796
3062 0 4363 796
568 1758 8869 1833
1876 4542 3000 4831
8395 5917 9949 6134
2534 9286 4084 9687
4363 0 5172 796
5978 775 7299 1590
3749 1407 4637 1590
4098 6882 4223 7793
321 0 568 2236
6107 444 7268 501
890 1048 1464 1758
1491 796 3749 1048
729 8840 804 9699
8765 7585 9626 8466
1807 6207 8348 6368
4909 5417 5589 5777
4909 5066 5689 5381
5093 8050 5267 9739
0 1741 321 2236
8869 1758 9880 2059
1491 0 2524 796
8395 4305 9157 5837
7404 2682 7720 3254
1279 3025 1650 4853
1650 3262 3081 3925
3443 4542 4909 4853
3749 796 4637 1407
1650 2059 4492 2255
4223 8840 5077 9629
1064 6376 3545 6415
9626 7585 10000 8466
7155 8466 10000 9375
8544 0 9219 1026
804 8840 2035 10000
7747 2682 7909 5740
9880 1026 10000 5837
3749 1590 6883 1758
7909 2059 8143 5110
9157 4305 9316 5526
568 0 890 662
9326 4399 9880 5641
