0 95 2512 461
2613 4845 3294 8267
1138 8267 3294 9806
1061 6727 2173 7303
8055 443 9996 1385
0 8267 1089 9994
7370 3574 8829 5513
312 6703 1061 8267
4872 6681 5310 8063
8829 3012 9423 4515
1061 7303 2613 8267
9110 4515 9761 9290
8055 0 10000 443
3803 9660 6780 9725
6409 1038 8053 1411
7774 8436 8841 9290
5899 0 6409 1411
9761 4515 10000 10000
7370 1436 8144 3019
9423 1411 10000 4515
7370 3019 8829 3574
7774 5513 9110 8436
5102 9806 5423 9976
0 7047 309 8262
0 461 777 3563
2227 4432 2613 7303
7698 6339 7774 7826
777 1507 3712 2999
777 2999 2227 6703
3294 4845 3632 9806
1518 9806 2291 9938
5899 1411 6292 4411
5310 6681 6232 8027
312 3563 691 5212
3632 8063 7774 9660
1097 8267 1138 9824
6047 4521 6261 6370
3972 0 5899 4432
8829 2609 9392 3012
6409 0 8055 1038
7774 9290 9761 10000
2613 4432 3632 4845
6294 1411 6304 7135
2227 2999 3956 4415
3632 4432 4872 8063
4872 4534 5658 6681
8829 4897 9085 5480
3712 1507 3972 2998
8841 8436 9110 9290
777 461 3972 1507
6304 4267 7370 8063
0 3563 312 7047
6381 2158 6592 3361
6725 4152 7239 4267
