2292 1002 2959 2647
90 2178 331 3910
3527 9705 8000 10000
7806 2754 9478 3778
3836 5547 5079 7269
3716 3280 4002 4333
5079 6112 5238 7075
9732 5583 10000 10000
6236 5508 8025 6345
5915 5019 6236 6345
6533 7041 6666 7862
582 4399 2589 6029
8125 5177 9480 6670
4002 2754 4518 4333
3527 7279 4548 8766
1218 7269 2722 9131
6300 8766 8000 9705
8123 7252 9172 8750
2977 1002 3402 2375
582 4345 3944 4399
9511 5583 9732 8310
5915 6345 8025 6714
5079 5547 5561 6085
1218 9131 2585 9227
9179 3784 9278 3927
3453 2066 4002 2651
6666 7424 7082 7931
8000 8866 9719 9983
8003 7041 8123 8293
4518 2754 7806 3930
5552 889 10000 1164
820 2016 1146 4333
5915 6714 9486 7041
5315 1167 5552 2066
7631 4333 8025 5508
7806 3784 8858 3930
0 9916 2695 9995
820 0 1317 2016
5565 4420 6204 5019
2292 0 3453 1002
1218 6029 2589 7269
1791 3280 3716 4333
5552 1164 9461 1239
3477 4399 5565 5547
331 0 820 4333
1446 2016 2292 2651
1446 2651 4002 3280
0 9523 2608 9916
6393 0 10000 404
3453 0 4690 792
1213 2016 1446 3248
9486 1164 9647 5583
2589 5547 3010 7269
4690 1167 5315 2066
6236 4333 7631 5508
5303 7233 5551 8661
3010 5547 3836 7269
1146 3280 1791 4333
8025 4333 9483 5175
3453 792 4690 2066
5565 5019 5915 8766
15 5229 582 5737
1317 0 2292 2016
4548 7545 5263 8675
674 8904 1198 9518
2589 4399 3477 5547
4002 2066 7446 2754
9270 7252 9437 7719
8123 7041 9022 7228
5552 1240 9486 2066
2722 7269 3527 10000
5552 0 6393 889
7446 2066 9486 2754
618 6029 1218 8214
9647 1164 10000 5583
7093 7041 7976 8047
4518 3930 9486 4333
3527 8766 6300 9705
6393 404 10000 889
4690 0 5552 1167
