8327 8435 9259 8854
9689 4513 10000 8435
2057 4146 6252 4638
803 5320 7622 5464
7622 5078 9689 6140
9444 2750 9462 3741
5249 2588 5569 3185
0 6483 1289 7579
1302 1662 2588 2420
7342 2507 8345 3450
5249 2021 6503 2542
3780 9217 4279 9509
8376 2507 9390 3458
3433 1709 3882 2292
7763 1688 7890 2409
7073 251 7258 3665
3711 6876 5518 8011
8476 102 9444 1933
5518 6876 6012 8011
7342 855 7416 1631
962 2452 1288 2841
586 5968 4964 6140
788 2410 803 5797
681 8781 5017 9217
7178 8854 7562 9800
1289 6578 2848 6878
7259 102 8467 545
6252 4146 8989 4513
7259 3462 7495 3589
8989 4146 9536 4448
9932 0 9995 4105
9346 7811 9686 8430
8635 6483 9689 7811
681 7579 1289 8781
895 9217 3697 9398
2094 4638 3631 4769
353 123 586 3779
6322 7811 7178 9261
4567 102 5249 3760
0 7579 681 9295
7921 3702 9345 3900
4222 3237 4485 3719
308 6140 8598 6483
2864 510 3293 2198
6768 102 7073 4146
7073 3909 9319 4117
2057 2464 3784 2702
586 123 1301 2409
5249 3221 5946 3380
5793 6483 8635 6876
5249 1185 6766 1274
8476 1933 8767 2441
3433 510 3809 1289
8674 4513 9689 5078
1289 6490 2771 6578
7562 8854 9092 9800
3191 8011 6012 8706
2848 6483 3191 8706
9259 8435 10000 10000
2584 4968 5333 5181
2147 7477 2719 7916
6322 6876 8635 7811
0 0 2762 122
1289 7477 1784 8706
5566 5464 7622 6140
5673 8706 6322 9259
7622 4513 8674 5078
0 123 308 6483
7178 7811 8327 8854
2225 196 2508 510
681 9800 9092 10000
3443 28 7738 102
5014 5544 5566 6140
1784 8185 2638 8688
6252 4593 7607 5320
5017 8706 5380 9178
9778 0 9907 2074
1302 2420 2057 5194
4308 510 4567 2840
803 5464 4761 5541
3948 518 3949 3237
803 2841 1302 5194
6012 6876 6322 8706
3191 6876 3711 8011
7259 548 7340 3321
2762 102 4543 507
5385 8706 5601 9021
1302 598 2522 1581
8598 6140 9689 6483
7425 1688 7729 2329
0 9295 681 10000
2057 3760 6768 4146
803 5544 4076 5962
4505 9261 7178 9800
3191 6483 5793 6876
895 9411 3617 9610
4505 9217 5379 9261
2655 510 2854 2390
586 2410 784 5953
895 9613 3470 9621
1289 8717 3442 8781
681 9217 895 9800
1289 6878 2848 7477
2057 2702 2309 3760
7425 1156 8298 1688
1784 7477 2147 8185
2309 2702 3948 3760
803 5194 5906 5319
9092 8854 9259 10000
895 9621 4505 9800
8327 7831 9328 8435
