6113 7342 6398 8543
5666 1656 6836 2298
4942 3963 5829 4006
4580 3425 6285 3963
4486 564 5934 1070
8367 2839 9934 3096
5865 9247 9043 9342
3384 2964 3417 4330
7728 2978 8101 4061
5076 199 5338 249
2568 6805 3118 8040
5934 1215 6186 1640
592 9394 3768 9735
8455 4526 8991 5292
6997 4083 7646 4507
1361 9759 1485 9794
2714 8153 3313 8224
4320 431 4486 1070
4746 1640 5913 1656
1985 8413 2814 8493
5004 7342 5685 8964
8766 2395 9146 2782
1117 199 1284 3103
1578 6697 1873 8294
4454 9085 4756 9794
8616 3348 9055 4526
1060 5001 2264 5364
3636 199 3908 1394
592 6874 1060 9394
4137 1070 5934 1640
4518 8566 4614 8789
927 4777 2264 5000
927 3103 1253 4518
9261 6833 9919 6883
9225 5080 9756 6147
3187 3974 3384 5416
5865 7342 6085 9227
8766 101 9695 501
392 6859 592 9963
9947 0 10000 9963
4580 3963 4915 4066
4137 3105 4580 4252
1060 9060 3750 9394
2264 2964 3384 3453
4171 431 4320 1060
4756 9085 5247 9268
6947 2951 7143 3637
9225 3849 9756 5080
196 7056 392 7739
0 5325 642 5987
3779 5416 4665 6165
1985 5364 2062 8153
9934 0 9947 8285
202 199 753 2140
199 122 202 1665
9146 992 9475 2782
1284 199 2828 856
4746 1656 5666 2298
6633 7342 7265 8016
2195 6831 2568 7866
0 5991 559 6859
1800 1500 1949 2089
9043 8556 9947 9202
5836 5782 8479 6147
2916 3974 3187 5416
9261 6883 9934 8044
4454 8978 5216 9067
1949 1500 3908 1624
7988 5331 8479 5696
5881 6547 9257 6863
3417 2707 4137 4357
592 9794 8508 9963
8479 5331 9225 6147
202 122 5634 199
4137 1640 4746 3105
9497 8228 9892 8521
3789 9061 4425 9173
7265 7342 7961 8228
2062 5364 2915 6393
8367 3096 8455 5331
1284 856 2683 1001
5934 564 7681 1215
9756 3849 9924 6165
4756 9529 6123 9713
592 5987 1060 6874
8367 1183 8766 2782
8766 997 9146 2395
5026 6165 7932 6359
4328 7342 5004 8153
4923 436 5634 564
4371 5120 5322 5320
8508 9849 8916 9960
7018 8228 7820 9067
1488 5403 1985 5490
5049 6879 8632 7101
9055 3348 9924 3849
753 199 1117 2140
2032 9963 3430 10000
1738 2275 4137 2707
6173 8733 6600 9092
2035 1624 3200 2225
2072 6440 2569 6526
7143 2978 7457 4069
2568 6598 3159 6805
3672 7101 5998 7340
927 2140 1117 3103
0 0 48 3945
9055 3849 9225 5331
9709 121 9924 1645
6062 7134 7311 7342
9924 5237 9932 5490
2916 5416 3779 6165
3384 4932 4202 5120
149 5000 2082 5001
2062 6526 2188 7587
4665 6147 9262 6155
1284 2964 1511 4777
9732 2028 9913 2746
3265 6620 3560 7780
3797 6547 5464 6722
5634 122 7681 564
9261 6547 9859 6813
0 6906 254 7056
4580 3105 6284 3425
3908 275 4137 2275
4665 5416 5101 5885
7961 7101 8461 7712
8766 501 9475 992
5836 4125 6147 5782
7961 8044 9934 8228
8659 6863 9261 8044
9475 501 9709 2839
1800 5490 1985 6697
6414 7342 6600 8469
6600 8228 7010 9101
6186 1215 7681 1640
6285 3105 6541 5782
8367 0 8766 1183
5774 2298 6836 3105
5685 7342 5865 9085
49 0 121 4299
4173 4357 4277 4736
4137 275 5609 421
2828 199 3636 1394
3672 6896 4553 7001
8508 9342 9043 9849
3690 7739 4328 8041
3750 9173 4454 9394
5553 4252 5836 4356
1284 1394 1738 2964
7681 122 8367 478
3560 6613 3670 7004
3317 1648 3464 2275
7143 2016 8364 2889
6541 3105 6836 5345
2264 3974 2916 5364
8455 3096 9924 3348
6836 2012 7119 2805
8367 2782 9475 2839
0 4344 112 4385
3771 9478 3799 9711
1060 5490 1800 6697
2264 3453 3384 3974
1738 1394 3908 1500
7681 478 8367 1640
8455 3348 8616 4526
149 8 5348 122
7143 1640 8367 2016
9043 9202 9124 9781
1060 8964 4454 9060
4676 8153 5000 8442
1511 2964 1947 4777
8489 7101 8659 8042
4746 2298 5774 3105
1947 2964 2264 4777
3384 5120 4371 5416
1738 2707 3417 2964
179 2140 927 4996
4277 4357 5111 5010
3672 6423 9270 6545
