0 0 277 3245
8229 1919 8436 2620
6321 4984 7410 5748
3034 9084 3589 9964
6895 6145 7410 6547
890 6563 1798 7005
277 2814 2081 3162
454 5096 793 7601
5742 6547 6013 7858
1268 5096 3140 5252
7410 7604 9473 7858
2561 5252 3140 6507
1585 1839 3991 2319
3034 9964 8777 9965
6070 1709 6254 6547
454 4593 716 5096
7742 4984 8582 6855
25 6049 200 8316
200 8718 7543 9084
3575 0 9867 184
9962 0 10000 5027
6515 6547 7410 7858
6993 672 7942 865
5288 3824 5461 4042
2786 8143 5500 8468
7916 7576 8624 7593
6993 184 9328 672
9867 5027 10000 7858
257 7601 2796 7681
1582 184 6993 578
3685 6507 4748 7616
8033 8122 9755 8338
5734 8642 5978 8715
277 1080 998 1458
8372 672 9867 1062
1125 9084 1648 10000
1280 3573 3096 4105
2081 2372 4861 3162
5185 3532 5261 4395
1767 4299 3096 4617
872 7888 5742 8122
3738 578 4322 1432
205 7888 872 8706
204 3312 257 7662
9473 2751 9643 7858
3140 5815 3246 6451
1798 5252 2561 6507
9867 0 9962 5027
4625 3245 5063 5997
7543 8402 7961 8740
894 5791 1206 6062
277 3164 2413 3245
8990 5005 9073 6132
5133 9654 7914 9754
7348 4398 7565 4550
7410 6059 7742 7604
6079 1062 9131 1709
9755 8122 10000 9654
277 0 1582 614
5742 7858 9660 8114
3589 9754 10000 9964
2658 8122 7951 8143
650 3991 1280 4593
5992 8618 7281 8711
890 7005 2796 7307
1048 1080 1564 2331
793 5096 890 7307
9643 2751 9713 5482
454 3312 4266 3573
257 3312 454 7601
1514 4299 1767 4700
1280 4105 3096 4299
8033 8338 9531 9654
9131 1929 9865 2539
4266 3245 4625 5997
7742 6899 7871 7560
277 614 1582 1080
1798 6507 3685 7005
454 3991 650 4593
5742 1513 6079 1564
1767 4617 2720 4644
454 3573 1280 3991
7410 4984 7742 6059
872 8122 2658 8472
7279 3177 7345 4238
6321 6145 6895 6547
3279 5997 5063 6507
6254 2620 6851 4978
8634 3846 8990 7576
6886 2620 7841 3177
793 7307 2796 7601
1403 2476 1918 2814
3589 9084 5133 9754
7617 8165 8033 8397
5133 9084 5346 9583
9131 2751 9169 7465
3507 3256 3999 3312
4861 2372 5831 3157
5063 5089 5833 6547
7281 8143 7543 8718
6013 6547 6515 7858
1280 4939 1927 5096
7345 3177 7841 4398
890 6062 1268 6563
5063 6547 5742 7681
719 9084 1026 9799
9173 3736 9393 7604
6079 578 6993 1062
8649 3112 8964 3846
7924 9654 9893 9747
9131 1062 9867 1929
5500 8143 7281 8618
9328 184 9867 672
716 4593 1280 5096
3991 1839 5833 2372
257 7681 5742 7888
6254 4984 6321 6547
1648 9084 3034 10000
3096 3573 4266 4239
5461 3162 5833 5089
7345 4564 8634 4984
872 8472 5494 8718
1582 1709 6070 1839
3279 5626 3976 5811
2796 7005 3685 7681
5833 1839 6070 6547
2766 110 3575 184
1268 5252 1798 6563
3096 4239 4266 4617
9531 8338 9755 9654
7841 2620 8634 4564
4769 578 4949 1287
6321 5748 7410 6145
