8116 1047 9601 1372
5078 8961 7036 9666
6838 4884 7961 5871
6690 2374 7111 2693
8757 6876 9087 9666
7536 8231 7768 9509
120 4460 392 7911
2240 736 3170 802
8336 2594 8557 2667
7096 8860 7536 9061
3799 186 3939 1711
8336 5248 10000 5406
9443 6653 9650 7014
9224 4456 9867 5248
2633 5641 3798 6377
9279 6876 9437 9925
7148 1959 8979 2507
8105 2509 8334 5003
8300 8231 8558 9666
4923 1716 6476 2113
8073 6876 8558 7498
5659 2564 6215 2819
2866 2998 3140 4014
7819 5948 8073 6435
497 9876 2347 9907
2633 2998 2865 4233
2240 819 3070 1362
9109 2151 9867 4456
4387 2113 7148 2278
9675 8010 10000 10000
6476 1002 6520 2019
3939 186 9497 262
120 2850 1112 3066
2240 1425 2643 2077
7148 1372 9109 1604
2699 6377 2807 8506
9087 6876 9272 9945
2633 4252 3798 5641
6701 4540 6822 5919
485 5361 497 9780
497 9907 2679 10000
1884 1490 2004 1631
2807 8151 8073 8231
4612 6798 5154 8151
3385 8961 5078 9084
0 1321 593 1480
2679 9946 4990 9992
5078 9666 9087 9987
3798 4252 4324 6377
93 2384 1112 2850
0 88 591 1321
2347 9159 5076 9682
93 9091 392 10000
6838 4540 7479 4715
8336 5406 9765 6653
5154 6798 5381 8151
2007 2504 2347 4460
1170 9157 2246 9876
9091 2029 9109 2493
4612 6653 9443 6798
2069 5424 2246 7151
6300 8231 7036 8961
6875 6582 8068 6653
6215 2708 7135 3582
6701 3617 7432 4472
2007 2426 5485 2504
1753 5361 2057 6969
849 5361 1170 9876
8810 4456 9224 5223
3464 8231 5920 8536
2240 2113 4334 2245
591 88 1203 736
3141 3240 3554 4025
5221 1002 6476 1716
3755 6377 3796 6804
4324 4252 6701 4854
603 5562 849 7199
9867 0 9976 1471
2807 8536 6300 8961
2866 4250 6521 4252
5381 6798 9443 6876
5722 3240 6188 4242
4191 720 6522 1002
1753 7151 2246 7835
120 3066 1112 4460
5078 9987 9087 10000
2246 4460 2347 9876
0 0 9867 88
392 4460 484 9993
591 736 2007 1321
7036 9509 7768 9666
8558 6876 8757 9666
3554 3240 5187 4018
7148 2509 8073 3587
4929 1002 5221 1649
2807 7151 3636 8025
1267 5361 1753 9157
4324 4854 6701 5137
2519 9682 3925 9902
8336 344 8347 1047
2045 736 2240 1855
8073 7616 8459 8166
4191 553 6552 720
4612 5940 7819 6435
9601 100 9789 1191
0 1547 1884 2384
3939 524 4144 1393
9443 8010 9675 10000
3662 2374 5575 2387
2240 2278 7148 2374
3141 2541 3479 3240
4324 5137 6701 5940
4324 5940 4612 8151
3939 262 8116 524
6522 1372 7124 2093
798 7733 825 9846
484 4460 2246 5361
2347 2744 2358 2998
2347 2998 2633 6377
3799 1716 4923 2113
120 7911 369 8779
8105 5010 8336 6434
9109 1372 9867 2151
4612 6435 6875 6653
98 4297 120 9091
1753 7835 2246 9157
46 2741 93 8965
6522 720 8116 1372
3799 88 5429 167
7768 8231 8300 9666
1203 88 3799 736
1112 2384 2007 4460
5210 3240 5697 4005
1170 5361 1267 9157
6215 3617 6701 4250
3081 819 3732 1997
2866 4025 5546 4242
7150 1604 9088 1948
9765 5406 10000 8010
7702 6876 7759 7935
