4242 1306 4391 3145
2360 7645 3729 8054
8942 9137 9629 9721
1703 332 1959 1306
7072 1236 7108 2664
952 3501 1160 5529
7498 3249 8595 3369
521 6882 1389 9823
7881 3546 9308 3573
1348 2151 1745 3501
2360 6930 5678 7645
1987 186 3016 1306
1389 8054 2153 8505
56 1306 4242 2151
243 7094 493 9505
5444 6571 7070 6725
4391 2005 4753 3145
4336 4239 4624 6726
1160 3501 1745 5529
4391 1665 7071 2005
521 6552 2880 6721
4624 4217 5079 6571
2955 3426 5079 4217
7108 1485 7380 9500
243 3501 951 5520
0 186 50 7955
521 6838 6153 6882
243 2151 1294 3489
6305 3426 7108 5233
2153 8331 3729 9463
1389 8505 2153 9823
7881 3581 8735 5433
4763 7990 5857 9431
4753 2005 5147 2669
521 6741 7108 6823
7401 5529 8191 9304
2153 8054 3727 8331
521 5529 2901 6536
8735 4193 9466 5434
5931 9740 10000 9823
3016 186 3728 1306
1745 3403 2955 5529
3973 5634 4293 6670
110 2151 234 5698
56 186 1703 1306
9660 1236 9990 2804
9794 3546 9990 9740
2955 4217 3056 6741
7505 3369 7881 5529
3728 186 4391 1306
4605 1032 5714 1236
6176 6823 7108 9500
8942 8657 9773 8950
5079 5233 7108 6571
8365 478 9716 1121
3920 7645 5931 7990
0 9823 10000 10000
2955 3145 7108 3426
7108 1236 7380 1485
7881 3369 9990 3546
3729 7645 3920 9463
8191 7207 8942 9740
2153 9463 5931 9823
8595 2804 9990 3369
7380 1236 9660 2804
8258 513 8353 1019
9990 0 10000 8815
5714 478 7195 1236
8191 5529 8564 7207
4391 1236 7071 1665
0 7 3687 186
1439 7713 2271 7905
3920 7990 4423 9303
6036 229 8245 478
4753 2669 7108 3145
3056 4217 3973 6741
5079 3426 6305 5233
7380 3369 7505 5529
6176 9500 8191 9740
1745 2151 4242 3145
521 6823 5911 6838
5931 6882 6176 9740
1745 3145 2955 3403
7881 5434 9792 5528
8942 7207 9794 8657
5147 2005 7071 2669
8564 5529 9794 7207
