41 9844 2167 10000
8449 76 9381 171
1577 9379 7372 9667
1577 8637 9729 9015
1150 4613 1411 8155
2167 9844 10000 10000
190 3781 7454 4014
4740 7001 7223 7206
190 928 2925 1924
190 4014 7632 4085
6986 6212 8083 6326
5289 4085 6677 4780
4470 5243 4740 6732
7758 1853 8782 2048
41 928 190 9844
9017 7138 9475 8637
2877 129 6363 928
2014 1924 7415 2135
5955 5062 6234 5536
9758 0 10000 6577
3169 4085 4003 6445
2014 2299 4745 2873
576 9667 7372 9844
8784 6577 9335 6659
2014 2136 6763 2298
8318 7206 8784 8637
8784 3457 9758 5140
190 3766 7034 3781
4740 6191 5191 6914
190 3521 4751 3766
8802 9015 9651 9378
8091 171 9758 1338
200 4143 290 4587
576 4613 1123 9667
5290 5418 5470 6222
0 0 41 10000
41 2 5808 129
1123 8637 1577 9667
7454 1560 8784 1853
9729 6754 10000 9839
2861 4613 3160 7930
41 129 2877 928
3095 1615 6723 1911
7454 1853 7627 2349
1428 6303 2369 6312
9441 5140 9658 5884
6363 0 8449 171
4003 4085 4430 6446
6785 2136 7304 3495
7758 3345 8562 4489
4751 2299 6530 3717
5111 9016 5306 9379
7632 1853 7758 4782
7454 2933 7625 3512
2925 1338 9758 1560
8939 6164 9630 6556
6363 171 8091 1338
2925 928 6363 1338
4430 7629 8318 8637
8083 4782 8590 6923
4430 4301 5287 5009
4430 7206 8318 7629
8639 3018 8753 6223
7372 9379 9729 9844
190 2875 4737 3521
5470 4782 5784 6583
1428 6312 2861 8636
190 4613 576 9844
1428 4899 2789 5419
3169 6446 4264 8610
8784 1560 9758 3457
290 4085 3169 4613
190 1924 2013 2871
