116 7937 1703 8084
4306 493 4669 1064
2800 3573 4967 4261
856 767 1158 845
2986 8800 3185 8817
2411 3311 6355 3512
5614 9493 6057 9574
856 179 1958 377
6430 4408 7131 4480
790 2243 3694 2414
2411 3106 6355 3311
5216 7565 6274 8631
51 0 856 467
3084 4619 3536 7737
8146 1965 9320 2313
3001 5660 3084 8710
6274 8021 7771 8535
1377 9026 1702 9641
57 9774 4059 9882
6316 3512 6355 4707
391 8710 777 8768
8808 5541 8891 7430
7771 8271 9135 8535
3599 7200 4924 7329
9697 0 10000 4388
9560 4388 9967 7452
5329 5133 8152 5418
7405 657 8046 922
3575 4261 3598 7392
945 6952 1434 7550
4712 8817 5188 9657
2800 4261 3575 4619
1682 9882 3367 9995
116 5592 945 5988
7184 2313 8057 2953
9135 9633 9866 10000
1865 1775 2208 2220
1708 9334 3081 9647
442 6694 903 7090
1947 2986 2411 3943
8803 5133 9479 5541
3694 1751 3845 2414
1555 845 3694 1322
6274 7565 9560 7795
7738 3467 9395 3898
9866 8021 10000 9971
3811 9383 4204 9628
3759 4328 5508 4387
8541 3898 9395 4320
6038 2047 6309 2844
2391 8817 4712 9004
3474 9026 4712 9231
3411 2414 4572 2986
2960 5996 2977 7609
5023 5966 6149 6088
2204 81 3446 377
6568 598 8274 657
57 8817 2391 9026
6334 1794 7183 2219
6355 4636 9479 4740
3694 858 4098 1751
651 1775 790 4262
3672 6583 3759 6977
4177 5133 5329 5791
4572 2953 9113 3106
3759 5557 4177 6146
8316 8071 9674 8271
8498 5541 8808 7232
7059 7232 8808 7565
6355 4499 9461 4636
5216 7232 7059 7565
7738 4320 9215 4490
2411 2986 4572 3106
5513 8817 5969 9311
8152 5541 8287 6340
9135 8271 9864 9632
1988 5996 2211 7937
3845 1895 4566 2367
6355 3106 8349 3467
1064 2986 1947 3663
6694 6353 8287 7232
116 4525 1581 5592
4177 5112 9479 5133
4177 5791 6311 5949
1614 493 3513 830
3446 81 4885 316
3759 6146 4924 6583
6895 8535 8965 8758
8965 8535 9098 9321
5023 6088 6694 6230
8349 3106 9113 3467
7961 3898 8541 4241
3845 1759 4552 1895
1064 3663 1947 4497
6274 7795 9560 7866
2861 1775 3174 2105
8929 5541 9267 7150
3084 8631 6274 8782
4177 5949 5023 6146
116 8443 3001 8710
4887 81 5314 406
5814 6230 6694 7073
4177 4387 5584 4974
57 9026 971 9508
6667 4952 8059 5063
2411 4619 3084 5660
139 1725 408 3633
7813 1751 8146 2228
6895 8758 8965 8952
9428 1071 9431 2174
6274 8535 6895 9311
6274 7866 10000 8021
7119 5418 7711 5904
856 0 2204 179
4177 5095 8192 5112
5314 81 8274 416
6915 4740 8893 4897
57 9657 5188 9774
6895 8952 8965 9311
5345 416 6568 552
3446 316 4885 377
6568 522 8274 598
2391 9004 4712 9026
5271 1755 7167 1794
2343 4289 2404 5418
5188 8817 5513 9774
1555 1322 2523 1697
1958 179 2204 377
1996 4518 2071 5303
7759 5418 8152 6353
4885 657 6809 1097
9560 3569 9693 3910
8152 5133 8803 5541
5917 4261 6306 4779
7738 4278 8331 4296
7131 3845 7616 3987
2071 3943 2343 5660
5513 9680 8958 10000
3474 9231 4712 9383
1708 9289 3069 9334
9479 4275 9524 6072
6694 6088 7759 6353
6594 9311 8962 9680
1988 5660 3001 5996
6311 5418 7119 6088
8057 2800 8899 2953
790 2414 1064 4497
856 845 1555 1725
7296 1508 8390 1641
2396 2883 3411 2986
5329 5769 6126 5779
2204 0 9697 81
1708 9103 2831 9271
4102 1097 8274 1508
6403 2219 7184 2770
1192 7550 1623 7682
1055 8094 1948 8406
5969 8782 6274 9311
6568 489 7767 522
5216 6230 5814 7073
2471 3512 2800 4521
4120 8050 4169 8535
4169 7329 5023 8631
6355 3467 7738 3845
3599 7329 4159 7971
5023 6230 5216 8631
8287 5541 8498 7232
8274 81 8978 1508
4669 493 4885 1097
14 4223 116 6193
9113 2800 9560 3467
945 5592 1065 6951
9560 81 9689 3450
9166 81 9405 1695
856 377 4045 456
2536 5996 2960 8443
4924 6146 5023 7254
3759 6583 4924 7200
408 1725 2551 1768
3174 1322 3694 2204
8057 2313 9428 2800
3123 9026 3474 9646
1065 5592 1434 6952
0 8817 49 9750
5271 2844 6334 2953
2211 5996 2536 8443
5216 7073 6694 7232
116 548 802 1369
790 1775 1617 2167
4572 1751 5271 2953
8978 81 9155 1500
116 4497 1543 4523
9395 3467 9479 4498
9494 81 9560 760
1064 2414 3402 2782
1947 3943 2031 4337
2209 2204 3694 2243
1434 5592 1988 7550
3759 4387 4177 5557
1581 4497 1988 5592
