5735 9771 9970 9869
1776 5490 2531 6623
6275 7394 6423 7843
7284 0 7423 3181
3273 4089 3966 4799
6708 7405 6923 8904
6390 349 6871 3210
4763 3788 5223 5885
261 5490 904 5839
3123 7019 3393 9702
905 7608 1940 8224
5779 2155 6390 3053
261 8224 2493 8386
1914 5129 2580 5490
4647 3387 7568 3788
564 9876 2313 10000
564 8398 1085 9684
4719 6788 4891 8145
1940 6797 3369 7019
3719 7291 3930 8331
9342 9065 9424 9554
3157 4098 3218 4399
1291 108 6871 349
6420 9557 8287 9771
1914 4817 2713 5129
8753 6079 9245 6387
6340 6709 6632 7244
2367 3750 3157 4662
7322 5359 8928 5736
9970 986 9994 8795
3650 6788 3932 7222
4008 6019 8287 6248
5039 1314 6017 2144
7046 8073 7380 8880
9354 1800 9467 1896
1780 9089 2313 9876
5230 381 6390 526
5247 7032 5461 8087
5230 1241 6375 1314
1876 381 2081 1270
1445 4817 1914 5490
8673 7933 8931 9042
8287 6420 9311 7133
5247 8100 5414 8197
208 1816 570 2416
1421 6055 1776 6275
3936 6788 4719 9086
2861 433 3515 1701
6708 6803 7494 7405
7662 3648 8355 4068
1258 381 1849 1816
2084 811 2275 1602
25 349 208 3073
6509 4573 9150 5064
2580 5129 2725 6639
8580 7133 8931 7933
5671 7244 5735 9698
9500 1259 9970 4070
911 5131 1317 5408
9360 3210 9455 4941
2367 1953 4216 2155
4008 5885 8671 6019
1940 7019 2493 8224
9501 4931 9716 7959
7468 199 8431 382
208 381 637 1816
7662 4068 9233 4164
9748 4070 9775 7336
5465 6639 5581 7993
3080 5753 3977 6628
2725 6628 8200 6639
4714 1314 5039 1901
3977 3795 4007 4832
637 381 1258 1816
3936 9086 4928 9188
2367 3210 4008 3750
2493 7019 2824 9089
570 1816 1009 2886
2824 7019 3123 9869
4404 433 4529 2086
4529 381 5230 1314
208 8386 2493 8398
6437 7843 6708 8311
3977 6405 8287 6519
7203 2030 7271 2461
208 8398 564 10000
570 4662 1445 5131
8287 7133 8580 9771
1336 9141 1731 9239
0 3073 208 10000
6871 359 7262 401
3123 9702 5247 9869
1849 381 1863 2848
5223 5519 7322 5885
1075 5756 1265 7608
7380 8631 7930 8884
1085 8398 1335 9681
9500 4122 9590 4391
1265 6639 5463 6788
1009 1816 1849 2886
4008 3210 4647 5416
208 358 6254 381
2367 2166 5657 2428
6871 401 7203 2009
3393 8331 3867 9588
4647 3788 4762 5282
7662 4164 9061 4379
7579 1565 9354 2040
5735 7843 6420 9771
4216 1752 4390 2150
213 7147 261 8064
6993 8913 7212 9040
2084 381 4483 431
8588 8317 8663 9034
0 0 25 2851
4008 5416 4763 5885
2313 9869 9970 10000
1863 1769 4195 1953
5223 3788 6509 5064
4928 6788 5247 9588
1445 4718 2848 4817
3273 3750 3940 4063
8671 5885 9490 6075
2313 9089 2824 9869
9087 9669 9388 9759
6604 3788 7662 4370
6249 5170 7322 5519
2725 4817 3977 5753
9218 199 9615 825
570 3336 1065 4530
282 6690 905 7800
5223 5064 9233 5170
3393 9588 5247 9702
3867 8331 3936 9588
261 2416 570 5490
299 6447 870 6690
2725 5753 3080 6628
7468 1005 7530 2708
7579 413 8458 986
25 0 1291 349
3977 6519 8004 6598
3393 7289 3691 8140
6509 4469 8560 4562
9354 986 9970 1259
7322 5170 9233 5359
8489 1006 9271 1565
9775 4070 9970 9771
5230 526 6390 1218
2049 3631 2318 3796
3977 6276 8647 6405
570 2886 1861 3304
1820 49 2035 108
2367 2428 5101 3053
1265 6788 1564 7079
6420 9040 8287 9557
5101 2428 5779 3053
6923 7405 8200 8073
2367 3053 6390 3210
9490 4177 9500 5731
5223 5170 6249 5519
7468 0 8239 77
8200 6628 8287 8073
7616 2283 7649 2800
7380 8073 8287 8631
8931 7133 9337 9065
1863 1953 2367 3336
3936 9188 4928 9588
5230 1218 6336 1241
564 9684 1336 9876
3520 457 4387 1382
7662 3210 8628 3626
9337 6405 9490 9065
1336 8398 2493 9089
