2515 0 3559 1003
90 2178 331 3910
5575 7537 6144 10000
7806 2426 9010 3848
3908 4766 5303 6327
3626 3861 3908 4871
4603 6327 5080 6648
9732 4347 9984 9643
7093 4766 7727 7197
5414 5068 6537 5451
6533 6716 6666 7537
589 4871 3297 5974
8410 4347 9658 5968
3559 3083 5804 3436
3908 6329 4531 8766
0 7227 2589 8260
6144 7537 6846 10000
8706 7242 9270 10000
3018 1003 3277 3256
820 4389 1219 4844
9511 7242 9732 9969
6889 5019 7063 9552
5426 5464 5546 7625
583 9036 1950 9132
9245 3851 9278 4280
3634 1992 3989 2920
6846 5019 6889 9924
7806 7898 8706 10000
7983 7272 8223 7898
5804 2426 7806 3436
5551 901 10000 1164
820 2460 1222 4383
8410 6023 9595 7024
5551 1164 5804 1992
7806 5211 7981 7879
7806 3851 7965 4818
350 9279 659 9968
820 0 1222 2460
5414 4769 6945 5019
1222 0 2515 1003
1302 5974 2589 7227
3018 3436 7806 3861
5804 1164 9278 1247
1222 3861 3626 4871
331 0 820 4871
1803 2016 3018 2495
1803 2495 3018 3861
659 9629 3297 10000
5551 0 10000 397
3559 0 4920 743
1222 2102 1685 2722
9278 1164 10000 2122
2589 5974 3179 7215
4920 0 5208 1992
3908 4333 7806 4766
5303 5189 5405 8661
3556 4871 3908 8766
1222 2722 1803 3861
7983 4347 8409 7229
3559 743 4911 1987
5575 5464 6773 6572
331 4871 589 5974
1222 1003 3018 2016
4548 7176 5087 8675
659 9235 1707 9542
3297 4871 3556 8766
3989 1992 5804 3083
9270 7242 9437 7709
8410 7041 9309 7228
5804 1247 9278 2049
1950 8260 3297 9629
5551 397 6840 901
5804 2049 9278 2426
331 5974 1302 7227
9278 2122 10000 4347
7093 7334 7596 9100
3908 3861 7806 4333
3297 8766 5575 10000
6840 397 10000 901
5208 0 5551 1992
