2600 3121 9712 3287
6530 0 8566 1563
1810 3873 7313 4740
5785 2584 7823 2647
0 0 82 4798
5538 7773 6273 8224
377 2098 756 3584
7975 9034 7994 9219
6623 9151 7025 9642
1171 2336 1810 3584
8566 0 9208 1793
377 3584 1810 4207
2438 7326 2838 9342
1288 5053 1718 5716
82 0 377 4207
377 0 1115 1812
4710 2084 5784 2683
6275 6932 6624 8227
1902 1829 4710 2336
6099 5127 7390 5177
7225 5550 7902 6795
1810 2798 2600 3873
118 4971 612 7827
2075 7827 2437 9368
1579 1229 5885 1563
3004 654 3658 1132
8975 5734 9544 7479
1288 5716 2845 5969
612 5053 1288 7309
8309 8508 9999 9281
9213 0 9502 1367
4519 5423 6623 6234
6936 5423 7199 6719
1718 5053 2845 5716
1171 2098 1902 2336
2845 5829 3447 6249
2845 6251 6624 6932
4710 1829 9950 2066
118 4740 7313 4971
4424 8508 8309 9034
118 8455 2075 9371
118 7827 2075 8455
8985 7499 9958 8508
8908 2084 9014 2659
1115 1795 10000 1812
9014 2135 9976 2798
7313 4283 9582 4501
1115 1563 8566 1795
3344 8268 8617 8508
4167 5674 4228 6251
0 4798 82 9724
1810 2336 3434 2772
1902 1812 10000 1829
9712 3121 10000 7499
377 1812 1902 2098
3023 5070 3490 5829
3344 7773 5538 8227
6624 5423 6827 5994
7313 3873 8731 4201
82 4207 1810 4740
7313 4541 9692 5053
7025 9034 7550 10000
4155 8939 4424 9471
2600 2798 10000 3121
1115 1 6529 194
756 2098 1171 3584
2845 6949 5565 7773
2845 7773 3344 9371
82 4740 118 9724
3705 803 5324 1120
1288 5969 2845 7309
3344 8227 8617 8268
6624 6795 8439 8227
8439 5561 8512 7168
3004 198 6484 654
1906 619 2267 1068
5974 2084 7576 2471
4519 5177 7225 5423
9586 0 10000 1775
4710 2683 7721 2777
118 9371 3344 9724
3391 8508 3984 9723
8617 5177 8844 8208
612 4971 7313 5053
2215 9724 5754 9962
1115 194 1579 1530
2600 3287 9712 3873
1820 7313 2410 7827
612 7309 1461 7668
7550 9281 10000 10000
