0 2314 9692 2407
8435 2407 8504 4510
5063 5614 7717 5811
200 9376 4407 9505
6295 6131 7754 6252
890 4964 1096 6715
640 2859 3390 3094
257 4964 785 6715
5848 7061 6277 7846
1253 5107 2059 5489
9472 4971 9827 7846
1253 5742 2908 6183
1111 1836 3991 2237
517 9964 6260 9965
5063 5380 7717 5614
599 4783 2050 4878
7754 6131 8557 7846
25 6900 200 9167
1680 8528 4964 8994
4949 0 5938 1006
9967 1929 9998 8717
257 6715 7537 6900
7749 672 8698 865
5288 3824 5461 4042
4964 8244 5977 8994
8565 7373 8624 7577
7749 0 9866 672
9875 4857 9967 9765
872 7411 1205 7991
5938 0 7749 614
3510 7179 4898 7682
8033 7991 8259 9586
5977 8471 6050 8715
0 1080 6489 1122
9642 672 9866 1929
200 8936 1680 9247
599 3559 2578 4105
392 2407 7547 2720
5210 3469 5261 4755
2691 4105 3728 4554
872 7991 5977 8244
0 1135 4453 1247
371 7061 872 8150
56 4921 257 6068
8557 2407 9622 3238
2908 6252 3169 6506
1253 6506 7484 6708
9692 2314 9967 4856
2059 5107 5063 5489
7543 8717 7961 9055
1205 4964 1253 6715
392 2771 640 3469
8963 5551 9124 6132
5354 9657 8221 9754
7520 3757 7565 4490
6295 5921 7717 6131
6493 1127 8786 2314
8259 9392 9875 9654
0 0 460 1080
4898 7846 9685 7991
0 9765 9967 9964
6077 7991 6256 8612
835 4105 1640 4617
6257 8618 7589 8708
872 7061 5848 7179
0 1257 2322 1535
785 4964 890 6715
8928 3271 9644 3538
640 3312 7719 3469
0 2407 392 4921
1640 4105 1835 4617
1835 4105 2624 4576
8259 7991 9685 9392
8787 1929 9953 2313
1253 5489 5063 5742
7537 6507 7754 6900
460 1006 8854 1079
200 6900 7754 7061
599 4105 835 4617
6077 1463 6414 1514
1184 4617 2137 4644
392 3469 599 4921
7717 5380 8357 6056
872 8244 1680 8936
6284 3512 7345 3578
6844 6252 7754 6506
2908 5811 4213 6252
5461 3578 7328 4332
8557 3575 8963 6868
7719 2407 8296 3330
872 7179 3510 7411
640 2771 3318 2836
200 9247 7972 9376
7972 7991 8033 9573
4917 9400 7714 9438
8963 6517 9472 6868
3835 3144 3999 3312
3423 2775 5825 3092
3169 6252 6844 6506
6212 8717 7311 8911
6277 7061 7228 7826
1253 5092 7565 5107
4733 3096 7633 3305
1096 4964 1205 6715
4898 7179 5848 7846
0 9586 3851 9643
8624 6868 9472 7846
5938 614 7260 987
8963 3575 9593 3942
8259 9654 9875 9765
8855 1080 9642 1923
6257 7991 7972 8618
9866 0 10000 1929
257 4921 7565 4964
3991 1836 6077 2314
1205 7682 4898 7991
4213 5921 6295 6252
1680 8994 7543 9247
3190 3469 4813 4019
1253 4964 7565 5092
8028 3469 8430 5368
1680 8244 4964 8528
2710 1554 5034 1807
2908 5751 5057 5811
1205 7411 3510 7682
5063 5107 7565 5380
3501 0 3575 809
1253 6183 2908 6506
3756 4105 4595 4670
9685 7846 9875 9392
7565 3578 8028 5380
2113 947 4949 992
4213 5811 7717 5921
