0 65 1482 420
815 3421 4869 3747
623 3260 801 6284
461 4336 623 5615
2162 908 3075 1926
1487 5060 2257 6146
5725 2376 9831 2575
1250 6774 3906 6987
887 908 2162 1228
8812 2985 9056 6668
1638 8486 5215 8642
8456 9443 9757 10000
9757 6878 9840 10000
7761 3449 7911 3798
3075 1675 7225 1926
7224 7521 9091 7597
1109 6774 1250 6987
6760 3419 6934 3892
8344 5417 8783 6578
6960 3892 8093 4265
3362 5455 6095 5581
2967 5581 4688 6004
9739 4232 9829 5288
9423 5605 9810 6824
801 3260 4377 3419
8966 1184 9635 1586
2062 8802 2518 9563
6658 1995 7277 2044
7279 7597 8083 8620
6934 3348 7761 3892
2518 8802 2746 9744
4021 4717 8812 4833
4801 722 10000 796
147 7619 1474 7772
8176 8360 8637 8557
4835 9443 8456 9744
7092 5417 7381 7232
7383 5417 8331 6520
2838 6987 3347 7425
1487 6512 4514 6774
611 1842 887 3260
7445 6668 7839 7049
5254 3022 7529 3096
801 3747 1049 7425
5653 7597 7209 8611
147 8246 990 9876
5483 7597 5652 8492
6904 5417 7073 7216
2842 1995 3031 3260
0 420 9998 611
887 1926 8966 1995
3347 7117 4514 7425
5602 6954 6904 7425
1043 9744 2267 10000
7878 6677 9075 7236
4626 2860 5033 3286
8093 2985 8812 4265
3271 5052 4286 5317
0 611 136 10000
2267 9744 8456 10000
4514 6318 5065 6355
611 904 884 1303
4377 2124 5725 2576
4178 3892 6960 4270
147 7850 1505 8246
1482 65 6726 152
5584 8802 9080 9270
9832 904 9833 5327
4869 3419 6760 3892
7240 1675 7778 1913
2979 3892 3271 5544
4514 6355 5602 7425
3271 3993 3963 4240
8404 4833 8812 5417
9056 4232 9144 5044
3271 4812 3798 5023
4284 1995 6658 2124
611 1358 882 1842
4500 7597 5215 8486
5323 5287 8404 5417
1043 8642 9080 8802
9167 4232 9556 4299
2306 3747 4799 3890
2746 8802 4835 9744
136 796 147 9833
9145 4566 9423 7236
1482 152 6726 420
9056 2985 9758 3778
3347 6987 3906 7117
3906 6774 4514 7117
887 1673 2162 1926
4835 9270 9080 9443
4377 3348 6934 3419
136 722 4801 796
9894 796 9942 9969
1487 6272 2998 6512
9423 6878 9747 8816
6069 5581 6904 6954
6726 65 10000 420
147 6284 800 7425
7761 2576 9832 2985
1049 5474 1487 6774
1230 8246 1638 8603
1991 1995 2842 3260
2306 3892 2951 6213
4835 8802 5584 9270
5725 2291 7114 2376
5731 4839 8404 5280
6380 4270 6885 4652
3271 4270 6336 4498
0 0 10000 65
887 904 7066 908
3423 3893 4178 3936
1638 7597 4500 8486
887 1228 2162 1673
4021 4833 5126 4966
1049 3747 2244 5029
611 796 9840 904
147 7425 6916 7591
7092 7240 9179 7289
7605 2701 7727 3348
5584 4498 6327 4637
5254 3110 7565 3337
9423 4566 9696 5573
6960 4265 8812 4717
5215 7597 5465 8628
3075 908 6477 1623
1086 614 9927 722
9840 796 9894 8880
1250 6987 2838 7425
9080 7597 9423 9443
5634 6619 6069 6954
4284 2124 4377 3260
4011 6278 4469 6512
7807 904 8966 1926
1049 5088 1350 5474
887 1995 1991 3260
3031 1995 4284 3260
147 796 339 6284
339 796 611 3260
4377 2576 6698 2625
5254 2631 7578 3022
