7559 6981 8285 7536
2735 2631 3234 7536
0 1710 3234 2631
6413 1519 8285 2610
5366 1519 6413 5263
3596 5263 6243 5276
9372 2189 10000 2726
1354 6744 2481 7536
0 5164 2481 6744
0 9385 7780 10000
7780 8245 8335 8864
3596 5747 5577 7536
8285 0 8985 8245
3596 5399 7558 5529
1354 7536 6698 8145
5783 5799 7137 6560
6413 2610 7557 3669
9372 0 10000 1329
5783 6560 7559 7536
0 6744 1354 9385
3596 0 4276 3185
6413 3683 7558 5270
4338 8145 6698 9385
1354 8145 4338 9385
0 2631 2735 3520
8335 8245 8801 8420
3596 5276 7499 5399
2415 10 3409 31
2481 3520 2735 7536
7559 2610 8285 6981
9372 2726 10000 8864
6698 8245 7756 9367
4276 1519 4933 5261
1590 3520 2481 5164
0 3520 1590 5164
0 31 3596 448
3234 1554 3596 7536
5091 0 6266 1229
6698 7536 8285 8245
3596 3185 4221 3467
8985 0 9372 8477
579 448 2660 1408
3596 5543 7559 5747
5577 5747 5783 7536
8335 8477 8912 8824
7064 0 7334 1401
7780 8864 10000 9455
4933 1519 5366 5259
7859 9455 9477 9937
9372 1329 10000 2189
0 1554 3234 1710
2660 448 3596 1554
