474 9772 5302 9846
6362 138 9045 171
5306 7387 5727 9846
8807 8637 10000 9359
59 6951 2778 7291
474 9846 8796 10000
59 3143 352 4085
5306 6326 5727 7387
691 1494 7728 1853
352 4004 7018 4085
5889 6269 8083 6326
5125 4532 5737 6108
4415 4532 4740 5769
8192 1853 8400 2813
59 7291 474 10000
9017 7138 9475 8637
2972 128 6362 984
691 1853 4367 2163
5737 5535 8330 5586
9595 0 10000 3339
3169 4532 4327 6232
1656 2842 3005 4004
5727 6556 6355 9846
8234 6556 8785 6638
1656 2191 8014 2312
8375 6692 8692 9359
8819 984 9138 6264
3569 3761 3995 4002
4450 6463 5173 6914
352 984 691 4004
8692 6692 8807 9359
9138 128 9595 6326
59 4556 1348 4587
474 8496 1142 9772
4740 6109 5692 6261
0 3143 59 10000
352 128 2972 378
1142 9162 2509 9513
7728 1494 8814 1853
8796 9359 10000 10000
2792 6927 3152 9682
352 378 2972 984
4528 1898 8192 2191
5364 1853 7622 1891
1783 5419 1792 6360
9596 3339 9658 5943
0 0 9595 128
59 4355 5737 4532
5636 2842 6995 3361
7654 3720 8391 4968
1656 2357 6978 2831
4217 9314 5306 9379
7428 3720 7644 5429
7018 3341 7597 3512
691 1288 8819 1494
8248 6360 9630 6556
691 984 8819 1288
6362 275 8962 984
6355 7591 8375 9359
8408 1853 8697 5609
4740 4532 5125 6108
6355 6706 8300 7591
8716 1853 8811 5699
6355 9359 8796 9846
0 128 352 3143
5737 4382 6802 4913
59 4661 1532 6922
474 7561 2713 8496
1533 4899 2894 5419
3169 6326 4045 9031
9658 3339 10000 8637
59 4085 5728 4355
691 2191 1646 3999
