3055 5169 4304 5665
2288 2570 2617 3052
2157 5490 2304 5835
1464 3674 4352 3843
5505 6343 7594 6605
5794 211 6996 572
5965 9245 6521 10000
4129 7629 6757 8505
5411 3052 5716 3623
7842 5911 9999 6185
0 1039 1803 1605
3346 1874 6168 2203
0 1778 205 9927
357 9572 3865 9919
7431 620 7999 691
0 0 410 1039
5012 2564 5671 2743
5531 883 5754 1634
2846 5068 3055 5665
781 3843 5834 3916
5505 6070 7842 6343
6435 1874 6955 2283
4013 572 6612 688
5521 6608 7613 6969
357 8022 1067 8547
7842 6185 10000 6277
6093 3122 7442 3141
6281 883 7776 1536
205 4648 3524 4809
7645 3117 8779 3153
6521 9245 7243 10000
9933 4828 9999 5648
1638 6232 3856 6690
1972 6860 2730 6945
8736 8048 9833 8613
2555 1779 9682 1804
9487 3682 9834 4342
7397 4828 7652 5115
4352 3726 4728 3830
1783 7147 3440 7217
3895 6070 5370 6839
3763 9382 5090 9514
6866 7250 8314 7615
9253 9397 10000 9861
2027 4958 5970 5068
6093 3667 6252 4188
6866 7738 8245 8724
7613 6343 8736 7147
2925 8834 3763 9438
2304 5665 4304 5835
492 5343 2157 5835
6252 3667 7645 4188
0 1605 2796 1778
410 132 1300 1039
8887 261 9076 708
6524 4467 7397 5169
8664 7147 8733 8469
3445 7147 8664 7250
357 5911 3895 6232
2617 2570 2707 3051
205 4822 1832 5064
6093 3141 7645 3667
8603 1874 10000 2363
4304 5169 6259 5546
2626 7448 3684 7603
5970 4467 6524 5169
1300 132 1803 1039
5717 5546 9187 5684
1803 132 2796 1605
4518 8835 5176 9299
205 2363 522 3916
1318 7086 1729 7339
7645 3682 9487 4342
1806 7761 3235 7839
9187 4828 9908 5670
8781 2564 9742 3682
5012 2838 5861 3021
2796 883 3321 1778
2027 4911 5000 4958
8728 132 8887 430
7243 9861 9997 10000
3055 5068 5970 5169
492 5072 2065 5343
1601 8834 2840 9378
2796 705 8821 883
254 5835 311 9927
7842 6277 9902 6342
2304 5490 2846 5665
2580 4188 7645 4342
357 8737 8305 8814
7830 9245 9231 9824
311 5911 357 9927
9834 2933 10000 4342
3346 1804 10000 1874
410 51 6235 132
7782 4828 9187 5546
5739 5684 10000 5911
593 9438 2750 9532
5107 8834 9224 8835
5204 9245 5951 9898
205 5068 492 5835
5834 3052 6093 3916
781 3052 1464 3843
2252 5835 5739 5911
9253 8835 10000 9397
2555 1804 3346 2214
9834 2566 9997 2933
210 6184 254 9357
1678 2363 2288 3052
8504 1874 8603 2305
3603 8100 4046 8161
9331 132 9997 1777
5140 7250 6849 7411
2580 3916 6093 4188
1081 2214 5862 2349
8736 6343 9976 7394
6988 1874 8056 2354
205 4342 7397 4467
8315 7250 8664 8650
357 8834 572 9212
1464 3052 1887 3674
8315 8715 9928 8803
2157 5351 2802 5490
205 1778 2555 2214
6093 2564 7291 2890
205 3916 2580 4342
522 2363 1678 3052
7243 9245 7819 9861
5012 2363 10000 2564
7397 4342 10000 4828
4304 5546 4990 5684
357 8547 1990 8670
1788 7250 5133 7448
3734 883 5531 1778
3321 883 3734 1778
1887 3052 5411 3674
2683 6977 4940 7133
523 3052 781 3872
2288 2398 4683 2570
9742 2564 9778 3361
5107 5546 5717 5675
5204 8842 9104 9245
311 5835 2252 5911
357 6951 1043 8022
7329 2564 8622 3071
3895 5911 7833 6070
6259 5169 7782 5546
0 9927 5965 10000
7645 3153 8781 3682
4413 5702 5739 5835
1067 6232 1638 6859
2707 2570 5012 3052
