49 1136 128 4446
1033 3856 3047 4093
3306 1830 6583 2108
844 6882 1405 7829
8587 4413 8869 6121
635 6664 7988 6772
1147 9599 3092 10000
4525 8969 7039 9477
9838 488 9874 8969
257 3444 3047 3856
3053 8829 3210 9560
3423 8048 9642 8168
3212 8829 4264 9554
4622 462 9874 488
5454 4531 6754 5869
267 708 1930 930
4622 488 8345 579
634 4689 3038 4874
3423 8168 9642 8407
5984 6172 7841 6635
1062 5214 3801 5869
7702 1830 8179 4093
8587 2533 9838 3205
128 4379 3038 4689
3047 3444 3460 4093
8903 3205 9496 5469
3801 5617 5454 5869
912 2342 1659 3257
7988 6199 8587 6772
1265 6526 2655 6664
2035 2241 7538 2334
5742 3059 7637 4093
8641 8969 9874 10000
3423 8407 9498 8520
8432 8969 8641 9872
3396 2725 7637 3059
7637 2241 7702 4093
5454 4093 7988 4531
1147 9565 3062 9599
2245 7063 3053 9565
128 4093 3801 4379
128 0 9335 94
844 9046 2245 9115
0 4689 634 5869
4368 3059 5742 4093
3053 7491 3379 7550
3801 4093 4195 5617
3531 8520 4525 8673
4859 966 8179 1550
137 1572 257 3296
4622 94 9335 462
4071 708 5857 894
634 4874 1062 5869
2035 708 4047 895
6983 7063 9642 8048
4268 8829 4513 9522
2245 6795 6439 7061
0 5869 635 6772
8587 488 9838 2533
667 9115 1147 10000
3842 7455 6983 7913
1815 2342 3396 3039
6754 4531 7941 5585
4859 1550 8179 1740
844 7829 2245 9046
635 5869 2389 6501
808 1345 911 2838
3472 8699 4110 8821
3396 2342 5766 2725
8345 1598 8380 3409
4525 8520 9498 8969
4300 4093 5454 5309
1420 9115 1437 9434
4195 4093 4300 5309
2655 5869 3217 6664
7952 4531 7988 6664
51 6772 622 7024
128 94 4622 183
3038 4379 3801 4874
911 1345 2035 2342
1062 4874 3801 5214
3053 7550 3272 8829
3092 9903 8576 9996
7988 4093 8179 6199
4859 1740 8179 1830
3460 3444 4368 4093
8179 579 8345 6199
257 3856 1033 4093
9498 8407 9838 8969
3217 6172 5950 6619
6754 5598 7385 5721
3217 5869 7952 6172
667 8102 844 8349
8694 6121 9642 7063
1659 3059 4368 3444
9874 0 10000 10000
6583 1830 7696 2226
2035 897 8163 966
5766 2342 7524 2666
8592 6884 8694 7061
6722 579 8176 654
3423 7085 6898 7366
2328 966 4859 1488
3272 7550 3423 8699
9642 3299 9828 5853
87 7028 667 9871
4195 5309 5454 5617
257 183 4622 468
257 1019 1938 1239
257 468 4622 708
9335 0 9823 397
3092 9565 7847 9890
