1410 3335 2038 3839
619 5714 839 7389
5527 2426 5655 3005
5439 8252 7769 8355
9533 7709 9752 8932
9135 943 9358 7560
1241 3072 1410 4727
839 6243 2966 6748
627 313 2440 1150
5447 0 10000 602
1241 3029 6671 3072
605 1283 761 5714
3593 1921 4482 2706
839 6129 3049 6238
4221 9126 4767 9343
1995 8228 5261 8524
0 9505 7397 9683
761 4727 3300 4824
1995 7709 6814 8228
1925 4437 3184 4488
592 7930 979 8454
0 7722 592 9384
5165 4966 6447 5956
8973 1433 9135 7560
5261 8355 7009 9126
0 9384 7405 9477
592 8454 1121 9384
1410 4488 6561 4727
605 1195 6973 1283
3056 6151 4421 6709
6561 3950 6874 5299
8647 1433 8973 7365
2054 3335 5369 3801
1503 1283 3592 2655
7405 9384 7738 9466
7009 8355 7846 9384
8274 5135 8647 5436
6874 3072 6973 5121
7992 1433 8236 1809
6814 7709 7756 8228
7626 2317 8199 5455
592 7624 1630 7930
2774 3072 5369 3330
1630 7624 9860 7709
1995 8524 4221 9384
7626 5456 8647 5596
9860 779 9994 9665
5447 602 9860 943
592 7560 9860 7624
4221 8524 4532 9034
6693 7365 8973 7560
1688 9725 9766 9892
2440 943 6995 1195
0 0 356 7722
1630 7709 1995 9384
0 9477 2304 9502
7846 8228 8189 9614
761 5208 4525 5703
4714 3801 4755 3944
8194 7709 9533 9725
9704 3231 9810 3246
392 313 605 7103
8199 2317 8253 5420
1410 3950 6549 4300
839 5714 4895 6129
839 6748 2984 7553
4895 4727 5158 6509
1009 277 1836 313
5369 3072 6874 3403
1503 2786 5512 3025
856 1890 1241 4673
1244 1806 1503 3024
7756 7709 8194 8228
3129 6979 3378 7348
3056 6941 5224 6978
6993 2317 7579 6753
1121 7930 1630 9384
9358 943 9704 7560
6561 5299 6978 5985
367 7562 570 7722
8253 1433 8647 5135
3056 6709 4612 6930
4082 1290 5463 1433
761 1283 1503 1806
3593 1433 7992 1921
5165 6127 6800 6921
7626 5597 8645 6977
7196 6979 8323 7288
5140 0 5447 943
5512 6979 6587 7494
5527 1921 8253 2317
356 0 5140 201
979 7930 1121 8454
5369 3403 6874 3950
3378 6979 5451 7536
2440 201 5140 943
7006 943 9135 1433
