5385 6111 10000 6506
3323 2382 4260 3790
434 255 1323 626
434 2843 2191 3790
1238 4000 7975 4002
3403 4825 3750 5576
4260 2382 4446 2995
48 1587 161 3570
2198 8676 3237 8684
1045 5626 2230 7794
0 5811 689 10000
8330 1898 9738 3280
5424 626 7832 993
5385 5271 10000 6111
1633 4002 7755 4825
6016 7100 9741 7823
5658 1548 10000 1898
7832 275 8873 993
1045 4002 1633 5626
3123 1624 3323 3790
1045 8283 4837 8448
434 1184 1114 1660
8134 8370 9741 9620
434 626 5424 993
9575 3999 10000 5271
4260 2995 5184 3790
2902 1184 7235 1390
5385 6506 10000 6717
434 993 8873 1184
5385 7823 9741 8246
905 7908 3415 8229
161 255 434 5811
689 5811 904 9418
4596 4825 4692 7644
4935 9668 8333 9961
3884 1557 5107 1624
6651 0 8873 275
5385 7100 6016 7823
7653 1898 8290 3584
2191 2843 3123 3790
905 4002 1045 7908
8873 0 10000 1468
4837 8370 6424 8447
3519 9022 6734 9251
1296 1468 10000 1548
9741 7100 10000 9620
1409 1976 1826 2325
883 9668 2217 9865
3323 1624 5658 2382
4837 8246 9741 8370
161 0 6651 255
1296 1196 2870 1468
7429 275 7815 564
434 3790 7653 3984
905 8448 8134 8676
2765 8747 7449 8973
5385 6717 10000 7100
689 9620 9784 9667
5047 5271 5385 6842
1826 1548 3123 2843
4837 4825 7755 5271
5184 2995 7653 3790
7755 4002 9575 5271
4446 2382 7653 2995
1323 255 6651 626
5658 1898 7653 2382
440 3984 905 5781
905 3984 2969 3996
9781 1898 9878 3849
