2670 9498 7244 9793
5148 5598 6024 7807
7597 6760 8106 8853
2670 9383 7225 9474
7627 4315 8078 6487
409 1354 5367 1451
736 8614 6338 8887
8106 4147 8744 6342
8772 643 10000 3952
9667 3952 10000 8853
6871 5722 6916 7124
980 1079 6929 1354
4826 6855 5148 7807
2411 2112 2515 8301
3559 3324 7347 3721
1300 8480 3936 8614
7627 3952 9133 4147
3602 1451 5315 2910
9133 3952 9667 8671
436 4584 736 6125
5464 3724 6767 4129
1041 1451 1189 8614
0 9578 2670 9810
0 7319 716 9383
0 6323 736 7319
4199 5598 5148 6855
1300 7096 2405 8321
4199 6855 4826 7807
6767 3739 7219 4162
10 1218 154 4969
6338 7807 6916 8887
5367 1821 6703 3258
1189 2112 1299 8609
7597 8853 10000 9810
3045 4173 3312 6610
4199 4162 6916 5598
5387 643 7328 931
6916 4162 7388 8887
8106 8671 9666 8853
1189 1451 3025 2111
5010 7807 6338 8396
0 0 5387 955
6094 352 7215 643
0 9383 2670 9578
192 1078 409 5485
736 1451 1041 8614
8222 643 8772 3952
2515 6610 3559 8327
2570 8327 3022 8470
216 6266 391 6323
1436 4754 2197 7096
716 7319 734 8818
716 8887 7388 9383
3559 3268 6941 3324
7388 1078 7597 9810
6024 5598 6265 7806
7597 6515 8105 6760
8748 4147 9092 7056
0 955 7597 1078
7597 643 7627 6446
6265 5598 6838 6083
3595 3721 4199 7807
8106 6643 8743 8663
409 1566 687 4584
0 9810 10000 10000
7629 40 8033 617
3563 3721 3595 5837
7721 643 7751 2312
2515 2112 3035 6601
6265 6083 6836 7736
