7088 2027 9159 2606
5174 4432 6110 8464
8689 5090 10000 5561
1132 2182 3739 2440
6490 931 10000 1293
1132 0 3621 1867
5477 2606 9159 2794
6253 4432 9189 5068
7301 2795 9159 3583
6662 5090 8689 5561
0 3676 804 4427
5477 1705 8672 2027
6490 510 10000 931
5477 2027 7088 2606
9563 1293 10000 5090
6253 6783 7984 8116
5174 8469 7517 8540
2898 8112 3894 8543
8672 1293 9563 2027
4419 8541 8154 9298
1132 7078 1461 8343
4548 2440 4986 8541
3623 1293 3739 2168
4108 4523 4368 7359
5506 2794 7191 3399
1469 5239 2781 8406
1132 8563 4315 9286
5174 3583 9563 4432
6253 5090 6662 5561
1132 2440 3149 4734
2898 5581 2978 8112
3149 3777 3993 3955
3621 510 6181 1293
3149 3955 3922 4728
6130 4432 6253 6990
554 4427 698 6640
4427 2440 4548 6387
9159 2027 9563 3583
3621 0 10000 510
4986 3583 5174 8541
6181 510 6490 1293
6253 5561 10000 6783
1469 4734 2952 5222
3739 1293 4139 2440
4139 1293 5477 2440
8198 8541 8266 9005
2909 9298 9444 9962
804 3676 1121 8977
4986 2440 5477 3583
8266 6783 10000 9298
797 4427 804 9644
1132 1867 3621 2182
0 0 1132 3676
5477 1293 8672 1705
