9076 2741 9123 9494
9123 2808 9348 5081
4671 3298 5510 5261
3656 1793 6121 2021
905 962 1873 1404
3583 3009 3673 5100
6121 565 6472 2021
155 565 251 8150
137 625 155 7536
2878 6043 4527 6580
1869 5463 2471 7574
0 0 81 9543
6415 3009 7760 3298
7760 3009 8003 4025
7476 4730 8065 4848
4710 6034 5178 6409
254 565 449 7073
7327 3538 7760 3616
3694 3009 3809 5245
3343 7725 8806 7852
7794 87 8450 2235
7313 4848 8806 5257
2878 7005 5030 7725
7776 9417 9076 9494
2878 6580 4710 6749
9483 50 9649 8328
2490 727 3107 1788
727 565 4778 727
5098 8968 7869 9417
8806 4848 9076 8618
2471 5463 8467 5646
155 8177 8806 8618
81 9494 1630 9503
8467 5257 8806 7112
7577 50 9450 87
5178 5646 7353 6392
709 9050 3307 9494
2428 3009 3565 4183
5510 4808 5746 4998
9649 150 9690 2263
7577 96 7792 2184
727 727 859 8177
0 9911 4366 9999
3809 3298 4596 5261
155 8902 5254 8968
3307 9417 7776 9494
5825 3366 6147 3596
6818 3298 6912 4111
4622 9559 7855 9628
3107 727 3656 1788
8467 7112 8806 7725
8243 9495 8566 9556
8003 3009 9076 4025
9123 7585 9465 7675
81 0 9830 50
3516 4183 3580 4896
859 1788 1195 2822
859 4246 2428 5261
4710 6409 5030 7005
1873 727 2490 1788
5510 3298 5800 4808
4778 565 6121 1464
1475 6816 1869 7000
519 4795 727 7156
1195 2021 7577 2318
0 9543 3382 9763
7313 4025 9074 4681
3343 7852 8806 8177
5800 5257 8467 5463
5748 8618 8785 8659
709 8968 5098 9050
9123 87 9483 2805
1195 1788 3656 2021
859 7725 3343 8177
3621 2337 8309 2691
6818 4111 6912 5155
2878 6749 4710 7005
9123 8328 9832 8574
8502 87 8857 2230
2428 4183 3516 5261
859 2822 2412 4119
2471 6467 2878 7574
859 4159 2424 4246
2471 5646 5178 6034
9830 0 10000 8328
7585 7602 8467 7725
275 8968 709 9441
2471 6034 2878 6467
3496 9050 5067 9377
880 5754 1160 6351
6809 50 7577 2021
4596 3298 4606 4235
155 8618 5436 8875
5800 3596 6421 5257
2428 2822 9076 3009
1195 2318 3620 2737
8141 9797 9957 9988
7869 8968 9076 9417
5030 6409 7585 7725
6912 3298 7313 5257
1195 2742 8903 2822
859 7574 2878 7725
6472 565 6809 2021
372 9806 1525 9893
4622 9628 8141 10000
3656 727 4778 1793
4778 1464 6095 1783
1208 5261 5275 5444
489 916 690 4795
5748 8666 8814 8958
7585 5646 8467 7602
3809 3009 6415 3298
81 50 6809 565
3621 2318 7523 2337
6421 3298 6818 5257
