172 0 1990 499
2776 5068 3609 7930
1201 8267 3302 9806
694 6767 1889 7303
8969 0 9543 3011
172 8267 1137 10000
2776 3830 8706 4266
694 7303 2507 7930
5176 4266 5295 9797
8706 3830 9291 5430
694 7930 5176 8267
9543 0 9761 9063
8644 0 8969 2655
5295 9660 7808 9737
5899 1357 7957 1655
8127 7451 8486 10000
5899 705 8282 1007
9761 0 9946 7569
5147 2898 8969 3215
9291 3830 9543 9063
6592 3215 8969 3564
8486 5480 9291 8779
5102 9806 5423 9976
133 0 172 9626
382 499 694 8267
2507 3830 2776 7930
7773 7451 8034 7884
1990 1846 6360 2852
694 3686 2491 6703
3302 8267 4546 9632
1518 9806 2291 9938
5147 3564 9543 3830
5295 7451 7773 7948
285 499 382 6942
5295 7948 8127 9660
1137 8645 1196 9727
6047 5430 6261 7279
1990 0 5899 1668
8969 3011 9532 3414
5899 0 8367 693
8486 9063 10000 10000
2790 4266 3632 4768
6267 5430 6304 6977
2507 2898 5134 3830
3632 4725 5090 7842
5295 4266 5883 7136
6304 5430 9289 5480
1990 1668 5867 1768
8486 8779 9291 9063
694 499 1990 2898
6304 5480 8486 7451
0 0 112 9790
5389 3215 6592 3426
7124 4266 7239 4780
