0 1195 1414 1498
7946 7964 9642 8081
2829 1458 7270 1766
1935 8873 5342 8919
7946 7786 9534 7964
7383 8081 9858 8224
743 3945 1100 5528
0 2310 1538 2829
0 981 2703 1195
5550 9355 10000 9519
1161 3960 1465 4123
4214 6429 6951 6564
3660 8598 3707 8873
5111 0 6536 360
1603 2108 2363 2622
329 6429 462 8632
7468 6270 9228 6691
91 0 4574 256
4369 981 9626 1342
7360 6279 7467 6429
8301 4434 8843 4600
0 1623 2703 1882
5550 8873 7023 9355
2304 7673 4430 8009
6216 8081 6920 8506
1221 9956 7614 9996
0 0 91 981
9228 2010 9470 7187
2410 8554 3508 8598
1936 3668 2976 4011
7383 8358 9856 8503
743 3649 1181 3945
462 6483 4214 6564
5347 2667 5548 3228
1745 4840 2586 4947
5648 1344 9613 1458
6280 2708 6933 3382
1512 593 1529 867
4619 4051 5328 4310
6536 0 7729 614
2358 7192 5841 7627
8032 3794 8300 6244
801 7187 1116 9525
6216 7786 7946 8081
1449 9525 1660 9698
91 256 1529 593
6000 7187 6216 8505
1100 4123 1745 5528
3974 2667 5319 4048
0 1960 1538 2310
7729 169 9858 393
5059 690 9654 788
1538 1960 4347 1980
5328 4049 6347 4315
3525 2072 3974 4051
3330 256 5059 981
1603 2622 1736 3883
1935 8919 2887 9570
4478 9519 9559 9530
2074 5528 6264 6133
7270 1642 9324 1744
9642 981 9654 8069
9912 0 9983 7534
1567 6737 2708 7187
1530 7187 2304 7728
1434 8506 7023 8554
5336 360 6060 575
1538 1981 9224 2010
67 2829 507 5585
6981 6737 9228 7187
1116 7187 1434 9525
9534 1458 9629 6496
5427 5173 6826 5508
7445 3827 8032 3839
511 9525 1449 9696
7383 8224 9911 8358
2703 1766 9470 1882
462 6737 1567 7187
2708 6747 6726 6952
8337 5588 9132 5689
8566 8506 9906 8864
0 1498 1333 1589
1745 5173 4002 5427
7270 1458 9176 1639
1508 8140 5302 8506
5059 0 5111 690
0 9713 6091 9897
9470 1766 9529 5867
6951 6464 7425 6737
743 5528 2074 6133
6333 5852 6686 6095
7030 4432 7271 6015
3707 8554 7023 8873
7023 8867 9544 9246
2887 8919 4288 9478
7614 9713 10000 10000
6216 7569 9534 7786
1434 8844 2107 8864
9654 690 9858 8081
1660 8873 1935 9570
3609 1950 7185 1960
743 2829 1505 3521
5059 788 9654 981
7515 2667 8941 3623
1434 8873 1660 9525
0 9698 10000 9713
462 6429 4214 6483
1660 9570 10000 9698
7729 0 9858 169
5865 7187 5976 8128
507 2829 743 6133
1745 4965 4761 5142
6536 614 7729 690
7467 6691 9137 6732
5328 4432 6371 5028
1414 1195 1530 1623
9114 2010 9227 5038
7023 8506 8566 8867
1529 256 3330 981
1434 8554 2410 8844
462 6564 2544 6720
2958 6564 5673 6727
2829 981 4369 1458
1615 2056 6558 2066
6216 7187 9534 7569
4478 8919 4619 9508
7729 393 9858 690
9911 0 9912 6046
5342 8873 5550 9519
462 7187 801 9525
2410 8598 3660 8873
9858 0 9911 8224
1538 2072 1580 3159
3974 2072 8568 2350
2703 981 2829 1766
0 6338 6544 6409
0 1882 9348 1950
5128 8919 5335 9451
5807 3171 6276 3725
6920 8081 7383 8506
3525 4051 4343 4295
4574 123 4953 245
1530 1195 2703 1623
507 6133 4866 6332
5807 2667 6235 2909
1745 4310 5328 4840
2708 6952 6981 7187
2976 2622 3525 4310
4478 9537 9814 9570
5220 2428 7515 2591
