8265 8011 8614 9180
9503 1787 9771 6500
867 4185 5352 4638
5541 5320 7622 5723
7622 4961 9370 6140
9444 2750 9462 3741
5249 2333 5846 2653
259 3236 575 8848
1489 2219 3155 2804
7473 3300 9052 3899
3463 1985 5524 2302
3282 8926 3781 9218
7810 2201 8790 3185
3157 1709 4835 1865
7629 1656 8328 1787
5249 3648 7085 3992
3862 7323 9932 8011
8340 0 9369 1722
2751 6819 7213 6951
7306 509 7343 2061
979 2722 1489 2965
575 5969 4942 6140
802 3860 867 4638
859 6140 1214 9243
6959 8706 7310 9800
1214 6140 1536 7740
7843 0 8183 1574
5352 4185 8870 4471
7343 3300 7470 3536
8870 4185 9234 4638
9932 0 9978 5622
8614 8011 9932 8167
7213 6343 9370 6951
1214 8264 2090 9243
1761 9243 4235 9448
2094 4638 3631 4769
287 43 586 2892
2090 8264 7310 8706
4264 2623 5249 4185
575 6140 859 9380
9234 2201 9366 4337
4124 2965 4264 3860
1536 6140 9370 6343
2734 509 3157 2219
5979 2471 7030 3648
5249 3992 8263 4147
3157 2623 4264 2965
586 43 979 2965
5249 3218 5524 3621
2751 6542 7213 6819
4208 1273 5725 1362
7714 2050 8693 2201
3157 849 3936 1225
7622 4638 9370 4961
2539 6343 2751 6951
7310 9180 9133 9800
1899 7740 3862 8185
2539 6951 4548 7323
9259 8167 9916 9953
2584 4846 5333 5059
2147 7323 2698 7740
4548 6951 9932 7323
0 0 7836 43
1214 7740 1899 8264
4942 5723 7622 6140
5766 8706 6920 9017
5352 4471 8870 4638
13 43 259 8055
7310 8185 8265 9180
1489 509 2643 586
859 9800 9259 10000
7629 43 7833 1601
4942 5195 5541 5723
1899 8185 7310 8264
5541 4846 7619 5320
4996 8706 5501 9037
9778 0 9907 2074
979 43 1489 2722
3157 2333 5238 2623
4488 5195 4924 5894
1230 3236 3949 3237
867 3860 4264 4185
3862 8011 7985 8160
2698 7323 3862 7740
7125 509 7270 2058
1489 199 6678 338
5501 8706 5753 8976
1489 660 2733 1624
9370 1787 9444 6951
7343 2201 7792 2635
0 8848 575 10000
802 3271 4083 3860
802 5245 2984 5872
4996 9037 6959 9800
2751 6343 7213 6542
859 9243 1761 9800
4673 9142 4996 9261
1895 1624 2691 2094
575 3237 802 5969
1761 9509 1864 9709
2090 8717 4243 8781
575 9380 858 9824
1536 6343 2539 7323
1489 2804 3157 2965
7343 43 7609 1789
1536 7323 2147 7740
259 2965 4124 3236
802 5060 5527 5195
9133 8167 9259 9800
1870 9509 4773 9765
8614 8167 9133 9180
