0 1322 10000 1359
0 9004 10000 9060
0 5841 9555 5957
2480 2505 7111 2534
0 9209 10000 9279
0 9279 10000 9311
0 5693 10000 5734
0 722 4092 737
7476 2650 8425 2667
733 9060 7536 9073
0 439 8213 465
0 5379 9797 5406
8407 6699 9490 6768
4209 5146 9702 5242
0 6302 10000 6377
0 8965 10000 9004
0 2194 10000 2293
0 4794 10000 4848
0 9617 10000 9666
0 1895 8486 1972
535 7450 8265 7489
5381 2818 6215 2988
0 3952 9943 3980
2872 6410 7820 6435
0 9888 10000 9904
0 3852 9881 3881
0 1141 10000 1184
0 4252 10000 4358
0 2146 10000 2194
0 9157 10000 9209
5460 1791 6477 1835
0 184 10000 195
0 3003 8269 3031
0 1410 8476 1441
0 1447 9960 1498
0 6377 9997 6400
0 8630 9961 8687
0 4541 10000 4794
2311 5734 6702 5772
0 6269 1607 6302
0 9904 10000 9937
1765 1630 1885 1771
519 8175 8073 8231
0 7493 5207 7634
1149 8909 5078 8962
0 1312 9429 1322
0 9987 10000 9994
0 9937 10000 9987
0 5242 10000 5344
0 2667 10000 2710
0 195 10000 197
0 9463 10000 9605
0 9311 10000 9463
3634 4506 6839 4541
0 5406 10000 5550
929 7775 5296 7846
0 3178 10000 3239
0 9846 10000 9888
756 2492 9109 2493
0 6768 10000 6790
0 7120 9861 7151
0 8433 8161 8499
4229 6652 6876 6684
0 2710 10000 2762
3974 3468 7008 3674
0 2493 10000 2505
0 6790 10000 6821
0 6551 10000 6652
0 4464 9923 4496
0 8499 7885 8594
0 2113 8376 2146
0 131 9857 184
0 3881 10000 3904
0 1047 10000 1141
0 6546 8753 6548
0 4358 10000 4464
0 7198 9822 7239
1851 1256 9868 1276
0 8689 9483 8848
0 4251 7309 4252
0 6821 10000 6848
0 3904 9728 3952
237 759 5278 901
0 7248 3529 7353
0 3031 10000 3178
0 9994 10000 10000
0 6848 10000 6876
0 0 10000 95
0 9686 4670 9795
0 917 9055 1037
0 9605 9693 9617
0 7913 9866 8000
0 3674 9773 3804
0 2762 10000 2818
0 1389 9446 1409
0 7151 10000 7198
0 6883 10000 7060
0 4848 10000 4915
0 9666 10000 9686
614 1046 8347 1047
0 1359 7793 1387
3718 8119 8235 8166
3776 553 6137 720
0 5963 9967 6139
0 1190 10000 1205
0 1835 10000 1895
0 1205 10000 1219
5078 8863 9812 8962
3662 2374 5575 2387
0 2293 9476 2345
0 3239 6058 3278
0 5550 10000 5693
0 6436 9528 6506
0 271 7353 420
0 1503 9865 1547
0 9819 2113 9846
0 4915 9269 5102
0 2997 2794 2998
2388 6140 9003 6302
0 2034 5999 2113
0 7859 4078 7912
0 5344 9970 5377
0 1547 10000 1588
0 6506 10000 6546
0 9076 7031 9091
0 9091 10000 9157
0 8962 10000 8965
0 1184 10000 1190
0 104 8048 120
1982 8231 8300 8423
0 197 10000 271
0 3981 10000 4166
0 3279 9087 3320
0 7408 9031 7449
0 3808 7500 3849
0 1219 10000 1256
0 4166 7652 4242
0 1588 10000 1630
0 7060 10000 7120
0 6876 8623 6883
