0 5143 10000 5168
0 8328 10000 8386
2494 9083 10000 9164
0 5354 9798 5451
0 8386 10000 8443
2881 4323 5937 4361
0 3714 9708 3817
0 7040 10000 7051
560 1926 8067 1975
0 5470 8123 5523
0 5523 8989 5570
0 2657 9103 2830
7673 5867 9506 5920
0 4645 10000 4703
1343 9459 1927 9490
0 6125 10000 6227
0 7359 5230 7376
0 6300 10000 6439
3536 8558 7991 8647
282 7810 8580 7924
0 9596 8967 9667
7528 8649 9247 8746
0 4799 10000 4962
0 8771 5839 8790
0 6834 5233 6859
6253 6439 10000 6673
0 7051 10000 7233
0 8811 5119 8829
0 157 8630 244
0 2835 7856 3064
8992 6788 9357 6827
5528 9874 6297 9921
1848 4209 3426 4297
0 6941 10000 7040
0 661 10000 697
0 8290 7817 8292
771 9832 5508 9874
3048 9221 7412 9289
0 5252 4497 5267
3847 8470 7500 8487
5234 9691 8529 9792
0 6227 10000 6300
0 9330 9872 9447
0 5703 7265 5817
0 9827 4694 9828
0 1107 10000 1220
0 4109 8475 4195
0 310 9933 409
0 8292 10000 8328
4530 6714 7279 6737
4752 1997 6036 2426
0 5273 8630 5350
4656 3825 6495 4086
3844 3281 8451 3371
0 1444 6942 1733
0 7233 8621 7321
0 638 10000 661
0 697 10000 853
0 7659 9666 7790
0 409 10000 418
0 418 10000 491
0 7379 8209 7654
0 66 10000 157
0 907 10000 926
0 0 10000 66
0 9517 9556 9595
1428 1352 5505 1438
1348 9078 9553 9083
0 8168 5881 8214
57 5083 9942 5143
0 2546 8895 2638
0 4610 10000 4645
0 491 10000 638
0 5168 10000 5252
0 9083 2494 9164
0 3488 8529 3570
0 926 10000 1029
0 1029 10000 1107
0 3371 9926 3480
0 8443 10000 8470
2475 1855 7978 1922
0 1220 10000 1352
0 4962 9974 5083
6297 9874 10000 9955
0 4519 8101 4610
0 5920 9612 6015
0 3604 9670 3712
0 853 10000 907
0 6587 4561 6673
92 9955 9969 9997
0 7934 4986 8130
0 6859 10000 6941
0 6673 10000 6714
0 4703 9659 4799
0 6018 10000 6125
2742 6017 3066 6018
0 9164 10000 9221
0 3100 9732 3268
0 2426 8790 2519
0 5573 9873 5700
