0 8630 10000 8632
3653 6134 6676 6191
0 7312 10000 7458
0 6869 8905 7010
0 555 10000 580
0 7947 3368 8015
1657 212 6918 235
0 4489 9644 4546
0 7161 10000 7179
1478 488 9415 527
2870 8152 5425 8235
0 1936 10000 2020
0 1268 9480 1414
0 1900 10000 1936
0 950 9965 1017
0 5125 10000 5157
484 9125 4367 9219
0 3644 10000 3676
0 7179 10000 7211
0 4358 10000 4377
0 6467 9754 6527
1087 802 4110 862
0 2633 9825 2648
3284 4638 7237 4723
0 1017 9311 1047
0 7211 10000 7260
0 4579 10000 4638
1428 365 6848 388
945 8856 8059 8906
843 8295 9250 8352
0 5045 10000 5125
0 4342 10000 4350
0 3301 10000 3340
0 4827 10000 4911
0 8483 10000 8630
0 8064 9682 8152
0 5157 10000 5210
80 3779 5266 3830
0 4332 10000 4342
0 2436 10000 2540
4543 918 6212 927
0 9365 10000 9500
0 7546 10000 7587
4071 5826 9464 5931
0 8727 8409 8806
0 2540 10000 2556
0 8469 10000 8483
0 7864 7298 7896
0 9879 9936 9936
0 2556 10000 2602
0 6409 9240 6457
0 4443 10000 4478
0 9500 10000 9556
0 2602 10000 2633
3265 1467 4296 1485
0 7816 9577 7850
0 9033 6844 9034
964 5210 9751 5262
0 4288 10000 4332
0 3340 10000 3379
0 3607 9517 3623
0 9556 10000 9574
2221 2258 4343 2292
0 4242 10000 4288
217 3379 9678 3451
0 8352 10000 8469
0 4350 10000 4358
3013 270 3271 319
0 7260 10000 7294
407 3013 615 3251
0 7896 10000 7947
0 8648 1808 8727
0 9973 10000 10000
0 2119 10000 2177
0 4478 10000 4489
0 7722 9551 7811
0 4076 9923 4167
0 6279 9721 6384
0 7010 10000 7065
0 7294 9874 7312
0 9719 9953 9867
6168 3275 9726 3301
2258 1420 9916 1461
0 319 9835 364
0 2177 10000 2258
0 7104 8879 7161
0 7466 10000 7501
4622 5942 8155 5966
0 3985 9054 4014
0 4210 10000 4242
3561 1793 4487 1828
3794 1552 4962 1770
0 17 4607 86
0 4377 10000 4411
0 7587 10000 7696
0 7501 10000 7546
0 1828 10000 1900
0 4911 10000 5045
0 6569 8791 6833
0 2321 8608 2386
0 3865 3484 3970
0 2020 10000 2119
0 5264 9387 5285
0 9936 10000 9953
0 7696 9576 7721
0 9953 10000 9973
0 1162 9835 1266
0 6246 9987 6279
0 8950 9932 9032
0 3453 10000 3607
0 7065 6074 7097
0 6527 9923 6569
0 4735 9703 4827
130 2932 7297 3006
0 3676 1783 3697
0 2648 10000 2932
0 399 7057 423
3866 3887 4528 3977
0 3623 10000 3644
3928 5545 4159 5807
2096 5290 2713 5374
0 2398 6456 2436
0 531 6038 555
2379 5420 6154 5485
3231 4554 6393 4579
0 4411 10000 4443
0 8809 8155 8844
0 7459 9321 7466
0 9574 9521 9677
0 9696 9535 9719
0 6191 7650 6241
0 580 5752 797
0 9219 10000 9365
0 8918 7805 8948
0 4014 9476 4076
0 92 9714 188
0 4167 10000 4210
