0 3767 9501 3782
0 3979 6287 4049
0 8422 5183 8448
0 9274 10000 9316
0 1241 4317 1337
0 1477 10000 1557
0 912 10000 1056
3312 6010 3858 6316
0 9151 8445 9224
0 7357 10000 7459
0 1346 9962 1409
0 1966 10000 2010
0 7003 10000 7091
2209 9682 3645 9769
0 7296 10000 7357
800 152 5422 273
0 1958 10000 1966
0 1557 10000 1586
0 1767 8039 1833
0 9851 10000 9883
0 3648 9196 3731
0 1837 9530 1943
0 7513 10000 7608
0 1944 8922 1958
0 6330 3968 6447
0 7744 3701 7760
4923 542 7837 669
0 692 10000 719
0 8492 10000 8544
0 7245 9325 7296
0 6566 7007 6797
0 3558 10000 3648
0 8544 9616 8735
0 3410 10000 3558
0 719 10000 766
0 7671 10000 7744
0 9367 9557 9396
0 6981 10000 7003
0 9316 10000 9329
0 7091 9958 7244
0 5813 9372 6002
0 6449 3591 6553
0 9329 10000 9367
508 5642 2390 5804
0 2010 10000 2135
0 3236 10000 3410
0 2135 10000 2305
7869 2502 8369 2972
0 5073 9457 5424
2559 3844 8702 3892
0 8304 9242 8386
2405 5678 7156 5800
0 3782 10000 3844
0 7608 10000 7671
0 7496 10000 7513
301 4796 5657 5045
630 8275 1607 8304
0 6925 10000 6981
0 4049 10000 4148
0 9988 10000 10000
0 4148 10000 4316
0 7459 10000 7496
0 8747 9526 8830
0 1190 5743 1241
0 8936 5849 9080
0 2315 10000 2502
0 4559 7864 4663
0 766 10000 912
4204 1153 9961 1173
5187 5444 5526 5535
2056 1701 4649 1744
0 4316 5456 4542
0 9224 10000 9273
2293 5535 6438 5593
0 2305 9974 2315
0 3053 7531 3236
5308 1646 7971 1734
0 4663 10000 4796
1572 1586 8382 1645
3760 1423 5012 1477
8539 309 9790 503
0 9769 10000 9851
0 669 10000 692
0 9401 9801 9544
0 9273 10000 9274
804 7797 5780 8116
3855 9544 4676 9628
0 9923 10000 9988
0 9883 10000 9923
0 55 9203 140
0 6803 9012 6925
0 8448 10000 8492
0 1056 3877 1081
0 9101 7789 9145
