6071 7201 8166 8701
9481 1060 9588 4314
0 0 146 1915
0 1956 3980 3042
4448 1956 5778 6384
2355 5848 2461 7145
8166 7517 9146 7891
5866 5357 7479 6381
7673 4095 7831 5268
0 3092 2845 4973
146 1921 6509 1955
5101 56 6634 1104
7831 4095 8618 6611
6071 6763 9146 7201
2915 4973 3729 8878
6827 4893 7420 5337
2915 9268 8166 9527
1630 5783 1882 7021
9687 5336 10000 7891
3869 6384 5778 6763
3976 3073 4448 4439
9146 1956 9338 5336
8618 1956 9146 6763
845 4973 963 6900
6634 1060 9338 1956
8166 7891 10000 9813
963 5415 1586 7143
2915 9813 9066 9900
5778 1956 5866 6763
9338 1060 9456 4723
845 7145 2483 9414
2915 8923 7859 9268
139 4973 845 9189
6634 56 9677 1060
914 56 2284 429
5866 4095 7600 4893
3869 8487 5497 8664
2915 9527 8157 9813
5866 6611 8618 6763
6505 1956 8618 4095
2483 7305 2642 8762
0 9417 2240 9529
8209 7264 8230 7517
2129 5052 2524 5783
146 5 9447 56
5866 1956 6505 4095
3869 6763 6071 8487
0 9538 2213 9807
3865 4184 3869 7245
9677 56 9934 4820
9146 5336 9687 7891
2552 1104 6634 1452
2872 1452 6634 1912
3869 8701 7892 8923
2552 56 5101 1104
7951 8701 8166 9123
241 577 2552 1105
