161 6132 7448 6398
3594 2383 4618 3747
0 258 916 631
161 2969 2426 3747
7932 3757 7987 4002
2001 4825 3750 4974
3826 2171 4366 2383
48 1587 161 3570
3229 8558 3237 9597
1390 4975 3624 6125
0 6398 7448 6791
8220 1897 9781 2989
5326 631 7816 993
3750 5317 9281 6132
1250 3988 6528 4825
2677 7390 6751 8401
3232 1328 9176 1599
7816 275 8866 993
161 3982 1250 4825
514 1897 3416 2054
2677 8433 7448 8558
174 1184 514 2136
8009 6758 9267 8371
0 631 5326 993
9655 3747 10000 5317
4618 2383 5307 3469
514 1184 8856 1291
7448 6132 8007 7919
0 993 8866 1184
9281 5317 9856 9257
2175 7393 2677 8998
161 3747 6528 3982
0 6796 1299 7393
2677 7298 6018 7379
3519 9083 5218 9669
1710 1614 9904 1624
6651 0 8866 275
2677 7170 7163 7276
4618 3469 8552 3742
2426 2969 3594 3747
161 5584 1318 6131
8866 0 10000 1328
2677 8402 6619 8433
6409 9022 7443 9734
514 1328 1710 1897
9856 5317 10000 9995
779 2186 1826 2325
883 9734 2217 9931
1710 1624 10000 1897
6811 7390 7437 8410
0 0 6651 258
1710 1328 3223 1611
7429 275 7815 564
6528 3747 7932 4825
3237 8558 7448 9022
7448 8445 8352 9616
2677 6791 7448 7170
9281 9257 9856 10000
3750 5173 7516 5314
161 2325 3594 2969
3750 4825 7881 5163
5307 2989 10000 3469
7932 4002 9655 5317
6207 1897 8220 2989
916 258 6651 631
5307 1897 6207 2989
161 4876 1353 5577
1250 3982 5378 3988
9781 1897 9968 2909
