5130 9372 7829 9406
2964 7394 9935 7695
5557 3410 6630 4624
9033 0 9411 2001
2433 1274 3571 4524
1895 5582 4106 5862
7473 2823 8372 4470
14 4867 284 9557
0 0 1895 1488
5130 8860 9323 9358
3571 3410 5544 4515
1498 5862 4368 7338
6466 803 6992 1601
3571 1027 5640 1771
6192 6706 9429 6775
0 1488 1895 3154
7606 4623 8449 4792
9033 4570 9452 5051
1498 7338 2964 7695
1895 0 3571 1274
3571 1771 7473 2767
284 4494 670 5862
9344 7705 9640 8093
1895 4901 5557 5582
7473 458 8427 2219
670 4495 1895 5862
4106 5582 4368 5862
8574 1876 9033 2029
4368 6056 6449 6346
9033 5052 9451 5576
284 8275 3448 9663
699 4494 1780 4495
9423 277 9968 2366
9033 2366 10000 4570
6192 6783 8880 7378
4368 6346 9111 6698
5640 0 5985 786
8449 864 8762 1791
1498 7695 5130 8275
5208 2800 7382 3353
9935 6570 9978 8061
3571 2767 5207 3410
320 3154 1895 4494
3461 7346 4790 7394
3448 8275 4887 10000
393 9663 1174 9949
9344 8093 10000 9368
5458 6706 6185 7077
5557 4792 9033 5582
5130 7695 8871 8773
4368 5590 9244 5994
4887 8275 5130 10000
1895 1274 2433 4901
5990 0 7459 771
28 3154 320 4428
3571 334 5394 1027
284 5862 1498 8275
2433 4524 5557 4901
9454 4570 9930 7324
