2286 8010 3264 8390
8708 3495 8816 3633
5475 411 5822 1868
1656 3368 2002 3624
1487 2240 1656 4148
5822 229 6929 3341
6929 0 7851 3341
2737 6029 3032 6733
8411 2871 9171 3178
4921 511 5461 1856
0 9671 2685 10000
2752 2240 4145 3341
7851 9688 9862 10000
9862 0 9871 9977
5158 9817 6064 9988
0 0 260 7385
7851 1953 8054 3650
7851 3650 8269 9433
7330 5097 7562 6831
575 6834 1170 7385
2759 3341 2841 4451
6361 3341 7851 4224
7136 9170 7844 9978
1487 1877 4145 2240
2286 8390 3264 8727
1656 2240 2752 3341
2286 7603 3264 8010
3264 7385 5158 8144
5278 8738 6020 9778
5158 7385 5275 9725
4185 8151 5065 8353
9488 0 9862 9433
209 7627 824 8498
2286 8727 2685 9671
6221 8248 7075 9476
7141 5265 7330 6789
3860 9040 4743 9117
9871 0 10000 10000
8269 7386 9488 9433
2737 5097 2989 6029
6557 6733 6756 7385
2737 4811 7515 5097
3175 516 4284 832
260 278 5245 411
8269 3650 9028 6300
260 0 6929 229
1170 510 1487 7385
9035 3520 9304 4017
8054 1953 8406 3609
2841 3341 6361 4602
1487 4148 1959 7385
6872 4602 7029 4786
575 510 1170 6834
7564 4680 7846 6767
3032 5097 3813 6733
575 440 4156 510
1074 7603 2286 9671
6756 5097 7115 7895
6361 4224 7851 4602
7851 9433 9862 9688
0 8498 1074 9671
1487 1738 4901 1877
2151 7203 6557 7385
7136 6873 7851 8453
2151 3341 2737 6733
2151 6733 6557 7203
1487 832 4266 1738
2685 9540 5081 9952
6077 7385 6730 8190
9111 6300 9223 6927
1959 4148 2151 7385
9293 4017 9466 6909
7143 8453 7851 9160
260 411 575 5933
8269 7001 9487 7386
6353 5097 6756 6733
2685 8727 3860 9540
7851 0 9488 1953
3264 8144 3860 8727
0 7385 3264 7603
3936 9209 3965 9431
3813 5097 6353 6733
9028 4017 9293 6300
4266 1139 4898 1469
4145 1877 5822 3341
260 5933 575 7385
