0 285 1413 744
458 6289 1414 7949
8437 8972 9132 9811
2732 3330 10000 3379
1414 7875 8052 7943
0 3219 4391 3330
2649 1605 4194 1637
6793 2122 8550 2165
2228 5466 5707 5813
9438 6289 9992 8070
7226 3857 10000 4139
0 1803 3013 2122
9570 8086 9947 9720
2169 4676 10000 4766
1545 2122 6793 2328
7924 6289 9129 6619
2102 6544 7903 6667
1542 1187 2649 1803
95 4356 435 4768
0 192 5826 285
3 3706 66 5408
112 2736 2792 2965
2169 4666 6224 4676
0 9705 4468 10000
2649 1187 3719 1605
2261 4356 4851 4457
4542 5973 10000 6066
7812 5183 8075 5808
9242 7806 9415 7940
972 7949 7347 8247
972 8972 5798 9103
2630 6825 7397 7132
1414 4356 2169 4943
2630 7510 9077 7810
3638 6289 7632 6474
7328 4943 8154 5183
1517 4943 3719 5137
458 7949 972 9107
3487 5183 7812 5443
0 816 8065 883
1545 2719 6329 2736
0 930 9561 1062
2792 3170 10000 3219
0 9107 1624 9348
0 6289 458 9107
435 4356 1414 5163
972 8569 7897 8747
8821 4943 9770 5773
0 56 9610 145
2414 1062 6773 1121
283 5163 3487 5433
3013 1803 3944 2122
9183 8814 9570 9605
3165 8247 9570 8569
8602 1685 10000 2272
2792 2736 4847 3170
66 4175 7226 4356
4077 3379 6566 3706
2649 1637 10000 1685
0 5962 10000 5973
1545 2328 5727 2379
6793 2272 9509 2673
2470 285 6582 371
5488 4504 6605 4519
0 9512 7263 9625
3944 1803 8602 2122
66 3857 7226 4175
6566 3379 9937 3678
1516 450 9373 742
0 6066 10000 6136
3416 9107 4876 9512
0 3330 2732 3706
1414 6289 2102 7875
7226 4139 10000 4666
2630 7133 9215 7507
8154 4943 8739 5707
4472 9705 6277 9980
972 8853 5440 8941
2228 5813 10000 5962
2102 6667 2630 7875
0 6136 10000 6289
2169 4766 10000 4943
0 2122 1545 2736
7347 7949 9196 8086
66 3706 10000 3857
3719 1204 5805 1364
972 8819 6936 8853
4847 2736 10000 3170
4965 1373 7949 1506
9561 145 10000 1506
4876 9107 5529 9267
0 2966 2757 3216
3719 1506 10000 1605
7347 8086 9494 8244
4391 3219 7806 3329
1654 8247 3165 8415
717 1187 1542 1803
3487 5163 7328 5183
717 1097 2335 1187
7662 9375 8295 9658
0 888 6620 930
66 5443 2228 5962
0 1062 717 1803
4194 1605 10000 1637
941 150 8089 190
2630 7812 7894 7868
0 5979 2844 6066
2649 1685 8602 1803
1545 2391 6538 2653
2732 3379 4077 3706
