3005 8745 3605 8891
1053 7949 1215 8566
387 0 3340 1232
8945 3156 9413 5167
3671 9709 8711 10000
5963 7048 7569 7736
0 9055 3671 9709
6251 5461 8827 6566
0 2542 7184 2800
4047 5436 6251 6566
387 1232 3494 1562
1156 6637 3195 7427
1464 3401 3249 4924
8827 5436 8945 7747
0 3109 1875 3156
3004 5457 3183 5716
8945 6103 10000 7747
5227 938 6650 969
0 5782 3671 6203
9708 3156 10000 6103
7184 938 8091 3156
1464 5350 8945 5436
1464 5013 6637 5350
746 8891 3671 9055
3671 5436 4047 9709
4047 7048 4397 8837
0 6203 3414 6617
8711 7894 10000 8580
1875 2800 7184 3156
6681 3957 8945 5350
6637 3401 8606 3957
4047 9595 7748 9707
6637 3957 6681 5344
3862 85 5571 363
8711 8580 10000 10000
0 6637 746 9055
3475 3401 4975 4924
8945 5167 9708 6103
8091 938 8795 3156
1464 4924 6637 5013
0 6617 3564 6637
6388 0 10000 456
0 3156 8606 3401
4604 1663 7184 2491
4716 8628 6727 8685
387 1568 7149 1663
5963 7747 10000 7894
1574 1663 4342 2406
3340 593 10000 938
4047 6566 7888 7048
0 2800 1875 3109
3340 456 10000 593
4047 8837 8270 8909
0 9709 3671 10000
4406 7816 4583 8205
4975 3401 6637 4924
5128 7212 5963 7654
3792 1232 4558 1530
7888 6566 8827 7747
3249 3401 3475 4924
4047 8909 8273 9535
8606 3156 8945 3957
8273 8628 8561 9259
0 3401 1464 5782
9413 3743 9514 4812
4569 1232 7184 1551
3340 0 3854 448
8795 938 10000 3156
6371 7900 8711 8379
0 0 387 2489
4397 8379 8711 8628
0 2491 7184 2542
6251 5438 7968 5461
