2114 8053 7178 8119
0 2130 7045 2230
2916 3963 9890 3968
940 3416 6305 3565
4409 756 8458 1070
6766 2823 10000 2946
5293 9238 6351 9524
2916 4005 4585 4032
6305 2963 9190 3103
5312 0 5338 500
2750 6743 6716 6888
3286 1353 9709 1370
145 9063 1759 9734
1658 4477 9869 4527
7391 3968 8000 4390
400 9793 1485 9797
2114 8119 3329 8154
2008 450 4414 495
5125 1608 5211 1825
2034 7780 2114 8609
3601 7116 5329 7991
7045 2503 9741 2560
940 2823 1118 2946
1872 6654 6716 6743
2806 9569 4569 9691
8465 3968 9890 4390
70 5323 2194 5489
202 756 4254 837
74 7524 1032 9056
4409 1070 8458 1353
4613 8485 4709 8708
157 4768 1815 5000
940 3093 2335 3416
9599 6560 9699 6888
9089 5528 9699 6560
70 5266 4604 5323
5800 8271 6350 9025
2211 500 9643 550
70 6560 1872 6888
8108 0 10000 500
4523 4035 4858 4138
2916 3565 9890 3649
2114 8299 3279 9339
2335 3087 4685 3416
4254 756 4409 1353
4894 8119 4974 9238
2335 2946 10000 2963
1658 4527 10000 4612
70 7328 753 7524
70 5489 816 6016
4604 5000 6581 5486
1759 6992 2033 9774
9890 3565 10000 4527
0 2017 7045 2130
199 450 202 1993
0 2560 9741 2639
0 202 4592 450
1618 1825 5211 2017
5329 7882 9237 7991
2114 7780 3560 8047
0 5001 62 10000
1618 1608 2021 1825
9372 8271 9750 9817
1984 5845 9089 6140
1658 4612 10000 4666
70 6888 10000 6938
4974 9011 5355 9189
202 1409 3236 1501
6024 5554 8479 5627
6716 6597 9599 6888
2916 3649 9890 3795
62 9797 8606 9963
8424 4892 9680 5452
0 122 5312 202
0 2639 4487 2802
9833 8053 9892 10000
4386 8855 4610 9173
7178 8053 9833 8271
2194 5323 4604 5489
4756 4892 8424 4979
202 837 4254 886
202 564 8458 756
9699 5528 10000 6888
4756 9569 6123 9753
70 6016 816 6560
7045 2017 10000 2344
7045 2344 9741 2503
7607 6165 9060 6553
3587 8119 4385 9206
202 554 9303 564
3576 5000 4527 5200
8667 9597 8846 9850
7809 8271 8611 9110
1984 5489 4665 5505
3601 7003 9892 7116
9190 2963 9998 3565
202 1501 1618 2017
2032 9963 3430 10000
0 2440 7045 2560
6357 8307 6716 8734
2021 1608 5125 1825
2427 6225 2569 6526
5908 3968 7391 4199
1876 6743 2750 6883
5329 7116 6058 7878
940 2946 2335 3093
0 450 175 1532
5413 4390 9073 4464
9709 936 10000 2017
6058 7134 7307 7342
7901 5489 9925 5490
1984 5505 4665 5845
1937 5026 3573 5120
157 5000 2090 5001
1872 6560 5412 6597
7607 6140 9078 6165
157 4477 1658 4768
9741 2344 10000 2823
3088 7055 3560 7780
1872 6597 6716 6654
5338 0 7608 500
5412 6560 9599 6597
62 5266 70 9793
4685 3087 6305 3416
3286 886 4254 1353
4665 5490 10000 5528
6479 7387 7962 7593
8458 936 9366 1351
4665 5723 8889 5845
9892 6938 10000 10000
70 6938 9892 6992
4487 2639 9741 2790
1786 5489 1984 6560
6445 7991 9826 8053
4974 8119 7178 8271
7477 1608 9709 1843
6305 3326 9186 3564
8458 564 10000 936
1118 2823 6766 2946
5308 8271 5795 8962
23 2823 157 5001
2400 4357 4277 4378
4592 202 5312 500
3286 1370 9709 1501
2033 6992 9892 7003
2175 9527 8650 9569
3601 7991 6445 8053
3333 9302 4532 9433
5553 4252 5836 4356
0 2230 3037 2440
7608 0 8108 500
3560 7003 3601 8052
3037 2230 3464 2440
5211 1843 9709 2017
6639 5000 8039 5472
940 3565 2916 4357
6305 3103 9058 3257
23 2802 9741 2823
4487 2790 9741 2802
7 4058 23 4345
3539 9697 3772 9725
816 5489 1786 6560
2916 3795 9890 3963
2168 886 3286 1405
1618 1501 9709 1608
8000 3968 8465 4390
0 8 5199 122
5211 1608 7477 1843
9070 8271 9120 9209
1032 8250 1441 9060
4813 8119 4894 9275
1658 4666 10000 4768
6058 7342 9779 7385
3464 2230 7045 2440
1815 4768 4356 5000
163 5120 3398 5266
2335 2963 6305 3087
157 2823 940 4477
4356 4792 9802 4892
5977 6140 7607 6559
