7291 1215 8226 2062
3324 3473 4030 8979
8226 912 9766 1798
4030 4234 4835 8979
0 9730 8861 10000
40 9421 1219 9723
2422 4998 3132 5780
1220 9345 8861 9730
1644 6116 2264 7813
823 4998 2422 5844
7098 615 9676 901
3074 0 6411 912
3074 912 4990 1542
4934 8607 9766 8817
8226 1798 9766 3339
3150 3473 3324 8979
7291 942 8224 1215
5118 4359 5167 8607
823 3473 3150 4998
0 4662 823 9421
1220 8979 9766 9345
7217 6560 8230 7133
1142 6704 1475 7543
6024 4359 9766 4630
4934 8817 9766 8979
1839 693 3074 1542
823 5844 2421 6116
823 2270 1919 3452
6024 8307 8768 8607
2422 5820 3016 8079
2228 2755 4021 3473
4934 4234 9766 4359
8861 9345 9754 10000
6411 0 7098 912
1220 8229 3048 8957
2585 2270 6420 2731
4030 3339 9766 4234
4835 4234 4934 8979
8235 5660 9766 7418
4990 912 7291 2062
6024 4630 9766 5660
9766 0 10000 10000
4990 2062 7970 2260
0 3383 823 4637
829 8229 1220 9421
0 1985 4990 2270
6420 2270 8226 3339
1839 1542 4990 1985
6024 5660 8235 6560
6977 7319 8235 7416
6024 7418 9766 8307
5167 4359 6024 8607
249 693 1839 1954
4030 2755 4989 3068
7894 0 9766 615
7098 0 7894 615
139 24 3074 693
4935 4359 5118 6594
