0 1885 2062 2325
8174 2619 9556 2724
323 5695 8624 5805
0 9376 3822 9518
6847 6141 8624 6251
875 6593 8624 6652
454 2831 9686 2901
323 5137 6039 5324
0 7074 5937 7132
1274 5101 9718 5137
895 7768 9755 7858
0 6159 6847 6251
2223 1763 4629 2243
517 9964 6260 9965
6039 5420 10000 5649
454 4648 1332 4805
875 6652 8624 6766
0 7617 215 9376
215 8744 7922 9003
0 0 10000 117
9900 834 10000 2813
875 6766 8609 6883
6801 614 7750 807
5115 4040 5461 4149
1781 8333 6107 8517
8609 6775 8624 7577
8170 117 9642 1419
9038 5693 9968 6196
0 7593 9028 7617
3575 117 8170 614
1900 7196 4962 7581
7441 7970 9755 8134
5977 8569 6099 8715
0 1080 498 1627
9642 834 9900 2813
215 9191 8033 9249
865 3863 3998 4160
454 2325 4930 2813
2998 4385 6121 4406
454 4406 5515 4498
1781 7970 5804 8333
2614 1080 4322 1372
215 7768 895 8517
0 5137 323 5820
2455 3180 9620 3302
0 6450 8427 6458
0 6458 8624 6593
9718 2831 10000 5137
323 5324 6039 5499
7441 8402 7859 8740
0 6050 6847 6062
454 2901 865 3319
8990 5649 9038 7593
796 9693 5355 9754
6832 4489 7565 4534
6847 5820 8624 6141
5880 1627 8174 2813
9755 6196 10000 10000
0 196 2509 519
1781 7858 9755 7970
0 9754 9755 9964
5804 7970 6107 8333
454 4160 6165 4235
7280 7970 7441 8715
0 7132 8609 7196
498 1514 7439 1607
56 6593 875 6871
9620 3180 9718 5089
865 3180 2455 3863
0 2325 454 5137
1766 4517 3137 4591
454 4235 2821 4392
8033 8134 9755 9376
8328 1929 9479 2318
323 5499 6039 5649
5937 6883 8609 6914
0 982 6253 1080
0 6883 5937 7074
454 4517 1749 4612
5742 1463 6079 1514
454 4614 4130 4621
454 3319 865 4160
323 5649 8624 5695
895 7858 1781 8517
7344 3302 7410 4363
6844 6251 8624 6380
0 6062 6847 6159
6165 3302 7344 4489
8624 5649 8990 7593
7719 2901 9677 3173
0 7196 1896 7593
454 2813 10000 2831
215 9249 8033 9376
7922 8134 8033 9003
3836 9428 6633 9466
9038 6196 9166 7593
3998 3302 4039 3974
865 2936 5746 3092
1525 6251 6844 6380
215 8715 7441 8744
5937 6914 8609 7132
1274 5089 9718 5101
865 3092 7719 3180
0 6251 1525 6380
5337 7196 8268 7476
0 9522 3377 9587
9166 6196 9755 7617
3607 614 6216 803
8334 3479 8964 3846
7004 9587 9697 9655
8336 1419 9642 1927
6107 7970 7280 8715
9642 117 10000 834
454 4805 1274 5137
4930 1763 5880 2813
215 7682 9755 7768
0 5902 6847 6050
215 9003 8033 9191
2455 3302 3998 3863
1274 4906 6739 5089
7565 4576 9221 5037
215 8517 5958 8715
93 1627 5034 1746
323 5805 8624 5820
215 7617 9755 7682
6039 5137 10000 5420
2766 117 3575 191
0 6380 8624 6450
2998 4235 6158 4385
3872 9376 9755 9428
7565 3846 9620 4576
695 947 4949 977
0 5820 6847 5902
