5191 0 6292 496
2231 5734 2564 7568
7844 549 8382 1684
442 1580 2629 1684
508 8137 6495 8235
7222 9393 10000 9676
2629 1450 6527 1684
121 9473 4007 9527
1531 3225 3839 3812
4020 8628 5647 9527
574 8627 1246 8973
8709 3290 9824 3515
442 4157 6603 4325
3801 2629 5975 2733
442 4325 6603 4581
0 4581 56 10000
508 7320 2086 7527
5377 7292 9374 7568
3298 9737 10000 9914
0 858 4994 913
6527 549 7677 1684
442 1738 9824 1907
728 8293 946 8403
508 4983 7773 5169
8382 1132 10000 1684
6695 3515 10000 3812
5647 9393 7222 9737
951 2112 1531 3906
2115 1916 2252 2112
121 9358 4020 9473
56 4581 121 10000
6695 3290 8709 3515
1025 8449 4020 8531
508 6860 2158 7310
3298 9915 10000 10000
1571 5917 1737 6308
5647 8628 7808 9393
508 4847 7773 4983
2980 1925 3801 2370
6213 689 6527 1450
508 9019 3417 9145
4020 8235 6495 8628
508 5734 2231 5917
7677 549 7844 1684
0 689 4996 858
3298 9914 6429 9915
6852 6279 7134 7150
3801 2415 4225 2600
6010 2604 6695 3812
951 3906 9702 4030
7773 5835 9700 6264
3801 1925 6594 2415
9824 1738 10000 3515
4234 3225 6010 3812
7773 4847 9697 5835
2595 5734 3309 7568
3382 913 3662 1435
6603 4030 9702 4637
121 4581 508 9358
508 8052 6495 8137
2435 2855 2614 2994
4996 689 6213 1450
3839 3225 4234 3812
9304 7568 9380 9393
508 5270 5377 5734
442 1907 951 4157
9380 7292 9559 8626
8434 7887 9300 9347
580 6512 2231 6849
2614 1907 6211 1921
508 5169 5377 5270
2564 5734 2595 7568
8382 549 10000 1132
121 9527 5647 9737
6595 1907 9300 2604
442 913 2629 1580
0 549 6527 689
508 8024 6495 8052
6695 2905 9300 3290
9300 2325 9725 2641
7134 6279 8416 7281
7808 7887 8434 9393
508 7887 6495 8024
2614 2733 6010 3225
3309 5995 5377 7568
9300 2670 9746 3215
6695 2628 9281 2905
1531 3812 10000 3906
3845 5834 4836 5995
508 4637 9702 4847
442 1684 10000 1738
121 9737 3298 10000
6495 7887 7808 8628
9702 3906 10000 9393
0 913 442 4581
508 7568 9304 7887
7222 9676 10000 9737
1960 4615 3147 4637
6292 0 10000 549
951 4030 6603 4157
5377 5169 7773 6279
