9571 1819 9651 5000
8755 1218 8892 3448
8892 1218 9122 6102
3995 1223 5379 2373
2136 8421 8443 8524
2136 8276 9122 8421
8268 2575 8755 3448
1644 8879 2087 9981
0 0 108 10000
7977 6102 9122 7841
2256 7601 4728 7917
5420 3997 8268 4251
865 2422 1772 2575
361 7445 7044 7601
9482 1175 9571 10000
849 6542 5323 6868
5403 5016 6097 5365
1144 0 1211 331
4728 7601 7977 7954
361 7601 2058 8866
108 1175 9405 1218
5858 8524 8079 8847
1657 1218 3744 2422
108 1218 361 10000
6086 7267 6965 7443
361 4720 7848 4773
849 4773 3049 6542
108 407 10000 444
5422 6102 7977 6860
865 3997 5420 4251
7866 9088 8451 10000
7848 4251 8892 5806
8066 5806 8887 6096
865 2900 7839 3235
460 4873 849 7422
108 444 10000 655
7977 7841 9122 7954
6029 1864 8728 2422
361 1218 865 4720
6029 1218 8753 1853
108 655 9729 719
865 3694 8268 3777
3049 4981 4516 6542
879 8879 1081 9930
865 3777 8268 3997
108 720 9996 1145
7839 2575 8268 3694
2136 9088 5502 9857
9122 1218 9482 9996
108 1145 9871 1175
849 6868 2514 7267
8268 3448 8892 4251
6097 4981 7718 5334
2514 6868 7044 7267
865 1218 1645 2410
865 4251 7043 4614
865 3235 7839 3694
2136 7954 9112 8276
865 2575 7839 2900
1211 0 10000 407
5113 4981 5323 6540
1772 2422 8755 2575
4516 4981 5113 6542
3049 4773 7848 4981
7044 6897 7946 7598
5323 5365 7848 6102
849 7267 6086 7445
8451 8421 9122 10000
