250 7910 8582 7938
4646 594 8044 655
2799 3788 5951 4261
1049 721 1084 1394
2986 8800 3185 8817
3622 3325 9639 3461
250 9568 6231 9574
879 334 10000 373
1948 4472 8257 4480
1616 2327 8350 2402
0 3106 7404 3226
4169 8183 9661 8417
0 430 3269 545
1987 4511 3712 5112
8507 905 8778 2402
250 7351 3808 7423
250 8417 6757 8535
250 9049 2790 9124
26 9774 2027 9990
0 3512 9321 3517
250 8703 3049 8711
1547 5573 9639 5592
6757 8417 9661 8535
26 7200 10000 7217
9639 3106 10000 6117
8556 6164 10000 6939
2136 5179 9639 5261
968 697 8046 721
1948 4446 6449 4462
903 7090 10000 7119
4053 9124 5967 9290
2799 4291 6237 4374
3366 9774 5051 9887
124 5592 9639 5626
6309 2741 8056 3053
8607 9556 9348 9918
1786 1915 2161 2322
250 9335 4203 9434
316 6866 903 7177
0 3325 3622 3461
7207 5261 9123 5494
3174 1915 3973 2037
1721 905 3327 1629
1336 7594 6298 7795
9139 3723 9612 5036
876 9527 9887 9556
4203 9335 5756 9397
2799 4386 5588 4423
7861 3791 8958 4126
5409 2741 6309 2981
2744 8858 10000 9001
250 9124 4053 9199
261 2741 4091 2957
1348 6653 2961 6670
4608 6079 8181 6117
879 133 3845 318
8046 594 8778 721
250 8711 2744 9008
3973 2153 8350 2224
3712 4568 7097 4724
1612 1637 4722 1753
0 3602 1471 3837
2552 6971 5924 6981
124 5724 5329 5892
8390 2741 10000 3106
124 5665 9639 5694
9661 7841 10000 8608
124 6806 8556 6866
7577 7540 10000 7841
7097 4480 8955 4709
3855 7351 10000 7540
8958 3723 9139 5036
0 2986 6309 3053
5967 9124 7290 9434
8181 5977 9450 6062
250 9434 10000 9527
903 6866 2552 7090
3973 2224 7930 2310
0 3257 9639 3325
0 3518 9566 3598
4260 6244 7859 6747
0 4511 1547 5592
2136 5112 8009 5131
124 5892 8609 5940
752 546 4646 697
3845 133 10000 263
429 5968 4488 6157
5119 8608 10000 8703
7290 9058 9779 9100
4608 6117 9938 6164
7404 3106 9639 3226
7680 4126 8955 4282
2728 1809 3846 1895
0 3837 1473 4480
250 7795 7525 7841
2235 1915 3174 2025
1547 5506 9639 5573
250 8608 5119 8703
124 5942 8285 5967
250 8535 9661 8608
0 120 10000 133
5924 6939 10000 7090
3712 4724 7097 4930
250 9008 10000 9049
8009 5036 9612 5131
2909 5261 6106 5501
0 3053 8056 3106
7669 1582 8146 1915
3185 8772 10000 8830
9419 2173 9429 2504
3185 8703 10000 8772
250 7841 9407 7905
5329 5827 9639 5892
0 133 879 430
7499 4747 7686 5112
5331 0 10000 120
8009 4709 8958 5036
26 7217 250 9774
7290 9100 10000 9267
879 406 6755 430
879 324 10000 334
6981 438 8459 546
2744 9001 10000 9008
1936 1773 5457 1794
2136 5261 2491 5455
2790 9049 7290 9124
1135 916 1612 1677
879 318 9204 324
1987 5112 2136 5506
4652 5972 8152 6079
1084 721 8778 827
9612 3512 9639 5179
2136 5131 9612 5179
3712 4511 7097 4568
7330 4282 7923 4300
7132 3723 7617 3865
1948 3675 2799 4446
750 9574 7862 9729
250 9290 5967 9325
250 9325 5967 9335
8181 6062 9639 6117
4260 6166 8068 6244
7290 9267 10000 9434
124 5626 9417 5665
5389 5694 9639 5827
8056 2741 8390 3106
752 2510 8778 2589
1084 827 8778 905
8350 1484 8507 2402
0 2966 5227 2986
5329 5694 5389 5827
0 0 5331 120
250 9247 4053 9290
5457 905 8507 1484
0 2701 10000 2741
250 7540 5422 7551
250 8337 3822 8415
3185 8830 10000 8858
6755 373 6981 546
124 6747 7859 6806
2799 3675 9612 3723
4109 7938 4169 8334
4169 7938 9661 8183
0 3461 9639 3512
398 7425 3855 7529
2552 6866 8556 6939
7859 6244 8556 6806
8778 594 9356 2515
4601 905 4830 1477
0 5592 124 7200
0 3226 9639 3257
124 5694 5329 5724
9400 1449 10000 2173
9400 546 9831 1441
879 373 6755 406
2552 6981 5924 7090
2552 6939 5924 6971
1125 6164 4177 6617
558 1251 752 1726
2460 2037 3973 2327
372 2589 9400 2701
250 9199 4053 9247
213 6164 1109 6728
5 7532 26 9709
4759 2741 5378 2960
250 7938 2654 8328
250 7217 10000 7351
18 546 372 2137
1084 1794 1616 2402
3973 1925 8150 2153
4646 546 9400 594
0 4480 1197 4511
7873 3618 9399 3675
6750 263 9551 279
1084 2402 8778 2510
1554 3897 1948 3981
2238 2037 2460 2298
903 7119 10000 7200
3712 4930 7097 5112
1547 4511 1987 5506
