4042 8460 7520 8742
6790 2804 7976 3724
618 2956 968 5611
2901 3879 6049 4349
3067 2400 8904 2804
2390 4862 3033 7270
0 335 285 5611
1216 3034 1226 3244
3583 1473 5138 1921
8904 2400 9486 5300
2219 4862 2292 9682
5498 2136 8873 2400
5250 4361 5615 7610
6304 2804 6540 3657
7391 433 8808 656
1607 2956 3039 3689
9410 0 10000 936
8661 6329 8904 9959
2292 7612 7520 7950
4042 8335 7520 8460
4174 5171 4362 7612
8017 2804 8904 5152
5637 4458 8017 5152
3251 2804 6304 3261
509 5611 702 8273
8265 6329 8661 9959
9486 5318 9689 9292
1056 2048 8873 2136
1443 433 6686 926
285 335 1056 2956
0 173 9410 216
1056 2136 5498 2400
8873 2003 9486 2400
9366 5300 9433 6471
2292 7950 7520 8335
702 5611 1607 8273
2292 9959 9743 10000
6246 3908 7931 4258
3583 1270 4302 1432
2292 9400 8265 9959
1443 2003 8873 2048
1056 2400 2178 2940
4042 8742 7501 8769
2118 4862 2196 7946
1282 3244 1596 4995
285 2956 618 5611
1056 335 1443 2048
9753 5318 9950 9547
1607 3726 1829 8273
1829 5562 2071 5751
0 5611 233 10000
7387 5152 7593 5625
1829 4382 5184 4615
4042 8769 7905 9400
1829 3726 2578 4288
8904 5300 9366 9959
7593 5152 8904 6329
7905 6586 8265 9400
0 0 9410 173
1443 335 9410 433
233 9682 2292 10000
233 5611 509 8273
9486 936 9973 5047
1443 926 3583 2003
1829 4620 5082 4862
7520 6586 7905 8769
5615 5152 7159 6329
3052 4862 4045 5518
5615 6329 8265 6586
0 216 9410 245
2292 8335 4042 9400
6686 936 9486 2003
968 3244 1282 5611
233 8273 2219 9682
0 245 9410 335
5615 6586 7155 7467
