3882 9767 9775 9828
870 5479 2853 5845
5678 7835 8567 7858
0 2713 9590 2756
870 4292 6277 4383
5678 7721 8580 7835
6100 764 7771 1609
3314 4391 9899 4561
460 4292 598 5918
2902 8394 4169 9031
598 7726 5658 7858
2522 2268 9590 2336
283 6021 438 8386
870 5190 5655 5241
5852 3462 9445 3788
0 9862 2192 9958
267 8394 1015 9684
4493 7228 4996 7692
1404 7018 3607 7162
3491 8003 4070 8382
9332 9031 9424 9464
2857 4391 3158 4452
2034 252 9271 380
3882 9588 9308 9655
870 5095 6951 5136
5164 6265 9621 6299
4999 7228 9733 7261
438 4126 8462 4292
6250 5190 9681 5360
9963 0 10000 5065
1404 6977 4389 7018
870 5903 6084 6083
0 1609 9224 1697
6732 8088 9775 8176
9366 1895 9462 2008
1015 9360 2588 9588
5924 408 6895 589
4169 8050 9775 8088
5850 982 6100 1314
1794 1234 4192 1310
870 5360 9681 5395
4169 8003 9775 8050
4493 6977 9028 7138
5093 8088 5293 8169
0 2127 9590 2268
1264 6235 2826 6285
4169 8285 9775 8610
2034 764 6100 949
4999 7270 8504 7405
438 4066 9899 4096
0 982 1794 1584
0 1584 6043 1609
0 2943 1878 3232
870 4882 6958 5095
1264 6100 2890 6235
8580 7266 9304 7654
4437 8671 5735 8792
9649 69 9899 4049
870 5136 9521 5149
438 4049 9899 4066
2307 1903 3984 2127
6084 5903 9681 6083
1404 7178 3037 7596
8770 4590 9962 5136
5693 159 7588 252
80 69 2034 385
438 4096 9899 4126
9681 5149 9775 6083
5164 6518 5841 6750
2946 6083 8614 6224
7956 6482 8135 6831
1794 1314 6034 1359
870 4829 4327 4838
80 385 2034 949
2902 9102 5057 9149
0 3337 9590 3446
438 8003 3391 8255
0 2534 9590 2702
0 9828 10000 9862
0 949 6100 982
2833 399 5924 764
438 8386 3973 8394
5293 8088 6732 8176
2833 6235 5164 6977
6840 2030 7271 2098
0 9958 10000 10000
870 4590 2592 4829
598 7858 9775 7919
1015 9238 2628 9262
0 3446 260 9684
5924 399 9208 404
2192 9862 6362 9958
1794 1359 1951 1579
5979 5395 9681 5730
1264 7597 4246 7715
7746 8610 8896 8731
1015 9588 3882 9684
8462 4373 9807 4391
1264 6522 2729 6949
0 2800 9590 2886
438 3446 5319 3745
2034 380 9271 399
2522 2336 9590 2428
4217 1697 7776 1847
2588 9373 9332 9464
4647 4616 5337 4865
8462 4126 9861 4341
9271 108 9590 1895
5967 9655 9308 9767
3604 1697 4217 1810
260 3446 267 9684
2902 9039 8465 9044
2451 399 2833 713
2902 9031 9332 9039
0 69 80 949
870 5845 9681 5885
6362 9862 10000 9958
124 1895 2148 2107
438 3830 7325 4049
438 7919 9775 7979
2595 4610 3266 4817
438 3798 6962 3830
870 5885 9515 5903
2588 9464 9424 9538
9308 9538 9424 9767
7325 3788 9590 4049
2598 5241 6250 5353
2853 5479 5979 5845
9590 69 9649 4049
0 3232 5618 3337
870 6083 1264 7721
6981 4831 8740 5136
3882 9655 5967 9767
2588 9360 9332 9373
0 2268 2522 2534
627 6119 870 6690
1440 6293 2833 6517
0 2702 9590 2713
7771 650 9270 986
0 16 8348 69
6851 6482 7579 6919
438 7979 9775 8003
870 4561 9953 4582
9899 0 9948 3463
870 5149 9681 5190
7779 1311 9271 1604
9775 5136 10000 9828
1794 982 5850 1218
438 3788 5986 3796
5164 6299 8687 6470
0 2886 9467 2943
2034 103 4571 108
2522 2428 9590 2534
1264 6977 1404 7597
2902 9149 9332 9360
0 2756 9590 2798
4999 7405 8559 7714
1878 2958 6445 3102
9082 5730 9491 5768
870 5395 5979 5479
0 0 8481 7
5271 6929 8217 6972
0 2798 8531 2800
4169 8176 9775 8285
4169 8792 9424 9031
1878 3102 9570 3232
2588 9538 9308 9588
3414 1218 5231 1232
0 9684 3882 9828
1972 1359 5634 1578
5618 3232 9482 3336
9424 8610 9775 9767
1015 8394 2902 9238
