6091 86 9861 270
164 8048 8526 8068
1103 832 1556 4167
1839 8439 2263 8503
6091 270 9814 381
1103 630 4424 832
7635 2232 8912 2603
6600 5318 8720 5739
1335 4167 3828 4697
698 626 4290 630
630 0 4424 626
3465 2661 4949 2992
1556 1791 4617 2041
4983 3012 10000 3203
0 0 630 4479
3796 9331 5377 9711
1556 3704 3314 4167
2211 2232 7635 2356
8634 4024 8720 5316
7946 9899 10000 10000
4424 0 5033 866
8926 2041 9679 2384
0 4479 164 9899
698 5674 6600 5739
3314 3704 3794 4024
6291 2603 9902 2992
1556 1342 5052 1534
8720 4024 8862 8228
2607 6652 8720 7130
4617 1791 9902 2041
1629 832 1991 1291
2684 6194 6361 6623
5057 0 5589 1536
8526 7482 8704 8223
164 8503 4885 9041
4638 3599 7287 3687
164 8068 8526 8105
5561 4169 6985 4468
9001 400 9811 1113
6740 8579 7681 9074
3414 7972 8329 8048
465 6960 2607 7087
6905 407 8786 834
4949 2661 6291 2992
9833 3203 9998 6133
5997 7130 8720 7411
4483 7130 5997 7464
3844 2356 4859 2584
8912 2408 9806 2602
630 626 698 4479
9001 1140 9754 1531
7191 5739 8720 6632
4638 3012 4983 3203
2586 8212 8526 8228
5394 4470 6799 4983
9902 161 9999 2661
6698 9075 7572 9706
1556 1621 5928 1791
164 7822 1783 7884
3270 7522 6264 7834
4638 2992 9961 3012
3465 2603 6291 2661
1335 5100 8634 5318
2867 9331 3777 9890
2607 5810 2684 6652
6363 5810 7191 6632
2304 2356 3409 2877
4638 3203 9833 3292
4859 2356 7635 2603
5944 7835 6713 7943
8862 4024 9483 7650
7193 9712 9688 9878
1556 2232 2211 3704
164 8105 2586 8228
2211 2992 4638 3687
164 8407 5306 8436
698 4167 1335 4463
164 8228 9483 8407
5928 1621 9902 1791
2667 832 3328 1263
5379 8407 6698 9680
2171 7088 2426 7861
0 9899 7946 10000
7287 3448 9483 3704
4479 869 5057 1192
3828 4167 4332 4898
3314 4067 8634 4167
3314 4024 8634 4067
6905 835 7637 1497
1905 9462 2497 9899
6603 400 6905 459
164 5810 2600 6947
6985 4167 8634 5100
3409 2603 3465 2992
3877 5318 6600 5436
2607 7130 3204 8047
698 5789 7191 5810
5997 7411 8720 7482
9483 3448 9824 9701
4638 3292 7287 3599
6091 3 9745 81
2684 6632 8720 6652
7768 7482 8445 7961
3074 5844 6363 6194
7287 3292 9833 3448
698 5739 7191 5789
1335 4697 3136 4805
698 630 1103 4167
5589 0 6091 1536
8950 7650 9005 8191
785 4463 1335 5674
164 9334 1456 9362
164 9362 1389 9859
204 4479 698 5548
3794 3704 9483 4024
2586 8105 8526 8212
1556 2041 8912 2232
4332 4167 5394 5100
2554 4898 3915 5098
2211 3687 7287 3704
7681 8407 9482 9711
1556 1536 9902 1621
700 4463 785 5631
