6503 2141 9269 2588
4369 5990 6150 8109
9851 5166 10000 9298
1023 2177 4692 2353
6582 0 7801 1384
0 510 3633 1458
6503 2597 7032 3906
6367 4392 8997 5102
7094 3247 9159 3956
6367 5166 9851 5441
15 2003 317 4002
5491 1761 6503 4002
8057 0 9634 1280
6503 1761 9634 2141
9634 0 10000 5166
6367 7150 8263 8367
6320 8455 8254 8541
2333 8129 3626 8461
8057 1280 9634 1761
4085 8541 7875 9287
1165 8118 2333 8474
2919 2353 4692 3954
3633 510 3739 1458
3659 6319 4368 7359
7036 2597 8721 3202
698 5239 6231 5990
698 8474 2271 9937
0 4002 9634 4392
6320 4392 6367 8455
1645 4557 6236 5239
1165 8032 3696 8112
1023 3954 4600 3996
3739 510 6412 1458
0 4466 6236 4557
6236 4392 6320 8118
554 5239 698 7452
0 4392 6236 4466
9276 2141 9634 4000
0 0 6412 510
4085 8118 6319 8540
6412 0 6582 1458
6367 5441 8738 7150
162 4557 1645 5045
3506 1761 4692 2177
4692 1761 5229 3954
8265 8792 8729 8860
2909 9298 9444 9962
317 1761 1023 4002
5229 1761 5491 3954
8738 5441 9851 9298
698 7390 1138 7473
1360 1808 3506 2177
1023 2353 2919 3954
0 1458 8057 1761
