357 5676 10000 5774
7435 5352 8145 5654
3461 2016 7236 2305
2101 6550 2599 6883
5154 7553 10000 7733
0 5067 357 10000
6300 8336 8121 8342
4060 9659 4180 9825
3212 4531 3899 4739
5590 2580 6263 2683
2262 9895 3731 9941
142 3683 1279 5041
2156 9362 2506 9692
142 2740 1813 3683
5869 150 6107 283
399 6207 1036 6849
399 7774 2758 8376
735 1084 7674 1216
2740 6521 4031 7312
3852 3915 5478 4327
8649 5801 9956 5889
2811 7949 6300 8027
6107 150 8386 309
2035 9016 2497 9303
6140 8869 8809 8946
735 1729 3814 1754
0 2016 142 5041
735 662 10000 705
4171 2556 4270 3785
1354 7046 2031 7236
0 0 366 2016
142 2556 2515 2699
399 8583 4954 8824
4737 309 8386 492
5154 7363 9591 7553
735 0 10000 68
2926 7790 3919 7911
357 5067 1740 5676
2317 2740 3082 3429
7674 827 10000 1216
8679 2476 8867 4748
8149 4343 8560 4580
8517 2151 9456 2305
1813 4853 9438 4927
8095 8949 9172 9954
4031 6521 8561 6828
735 1407 3814 1729
4171 3904 8139 3915
6032 1490 7822 1754
3318 5352 4664 5571
1185 7363 5154 7733
5080 7067 9591 7318
4031 7320 8795 7363
357 5801 399 10000
1740 5067 9438 5352
2512 9693 3027 9871
501 2458 7469 2476
735 1216 3359 1407
735 705 10000 745
735 1833 7236 2016
501 2345 7469 2458
2303 3847 2950 4004
9591 6521 10000 7553
735 372 4715 491
9438 2345 10000 5352
8386 150 10000 530
7469 2345 9438 2476
4171 3791 8433 3896
2758 7949 2811 8274
8429 5801 8641 6198
7822 1490 9456 1754
2811 8027 6300 8274
2035 9693 2511 9895
3778 2556 3852 4327
3919 7774 8687 7949
3778 4327 5478 4531
5478 3916 8603 4161
3852 2556 4171 3915
357 5774 10000 5776
5080 6829 9588 7067
4171 6368 9610 6421
1036 6207 1185 6849
399 6849 1185 7774
1279 4961 6233 5011
2870 6450 8406 6521
5478 4161 8679 4210
4270 2556 4862 3791
142 2476 8679 2556
4954 8583 6300 8840
501 2305 9456 2345
2545 8824 3770 9357
3082 2556 3778 4531
5478 4210 8679 4343
399 5935 8429 6207
1387 5825 6534 5935
6300 7949 8602 8320
399 8376 6300 8583
501 2016 3461 2135
735 827 7674 949
735 606 10000 662
735 530 10000 606
735 1754 9456 1833
2264 4531 3212 4853
8649 5899 9862 6177
3830 8849 4605 9651
858 151 4737 347
5940 1216 9456 1490
3814 1407 5826 1488
4031 7010 4942 7135
366 0 735 2016
735 492 8088 501
735 1026 7674 1084
735 949 7674 1026
729 8824 804 9683
8687 7774 10000 8342
1185 6207 8311 6357
357 5776 10000 5801
0 5041 9438 5067
2758 8274 6104 8362
142 2016 501 2476
8517 1833 9456 2151
735 745 10000 827
8867 2476 9438 4748
7197 2858 7405 3727
1279 3683 1813 4961
1813 2740 2264 4844
3212 4748 9235 4839
3359 1216 5940 1407
501 2135 3461 2305
4954 8840 5566 9941
1185 6376 3666 6415
1185 7733 10000 7774
6300 8342 10000 8840
735 68 10000 150
804 8824 2035 10000
6494 4343 7748 4738
9456 1216 10000 2345
3814 1490 6032 1754
7236 1833 8517 2305
3275 4927 9158 4960
735 501 8386 530
8145 5352 10000 5676
