9109 1047 9223 5437
4148 8962 6481 9569
7350 2473 7573 7321
6790 2473 7350 2710
7683 9067 9356 9617
7112 9111 7683 9617
0 2838 327 7248
2463 440 2527 1399
7820 2654 9061 2667
7112 8962 7683 9111
2240 408 8913 440
8648 4853 9108 5428
9343 6407 9550 6768
9602 5241 9861 7277
910 6184 6221 6360
7683 8802 9356 9067
6790 440 7210 2473
7820 4288 8866 4834
8362 9617 9356 9992
4433 1400 5692 1919
392 7450 9813 7482
267 2818 7350 2838
2889 3375 3309 4036
7795 2473 7820 7421
586 7562 656 10000
2639 3066 2848 4437
2351 440 2463 1935
9602 184 9867 5241
4546 1935 6419 2177
9681 7482 9986 9641
6419 1400 6477 2172
2119 184 9602 240
327 2998 2868 3066
2240 440 2351 1935
8197 1047 9109 1604
1893 6360 3790 6474
9087 7846 9681 8802
1990 4610 3919 5939
6609 4576 6702 6360
464 4695 497 6302
656 7562 811 10000
1884 1559 2119 1631
6087 8018 8073 8231
586 7482 9681 7562
3837 8908 7683 8962
108 729 267 1322
1811 9947 4148 9992
4148 9617 8362 9992
3919 4576 4905 5939
267 2620 6477 2710
267 120 718 2620
3110 8000 3837 9947
296 7450 392 10000
3919 4540 6970 4576
7820 5345 8648 7450
929 7775 5296 7846
2113 3066 2590 4541
837 7846 1811 9992
9091 2029 9109 2493
8648 5437 9343 7450
327 7054 2426 7192
5839 8231 7683 8516
6875 6652 7260 6872
267 2710 7350 2818
6970 2838 7337 4541
3970 2145 4546 2616
915 6360 1893 6860
497 3764 910 7054
9223 4459 9548 5436
5839 8516 7683 8908
1976 2145 2674 2541
718 124 9425 184
3309 3389 3942 3901
5278 720 6790 1211
3790 6523 3842 6860
3919 4036 6573 4540
327 7192 6875 7248
9867 184 9889 7472
4044 8000 5839 8840
2868 3822 2885 4252
3842 6652 5730 6851
3309 3901 6573 4036
3893 720 5278 1211
115 7248 5191 7321
327 3066 2113 3764
811 9992 9356 10000
1893 6474 3790 6860
0 0 8962 106
392 7482 586 10000
718 1036 1884 1765
6925 8995 7112 9617
3110 7854 8989 8000
3942 3375 6362 3900
7573 2473 7795 6876
2527 1356 6790 1400
2426 7054 6875 7192
910 6860 6875 7054
6221 4576 6609 6360
3837 8962 4148 9947
8328 640 8347 1047
2119 387 2240 2145
8153 8000 9076 8230
3776 553 6137 720
6702 4576 7350 6523
9555 387 9602 4751
718 1765 1884 2620
3893 1211 6148 1290
9356 8802 9681 10000
4546 2374 6459 2387
4546 2177 6477 2374
2889 2998 3516 3375
4905 4576 6221 6184
3790 6360 6702 6523
2119 240 9572 387
6477 1400 6790 2710
811 7846 837 9992
910 4610 1990 5939
2326 2871 2348 2998
910 5939 4905 6184
2240 1935 4497 2145
208 7450 296 9906
7820 4928 8609 5345
9223 1047 9459 3636
3842 6523 7350 6652
115 7906 204 9091
1811 8383 2868 9157
0 7248 114 9814
7210 440 7979 1928
0 107 9905 120
7683 8231 9087 8802
718 184 2119 1036
910 3764 2113 4610
4032 2998 5211 3314
115 7321 3307 7437
6573 3375 6904 4304
2527 720 3829 1309
2889 4036 3911 4605
8272 1604 9088 2421
9893 780 9994 7109
7588 6876 7759 7229
