7075 7652 8615 8074
1071 1548 4547 1944
0 0 1729 544
6048 3895 9646 4040
5661 5718 9498 6045
12 544 124 9279
1071 929 10000 957
7613 137 9995 285
4247 5071 5661 5878
3222 3982 3307 9700
4547 1869 5908 1978
773 9855 8825 9994
9779 7538 9954 8091
1146 8619 2208 8778
2003 2352 2770 2683
3936 4477 9646 4823
6316 2262 7905 3113
7613 285 9997 804
2448 5458 2804 8445
3936 7299 4566 9700
3823 2885 3936 9700
5311 6815 8826 6904
5311 6045 6679 6815
1071 1158 9574 1269
7405 4823 9646 5718
4566 7299 7075 7468
2277 5723 2430 6904
4327 3629 5776 4477
8615 9011 8761 9336
1146 5458 2143 6134
1729 0 2823 544
1071 1396 9170 1496
1146 4754 2825 5458
1071 1509 8439 1548
895 9700 2215 9855
124 647 870 3982
6007 0 7613 929
1146 3982 3222 4754
3936 6904 8826 7026
5095 8074 8610 8335
3943 6045 5311 6445
9498 5718 9779 9228
4566 7468 5095 9855
2884 4754 3204 9397
8464 1869 9774 3628
9646 3629 9779 5718
5661 4823 7405 5718
124 544 6007 647
2825 4754 2884 8808
8615 7652 8803 7883
2003 3304 3621 3972
4456 1957 4541 2222
870 929 1071 3982
6048 4040 9646 4477
5095 9521 9128 9849
870 744 6007 929
1071 1269 9735 1391
3936 5883 5500 5998
2823 207 6007 544
8826 6045 9450 8491
4547 2262 6316 3144
124 3982 471 8620
895 8828 1975 9454
2003 2885 3408 3218
6679 6045 8826 6815
3307 3982 3644 9700
529 3982 772 8485
1071 957 10000 1152
7613 823 9333 926
5776 3629 6048 4477
802 3982 895 8268
1177 2352 2003 3982
1758 1152 6512 1158
3936 1944 4324 4221
6048 3629 9646 3895
4476 6518 5291 6897
870 647 6007 744
7613 13 9780 131
1177 1944 3936 2352
922 3982 1146 8183
895 9454 3166 9696
5095 7468 7075 8074
7075 7026 8826 7652
6066 8336 8482 9245
4547 3144 8065 3629
1071 1944 1177 3982
2823 0 6007 207
8065 1869 8450 3612
5095 9336 9429 9516
3644 3304 3823 9700
3936 7026 7075 7299
4547 1548 9757 1866
