614 65 2303 235
4178 3746 6737 4242
175 5759 662 6992
524 5474 1250 5759
2162 1589 3887 2353
1487 5098 3297 5560
5361 2378 6541 3055
2315 5560 2705 7061
837 908 7577 985
8811 1698 9056 4749
680 8444 5970 8557
7564 9641 10000 10000
9609 8462 9898 9366
7761 738 7776 4228
4237 1589 5284 2339
8811 7575 9259 7890
1227 5759 1250 7061
6892 3746 6959 4989
8479 5572 8689 7999
7657 3788 7761 8557
5221 5418 6095 5812
4012 5023 4285 7257
9742 5011 9841 5971
9012 5011 9489 6000
3926 1589 4237 3746
8966 618 9219 1681
2452 8557 2980 9201
6610 1377 6659 1996
7449 1923 7573 8556
7284 2659 7379 8557
0 9201 5699 9238
7577 904 7656 8086
3129 639 7248 738
447 7698 680 8557
7825 8299 8177 8557
3310 9474 9948 9641
7379 985 7449 8478
7838 2176 8145 5582
163 7061 3961 7116
1487 5560 2088 7061
524 1842 774 4989
7838 6668 8092 7259
5708 3055 6305 3337
144 7257 4528 7479
5970 7657 7284 8557
447 8557 2452 9201
5303 7136 5578 7686
5853 5129 6905 5418
1168 2459 3926 2548
614 419 9841 618
5284 985 6061 1983
4376 5023 4528 7257
5578 6954 5970 8444
1534 9474 2243 9916
8811 6149 9259 7575
5025 3135 5284 3746
8696 1698 8811 9366
3602 5023 3961 5749
0 1842 144 9201
3310 9641 7564 10000
4989 5418 5001 7117
721 904 837 1842
4237 2339 5284 3035
6959 3746 7284 6954
144 7479 447 9201
2303 65 10000 121
5699 8918 8696 9366
9832 3276 9840 3829
4237 3135 5025 3746
7220 985 7352 1955
2391 3795 3281 4337
4528 5418 4989 7479
3295 3795 3478 4729
8318 5375 8437 7614
9056 3335 9114 4567
1250 4989 4521 5023
5284 2018 6541 2278
614 618 721 1842
447 7479 4989 7698
7776 738 7838 7220
5699 8557 8696 8918
9489 4232 9556 4621
3590 3795 3926 4856
2980 8557 5699 9201
144 1842 163 7074
9259 6149 9732 7721
614 235 10000 419
9128 2985 9830 3778
3742 6178 3825 7061
4285 5023 4376 7257
1168 1842 2162 2459
0 9366 9194 9452
5361 3361 6823 3738
721 740 7550 793
9841 419 9898 7890
2088 5560 2315 7061
8811 7890 9898 8462
6095 5418 6959 6954
2303 121 10000 235
662 5759 1227 7061
9056 1698 9832 2985
1250 5023 1487 7061
680 8300 3481 8352
1168 2548 2391 3699
2705 5560 3602 7061
517 9238 5202 9315
5361 2278 6541 2378
8177 1698 8449 5375
6737 3746 6892 4989
3926 4242 4945 4904
614 0 10000 65
837 904 7016 908
3963 3785 4178 3936
680 7698 4989 8300
837 985 2162 1842
2767 4904 4496 4989
1168 3699 2391 4904
721 793 7657 904
5970 6954 7284 7657
7802 7288 7983 7853
7657 2471 7747 3348
6188 4242 6327 4985
6541 2659 7284 3361
8811 4749 9841 5011
8449 1698 8696 5572
5215 7695 5577 8407
2162 985 5284 1589
9898 419 10000 9366
9366 618 9841 1537
144 7116 4012 7257
8811 8462 9562 9324
5344 6753 6069 6954
4237 3035 5284 3135
3961 5023 4012 7116
8177 618 8966 1698
787 5088 1088 5474
774 1842 1168 4904
2391 2548 3926 3795
0 0 614 1842
169 1842 524 5593
5284 2278 5361 3746
6676 989 7220 2659
