8122 4864 9993 5000
8734 3149 9114 3928
9114 2611 10000 3928
4929 1453 6659 2373
3529 8521 4394 9272
3529 7912 5107 8521
6907 2611 8470 2889
1046 8879 1645 9694
0 0 108 10000
7977 5887 9482 7597
4611 1340 4728 7912
7736 3149 8122 5000
1471 2242 1730 2796
5379 7494 6196 9328
9482 5887 9982 7465
4728 1340 4929 7912
6087 5295 6196 7494
880 53 1211 120
6196 7597 7044 8915
1290 4346 1771 8809
6208 443 6651 1340
7044 8447 8667 8889
1896 1340 4611 2242
108 0 317 10000
5955 6194 6087 7366
6087 4728 7674 4981
1771 4346 3269 6329
1751 443 3654 640
7205 5295 7977 7597
5107 3002 5320 8521
7867 9328 8680 9984
7977 5000 10000 5771
7977 5771 10000 5887
5379 3002 5920 7494
848 2242 978 9837
6651 443 9578 1340
7967 7725 8725 7899
4929 2373 6670 3002
673 0 848 9837
6670 1340 10000 1856
5139 655 6208 1231
1530 3247 2738 3768
3841 4346 4611 7244
317 9837 2419 9938
8122 3928 9999 4862
317 0 673 9837
5920 3002 9114 3149
2025 9328 7509 9800
8725 7597 10000 10000
9578 443 9953 1224
1771 6329 2025 8879
8122 3149 8734 3928
6087 5000 7977 5295
2025 6329 3841 7244
848 1340 1888 2234
978 3768 4611 4346
5920 3149 7736 4728
2025 7912 3529 9328
6670 1856 10000 2611
1211 0 10000 443
5320 3002 5379 8521
2207 2242 4611 3225
4929 3002 5107 7912
3269 4346 3824 6148
7044 7597 7895 8340
6196 5295 7205 7597
2025 7244 4611 7912
6196 8915 8725 9328
