5497 3929 6164 4168
7767 8106 10000 8907
2802 4980 2937 7958
2854 3752 3274 4846
7722 9688 9777 9882
6503 2958 6997 4873
2066 1869 2780 7089
4624 6220 6317 6870
4093 2961 5429 3520
7115 1645 7344 9882
3514 8991 6860 9025
6488 7772 6899 8982
9412 4272 9598 4621
1795 1645 7064 1869
2780 9203 6031 9420
2780 2848 3261 3752
9061 1676 9733 4055
3893 4214 4440 4669
1951 5182 2066 9661
6402 6220 7064 7107
0 7031 375 9661
3932 9661 7115 9882
3893 7772 5417 8931
8208 2692 8545 2958
2780 9083 5947 9191
4624 6111 7060 6220
4121 2025 5167 2816
3514 2816 5421 2955
8870 894 9733 1676
1951 1869 2048 4895
7344 3566 7722 9882
7344 2217 7688 3566
5168 304 6237 450
1098 0 1162 9661
9055 1676 9061 5429
5848 7772 6463 8373
1630 1645 1795 7504
4842 3520 5497 5547
7731 1660 7767 4086
417 2313 701 5416
2780 9441 6977 9622
9780 450 9981 7361
8668 2958 8870 6576
375 7031 1098 9661
7767 894 8840 2672
8870 1676 9055 7891
0 5423 754 7031
4624 7297 4974 7698
1278 672 9733 800
4842 5559 7061 6111
2828 11 6086 301
2942 6713 3381 6717
1536 1645 1630 9661
3860 1526 7767 1636
3600 6718 3710 8189
7767 6576 8870 7891
9733 6641 9762 7891
6433 13 8208 428
3318 2816 3504 4869
9061 4272 9412 7563
7065 1645 7115 9661
9055 7563 9392 7711
3575 2958 3893 6656
1795 1869 1951 9661
0 9882 10000 10000
2066 7089 2780 9661
3860 894 7767 1526
8208 2958 8668 6576
0 9661 3932 9882
5670 2958 6503 3520
7722 8907 9777 9688
7767 6156 8196 6576
9061 4055 9733 4272
0 2313 417 5423
1812 894 3860 1596
9777 8907 9998 9882
3893 4669 4624 7772
1630 7504 1795 9661
1311 1061 1420 9400
4624 3520 4834 6045
0 73 747 2313
7064 1971 7065 8653
1420 1636 1536 9661
1162 450 9780 672
6899 7772 7064 9439
1420 800 9733 894
4624 7109 6456 7297
7767 7891 10000 8106
8196 3537 8206 5674
754 3835 1079 6677
7767 2748 8190 6046
1536 1636 7767 1645
1162 672 1278 9661
