4812 8426 8187 8731
6439 3688 8684 4174
728 1303 908 5365
1511 4337 7807 4572
1226 2400 8686 2696
2170 6745 5416 7222
0 247 183 9246
1225 1465 1226 3564
1226 1465 3845 1731
9202 3631 10000 5318
0 9246 3030 9358
4999 2131 8345 2400
2170 6409 5615 6745
6304 2696 6439 4177
8666 512 9067 1300
2355 2956 6064 3239
9613 0 9930 1809
1835 7407 8880 7542
510 7809 9370 8029
510 8337 9203 8388
4169 7597 9268 7687
6439 2696 8686 3688
2723 5034 8017 5346
1511 2696 6304 2956
439 995 510 8273
8141 4337 8686 7243
9383 5397 9688 8042
1226 1748 3523 2049
5303 512 8639 1303
510 1303 728 7809
0 173 9168 216
1226 2049 4801 2381
9168 173 9202 7349
9300 5318 9367 6489
510 8029 9370 8285
728 5365 1829 7407
4812 9396 5309 10000
2355 4244 8686 4337
1839 1385 3996 1439
5309 9396 10000 10000
4267 1546 4973 2025
1056 1465 1225 5034
4812 8742 8271 8769
728 7612 2270 7768
1226 2696 1511 4614
275 891 423 7202
1056 1303 9168 1385
9688 5318 9974 8231
1511 2956 2299 4242
1829 5597 2126 5751
0 9358 4812 9797
1829 5365 7919 5381
4191 4614 8139 4812
4812 8769 10000 9211
2355 4177 8638 4244
8686 2129 9168 7407
7062 5381 8141 7243
4812 9211 10000 9396
0 0 9613 173
5303 247 9072 455
0 9797 3702 9982
183 891 275 9246
9202 173 9613 3631
510 891 5303 1303
4191 4817 7994 5024
2162 7243 7663 7399
3851 5644 6760 6269
1692 4688 3660 5019
2170 6269 7062 6409
0 216 9168 247
3030 8388 4812 9358
4999 1385 9168 2129
908 1303 1056 5365
275 8388 3030 9246
183 247 5303 891
5615 6409 7062 7243
