1899 1243 1994 4554
771 2929 882 6129
3565 2968 5568 3005
7540 8354 7769 9402
9473 8627 9767 9538
8322 4046 9473 5267
1397 3116 1604 4478
1122 6129 1607 8321
0 645 3410 1090
5545 115 10000 644
3085 3015 3147 6781
321 1872 882 2929
3565 1014 3937 2890
855 6129 964 8321
3240 9049 4759 9127
1899 4762 2246 8624
605 2929 771 10000
1899 4554 3083 4762
2246 7427 5287 8524
3155 3015 3184 5229
771 6129 855 8624
0 7722 605 10000
4056 5554 6728 6029
8447 7072 9135 8354
5287 7427 6557 8638
771 9431 2270 10000
771 8804 6765 9048
1607 1243 1899 8624
0 1090 3565 1243
3147 6526 5824 6809
5515 3950 9860 4046
8859 1247 9860 3216
1994 3015 3064 4460
1994 1243 3565 3015
6891 9384 7406 9437
6890 6771 7239 9384
8447 5267 9473 5375
3184 3692 7085 3744
7992 1711 8236 2087
6765 5477 6888 9634
5452 3015 8128 3683
964 6129 1122 8315
3184 3015 5372 3321
7406 5477 7920 8354
3240 9127 6731 9944
7209 5194 7714 5477
9860 1247 10000 9665
5141 644 10000 927
9135 5375 9473 9665
2552 8524 4418 8609
6604 6038 6765 8804
6765 9665 10000 10000
5077 1014 10000 1247
0 1243 321 7668
771 8624 5287 8804
2270 9048 2332 9977
6890 9437 8975 9665
3184 3744 4043 5913
4714 3744 4755 3887
7920 4046 8322 7930
9702 3245 9705 3775
321 2929 605 7668
8128 2550 8276 3682
4056 3950 5515 5178
882 1931 1183 6129
2246 4853 3083 6916
4056 5178 5302 5554
1009 277 1836 313
4010 3321 5452 3682
5077 2550 8090 2868
1183 1931 1397 6129
971 1338 1503 1931
7920 7930 8447 8354
3129 6967 3378 7336
3160 6809 3671 6966
5515 4046 7859 5155
771 9048 2270 9431
9473 4046 9860 8627
5779 5178 6613 5521
0 7668 601 7722
8276 1247 8859 3744
3671 6809 5824 6967
5077 1290 6458 1433
321 1243 882 1872
3949 1014 5077 2919
3184 6038 5824 6526
8447 5375 9135 7072
8322 5267 8447 7930
4020 663 5141 927
5824 6038 6339 7113
6565 1711 7989 2469
0 0 10000 115
855 8321 1182 8551
4755 3744 8859 3950
3378 6967 5824 7427
1836 115 5545 644
3565 927 10000 1014
