3051 6132 6718 6663
3174 1468 3615 4952
118 151 916 582
2190 2325 2548 8433
7926 3970 7975 4245
3672 1502 3750 4843
4006 2132 4366 2450
0 3208 619 3570
2198 8676 3237 8684
1128 1468 1452 8749
250 3570 688 9668
4366 2134 9894 2486
0 881 8125 993
3051 5350 9048 6132
3750 3914 6943 5271
2679 7376 6798 8376
3750 1294 8873 1573
8125 0 8873 993
1005 1184 1128 8749
3051 1468 3174 5172
2190 8433 9440 8509
0 1184 544 1779
7437 7194 9048 8433
0 639 8125 881
7986 3970 9776 4279
3750 2892 5260 3417
1128 1184 8873 1294
6718 6132 8505 6691
0 993 8873 1184
9048 5350 9781 8433
2548 2325 2679 8433
0 3570 250 9668
688 5577 916 8749
2679 7280 5498 7376
5217 9668 8615 9961
3884 1573 5107 1640
916 151 7814 240
2679 7119 9019 7194
7653 3423 9620 3969
2700 1980 3051 4816
916 1815 1005 8749
8873 0 9998 1500
2679 8400 6382 8433
5589 8926 6734 9569
1463 1468 2943 1950
9908 2132 9999 9534
1463 2186 2510 2325
883 9668 2217 9865
5107 1573 10000 1956
6801 7376 7437 8380
0 0 8125 151
1128 1302 3707 1468
7814 151 8103 537
3750 3423 6943 3914
1463 8509 9440 8676
1072 8749 7449 8915
2679 6663 6718 7119
9440 8433 9781 9668
3051 5271 9772 5350
1463 2325 2190 8509
6943 3423 7653 5271
5293 2892 9781 3423
7653 4279 9781 5271
3750 2486 9781 2892
916 240 7814 639
3750 1956 9708 2132
688 1896 915 5577
1454 1468 1463 4220
9781 2486 9878 4437
