1583 9384 4169 9810
6005 1091 6428 5741
6562 7795 9706 8508
2519 8614 3021 9384
7866 4245 8186 7124
2178 1110 3594 1450
3049 7114 4169 9384
8186 4147 8625 7124
8772 617 10000 3952
9706 3952 10000 8852
6766 7034 7467 7124
6928 982 7753 2965
4893 7806 6562 7986
2266 1828 2515 4413
6562 982 6766 7795
2929 3342 2996 8614
8186 3952 9706 4147
4237 982 5474 2900
8945 4147 9706 7124
154 4702 2173 4931
6766 982 6928 4129
1075 1110 1433 4300
154 6207 341 9810
341 6763 2178 7697
341 6323 2178 6763
4893 2900 5137 7806
1373 7697 2176 9383
4169 1110 4237 9810
6766 4129 8186 4245
53 4300 154 9648
4893 8428 6562 8933
5137 2900 5474 7806
341 7875 1200 8707
4237 9293 10000 9810
3021 1643 3152 6610
5474 982 6005 7053
5186 0 5833 864
6766 7124 9706 7795
6562 8852 10000 8933
1433 1110 1968 3375
4893 7986 6562 8428
0 0 4237 1110
6340 617 7236 981
341 9384 1583 9810
154 4931 945 6140
0 1110 1075 4300
8186 982 8772 3952
3278 1450 3594 7114
3021 7114 3049 9384
341 6218 436 6323
2178 4413 2519 9384
460 7697 717 7802
4237 2900 4893 9293
6432 1633 6544 3324
4893 8933 10000 9293
6005 5741 6363 7053
7554 6725 7866 7124
8625 4147 8945 7124
4237 0 5186 982
6766 4245 7854 4405
6363 5741 6562 7053
3752 1110 4169 7114
6562 8508 9706 8852
154 4300 2178 4702
154 9810 10000 10000
7629 40 8033 617
3594 3727 3722 4256
7590 671 7751 982
2519 1450 2904 7513
5474 7053 6562 7806
