3942 8696 9316 8906
5045 8320 7119 8696
4458 1480 7531 1563
1224 5368 2732 5581
5045 8055 8226 8320
1987 6223 9092 6408
7898 1245 7915 3499
9850 5558 10000 9410
21 1595 234 4017
1987 6408 9130 6612
9092 393 9130 6408
687 2694 2230 2940
0 1247 7793 1480
0 1480 4458 1595
3942 8226 4472 8690
3947 5364 7561 6223
7119 8325 8573 8440
6083 6767 8226 6822
7158 284 9099 391
3947 3466 4897 5364
0 1135 8173 1179
6499 1623 7596 3277
8551 393 8561 1983
1987 5581 3947 6223
8640 393 8807 6223
687 1623 3670 2694
2230 2694 6493 2928
3942 7201 6892 7418
2076 7201 3200 9252
9130 393 9316 8440
5066 250 5680 393
947 6756 1836 8560
0 9926 5289 10000
337 6612 947 8501
3996 393 8042 804
9601 393 9850 7232
3238 7201 3530 7997
2099 3277 5418 3466
3670 2462 6499 2694
7806 5364 8429 5587
9885 0 9998 5428
2076 9410 2470 9532
4897 3466 5418 5364
2099 3466 3947 4712
4449 7054 5976 7201
1224 4712 2732 5368
5418 3499 7915 5364
8807 393 8909 6223
3670 1623 6499 2462
8226 6682 8664 8320
1836 7201 2076 9592
3942 7418 5045 8226
8909 393 9092 6223
2521 9410 10000 9592
234 2940 6499 3060
1654 3277 2099 4692
470 5581 1987 6407
3530 8906 9668 9256
2732 4712 3947 5581
9850 740 9883 5307
9316 393 9601 7232
8173 393 8462 1084
687 1595 7898 1623
5289 9846 10000 10000
9457 7232 9648 8229
5418 3277 7596 3499
6892 7201 8208 7992
7119 8440 9316 8696
1549 804 8173 1135
8562 393 8640 6223
286 3277 1224 5062
5045 7418 6892 8055
1836 9592 10000 9635
947 6684 8061 6756
234 3060 6499 3277
947 6612 9130 6682
3224 9856 3773 9926
38 403 3873 804
0 1179 7662 1231
1836 9635 10000 9846
2076 9256 9668 9410
8664 6682 9130 8320
7561 5364 7806 6223
0 0 7309 171
7915 1179 8551 5364
0 8560 1803 9878
234 1595 687 2940
7596 1623 7898 3499
3530 7201 3942 8906
9668 7232 9850 9410
195 804 1549 1133
