1039 5578 4728 5837
2647 5539 8145 5578
4249 1724 5745 3259
2377 6136 2599 6883
6188 7515 7731 8130
41 143 187 9512
7155 8324 7762 8342
4179 9739 5990 9750
3000 4570 3303 5028
6160 2462 6263 3135
0 9895 6143 9906
1039 2344 1422 4477
292 9477 3592 9512
414 2344 779 5935
2590 213 6107 222
414 5935 1143 6414
414 7297 2693 8026
4249 841 5745 1724
2693 6883 4033 7621
2949 4004 4296 4375
9688 1036 9709 6513
2513 8026 3854 8235
6107 143 8449 294
1469 9079 2048 9308
6112 6657 6188 9353
1491 1624 2165 1738
0 68 41 9895
763 143 1422 672
4199 841 4249 3259
1371 7046 2048 7236
187 143 292 9512
1422 143 1491 4477
414 8583 5675 8801
8151 401 8339 4980
7975 6521 8415 8274
0 0 10000 68
3854 7621 4033 8274
292 2344 414 9353
2949 2892 3534 3793
8449 1036 9597 1987
8449 2317 8941 3170
8339 4475 8445 5394
8449 1987 8917 2305
4544 4570 6222 4910
292 9353 9841 9466
6408 6521 7830 7499
2470 1293 2949 4375
4899 3914 5914 3957
6774 719 6950 5028
1039 5410 5077 5483
4223 6657 5427 7708
8449 3170 8652 8274
7857 6521 7975 8257
41 9647 1981 9738
2165 5073 8339 5410
1623 9754 2513 9857
6293 2462 6354 4570
2949 1293 3494 2307
6138 719 6354 2462
6950 490 7469 2858
1491 1738 1975 4477
2949 3833 3543 4004
8978 7351 9597 8037
2470 401 7546 490
9208 1987 9597 6217
8449 143 9922 1036
7469 490 7546 3965
4026 3720 6293 3914
2693 7802 2778 8005
8415 5837 8449 8274
7822 401 7950 4101
5427 6657 6112 8222
1987 9715 9388 9728
3792 1293 3848 3675
4033 7708 5427 8274
4296 4004 5193 4375
5193 4004 6293 4570
3870 841 4026 3911
4728 5754 5815 5775
8730 6217 9597 7351
6188 6207 6408 7515
1143 5935 1355 6388
414 6524 1370 7297
3303 4958 6774 5028
7022 6237 8406 6521
6950 3965 7497 4257
4199 3259 5745 3720
884 2344 1039 5837
5685 8274 6112 9079
779 2344 884 5935
2539 9079 5130 9331
3000 4375 5193 4570
8339 401 8449 4475
4033 5935 8415 6207
884 5843 7038 5935
6188 8274 7153 9159
414 8274 4653 8580
896 672 1085 2344
1085 672 1422 2344
3870 490 5745 841
2470 490 3870 1293
7546 401 7822 4343
2523 4375 3000 5056
8652 3170 8730 7351
1987 9647 10000 9715
2165 294 8449 401
6354 719 6734 4761
4037 841 4199 1847
4098 6657 4223 7568
364 672 681 2344
6598 490 6950 678
681 672 896 2344
2165 401 2470 2311
292 9466 9495 9473
9597 1036 9688 8274
4033 6207 6188 6657
4728 5775 8449 5837
3000 5028 8339 5073
4749 8274 5685 8583
292 143 364 2344
8941 1987 9208 3170
1491 294 2165 1624
8730 3170 9145 6217
7089 2858 7405 3430
1039 4477 2039 5160
2165 2311 2470 5073
3303 4570 4544 4958
3547 1293 3792 3876
1975 1738 2165 4477
1821 8801 4955 9016
428 6414 1324 6522
9758 1036 9811 7986
7155 8342 9841 9353
41 68 10000 143
41 9512 10000 9647
6963 4343 7748 4974
9922 143 10000 9473
5745 490 6138 2462
7958 401 8140 4324
9145 3170 9208 6217
364 143 763 672
9841 1036 9922 9473
