3005 8307 3155 8891
1169 7825 1331 8442
0 0 3376 1060
8945 2759 9413 5308
1169 9746 8274 10000
5963 6988 6627 8652
1333 7756 2978 9367
3195 5480 8046 6099
6060 2542 7143 4308
3195 6486 4689 8204
531 1087 4821 1326
1589 6636 3195 7639
1965 2044 2745 5676
8762 6486 9361 6942
531 3058 1437 3156
2924 5537 3183 5716
3195 6103 10000 6486
5227 953 6650 984
1169 5676 2745 6636
9719 2759 9999 6095
7594 1124 9014 2759
3442 5321 8084 5460
1441 2044 1965 5676
3005 9049 4665 9344
1169 9367 4689 9746
3195 8393 4657 8826
429 5676 1169 7586
9554 6486 10000 8658
4542 2044 5130 5321
6060 4308 8945 5308
7143 3576 8577 4308
5719 9470 7468 9707
5130 5308 9719 5321
3947 0 5109 409
8274 8658 10000 10000
0 5676 425 9943
3404 2044 4542 4499
8084 5321 9719 6103
7143 2759 8945 3576
3879 4499 4533 5220
1169 6636 1574 6812
7594 0 9014 1124
2745 2044 3404 5460
5130 1060 7143 2093
6629 8619 9554 8658
531 1446 4571 1605
6822 7589 9250 7840
531 1605 5130 2044
5109 0 7594 953
4689 6488 8530 6988
662 2275 1433 3041
3376 409 5090 950
6610 8658 7151 9220
426 8405 1143 9955
4194 8204 4583 8381
5130 2093 6060 5308
5742 6988 5963 8658
1151 1331 4558 1398
6753 6988 8633 7583
3404 4499 3843 5291
4689 6988 5686 9645
8577 3576 8945 4308
7643 8849 8274 9137
0 3156 1441 5676
9413 3743 9514 4812
7143 953 7594 2759
3376 0 3939 409
9014 0 10000 2759
8276 7840 9554 8619
0 1060 493 3014
6647 7841 8276 8619
6060 2152 7001 2542
4527 5460 6850 5477
