6175 7213 6347 9203
5873 2017 7751 2440
4580 3963 5702 3997
4580 3105 5655 3959
4479 594 6549 1070
9209 2849 9946 3430
6175 9287 7371 9540
3041 3901 3385 4032
7346 2440 7751 3437
4814 219 5338 244
2031 6870 6062 7000
6000 1148 6513 1362
1080 9339 3312 9712
7599 4372 8882 4692
5577 4083 7646 4216
1080 9789 1948 9794
3312 7779 3383 8378
3739 300 4456 451
3739 1644 5295 1656
2034 8413 2114 9242
2114 7258 5329 7779
8743 1696 8939 2525
1117 856 1497 3103
1786 6627 8238 6698
3784 9414 4569 9688
8907 3830 9946 4372
2026 5283 2392 6466
3739 451 4479 890
23 7556 2096 8264
4482 1070 6000 1644
4518 8485 4614 8708
928 4531 1564 5223
927 3103 1497 3891
9267 6811 9724 6883
9138 5280 9633 6535
3000 5283 4482 5493
5803 7779 6050 9458
9435 463 10000 1070
469 4531 702 6870
8136 0 10000 463
4580 3998 5095 4065
4047 3105 4580 4083
2114 8327 3311 9339
1497 3105 4047 3416
3739 903 4368 1052
4906 8774 5023 9542
7142 2440 7346 3099
8882 4589 9924 5280
114 7328 797 7524
269 4531 469 6656
4482 4892 6055 5493
114 6870 2031 7258
9946 2437 10000 4372
202 200 750 2108
199 122 202 1665
9209 1644 9653 2639
1117 200 2665 856
5029 1656 5873 2440
7010 7567 7285 9116
2114 7779 3149 8152
23 4712 249 6859
1948 856 2028 1953
9566 8440 9959 9927
6641 4372 7569 6560
2916 4032 3400 4892
9267 6903 9531 9944
5027 8978 5789 9067
2665 247 2867 1624
8390 5280 8574 6254
3472 6698 9267 6870
3400 3416 4047 4892
23 9794 8354 9963
8585 5280 9138 6535
202 122 5436 200
4012 2440 6588 2823
9566 8139 9961 8432
3789 9061 4425 9173
7362 7567 7755 9190
2392 5283 3000 6466
8238 4696 8847 5220
2046 856 2657 1188
6549 594 8707 1070
9633 5280 9924 6698
1358 9712 4757 9786
703 4531 889 6870
7751 2017 8737 4083
8976 1644 9209 3430
7931 4696 8238 6532
4328 7779 5798 8369
5437 122 5634 584
3980 4892 4474 5277
8372 9794 8668 9947
7809 7567 8611 8406
1786 5283 1989 5496
6062 6870 8653 7177
8907 3430 9946 3830
750 200 1117 2108
2032 9963 3430 10000
1497 2440 4012 2823
6350 8375 6777 8734
2218 1624 3200 2337
2568 6466 3065 6552
5704 3805 7479 3998
1857 6698 2750 6835
5329 7000 6050 7771
927 2108 1117 3103
0 122 19 9963
8882 4372 10000 4589
9653 1644 10000 2437
6062 7213 6175 9512
9924 5446 9970 5490
3000 5561 4127 6376
3572 4892 3980 5269
702 4531 703 6464
1786 6466 2568 6627
8309 5694 8390 6148
23 4344 2237 4531
9653 2437 9946 2849
3559 7779 3776 9356
2568 6560 7686 6617
5634 0 7612 463
8585 6535 9573 6696
23 6870 98 7378
5704 3105 7342 3438
3739 1070 4482 1644
3000 5493 6007 5561
6479 7361 7962 7567
8707 594 9435 1070
6007 5493 6535 6469
9566 7207 9958 8139
8746 6870 9195 8491
9209 2639 9653 2849
1786 5498 2026 6466
6350 7567 6784 8050
6798 7567 7010 9255
7477 1070 8366 1644
5704 3438 7663 3788
5634 463 9435 594
3202 2823 7142 3105
4906 8398 5801 8774
19 3418 588 3962
4047 4254 4426 4358
4479 247 5272 518
3286 247 3739 2241
4396 7000 5277 7105
7425 9568 8650 9790
3803 7779 4328 8146
4428 8738 4706 9303
5553 4252 5836 4356
1497 856 1948 2440
7612 0 8136 463
3422 7000 3592 7253
3286 2241 3739 2440
5873 1644 8731 2017
6055 4372 6641 5493
927 3891 2916 4344
8737 2525 8907 4372
6588 2440 7142 2823
8907 2525 8976 3430
19 4344 23 5492
3744 9478 3772 9711
889 5283 1786 6870
1497 3416 3400 3891
2867 247 3286 1624
8366 1070 10000 1644
7729 4083 8456 4367
0 8 5199 122
6000 1362 7477 1644
8844 9087 9087 9280
262 8655 1080 9060
4796 8369 4904 9236
1564 4531 2237 5283
8632 7213 8701 9532
3739 1656 5029 2440
2237 4344 2916 5283
2916 4892 3572 5283
1497 2823 3202 3105
19 2108 927 3418
4047 4475 5353 4892
7569 4696 7931 6560
