8764 272 9179 1594
3860 8979 6362 9545
6875 4608 7725 5912
7110 2213 7203 3657
8757 9024 9443 10000
7535 9260 7990 9993
0 5266 3064 5735
2177 736 3541 781
8424 2666 8645 2739
7535 9060 7984 9257
3823 191 4060 1092
8648 5010 9316 5406
9283 6407 9490 6768
9337 4608 9998 5406
3054 5735 4176 6546
8300 8687 9443 9024
7203 1998 8424 2765
7759 4608 9328 4972
8300 9024 8757 9895
4809 1437 5692 2177
7759 7450 9321 7643
6214 2818 6380 3672
2857 2631 3064 3976
7767 4983 7820 7317
0 9883 6875 9907
2716 2503 2821 5232
2177 822 3422 1184
7203 3569 9950 4282
6037 1835 7203 2213
9443 8962 10000 10000
6037 1736 6489 1835
4204 191 4863 832
0 2894 1690 3031
2177 1396 3143 1668
8380 272 8763 1597
2775 5735 3054 6546
8300 8290 9443 8687
3064 4574 3834 5735
6701 4705 6863 5735
441 5735 497 6682
0 9907 7030 9962
1677 1595 2147 1631
6875 8166 9443 8290
3860 7113 5787 7494
3860 8853 5553 8976
108 1321 267 1914
0 9974 5906 9992
8300 9895 8757 10000
3834 3901 4399 5735
267 1333 699 2669
0 191 707 1321
3262 7111 3850 9538
296 7536 1179 9444
6701 3900 6876 4541
7820 5406 10000 6393
3860 7732 6510 7849
2036 2998 2673 4062
1179 9683 6875 9883
9093 1998 9109 2520
7820 6768 9203 7450
1994 7111 2246 8324
6582 7852 6875 9683
6875 6469 6946 7662
6037 2213 7110 2818
6380 2818 7110 3674
3682 2503 4546 2817
1892 6546 3454 6859
497 5735 1753 6870
8162 4285 9224 4584
5839 7852 6582 8853
2673 1670 3022 2462
0 120 5687 191
3303 2945 3642 3901
6137 272 7203 1219
3735 6546 3796 6833
4399 4385 5784 5735
0 6870 1179 7199
9867 0 9976 1471
4302 7852 5839 8833
2821 4218 3036 4252
4951 6546 6048 6859
4782 3901 5784 4367
4954 191 5680 1177
1753 6546 1892 8893
0 3031 2036 4062
7994 9071 8296 9999
1892 6859 5917 7103
0 0 4674 120
0 9444 824 9883
707 736 1677 1670
6875 9334 7286 9617
8235 7648 9918 8158
3664 3280 5764 3885
7203 2765 8529 3517
4787 1219 5674 1432
2966 7111 3261 9567
1179 6870 1753 9683
6214 4299 6701 5735
1753 9588 5009 9683
8336 344 8347 1047
2177 1219 3558 1377
7685 7780 8235 8166
5693 272 6137 1160
6048 5735 6875 7732
9601 272 9789 1363
707 1670 2673 2879
2177 1184 6137 1219
9443 8166 10000 8962
3662 2362 5575 2375
5696 1219 6037 2664
3070 2818 3303 3832
5784 2818 6214 5735
4176 5735 4951 6546
5687 8 9837 272
6037 1219 7068 1640
824 9683 1174 9846
1227 4062 2669 5264
2221 2976 2348 2998
1753 5735 2775 6546
4251 1219 4717 2236
130 7536 296 8838
7820 4983 8609 5400
9179 272 9601 1597
5253 5748 5991 6546
119 8847 296 9443
1753 8893 2965 9568
0 7199 119 9444
7203 1047 8380 1998
4674 0 5687 120
6875 8290 8300 9060
707 191 3823 736
0 4062 1227 5266
4263 2887 5211 3280
119 7199 1179 7536
6214 3674 6701 4299
3568 1219 4246 2350
3064 3901 3834 4574
8380 1597 10000 1998
9203 6768 10000 7450
7588 6524 7759 6877
