4824 12 6292 384
2173 4637 2679 6606
7762 807 8642 1498
619 531 832 1610
1713 8092 3241 8485
6785 7895 7223 9914
4053 1134 4734 2613
365 9377 1764 9527
2614 2741 3857 3888
2354 9366 4934 9939
798 8454 1246 8973
6612 3415 9189 3515
5510 3972 7113 4597
4467 2722 4940 3200
3147 4325 3938 6351
0 7895 365 9939
1814 6926 2435 7452
6623 6552 7804 7486
7223 7998 7827 9914
67 239 510 859
6763 996 7762 2604
1749 0 3081 1827
837 8183 946 8403
932 3594 1451 6301
7762 1498 8642 2604
6612 3515 8506 3972
6343 8628 6785 9914
860 1828 1464 3575
2154 1838 2252 2112
365 9258 4518 9366
0 7486 1066 7895
8702 2978 9797 3403
1746 8505 4020 8613
487 6926 1813 7486
0 9939 10000 10000
1571 5737 1737 6128
1713 8689 5711 9249
5510 4597 6016 6419
2614 2289 4030 2547
4932 1276 6313 1450
365 8973 1693 9249
4020 8096 6013 8628
1830 5177 2118 6273
6763 807 7762 996
3340 0 4504 791
4934 9914 8065 9915
6623 6279 7845 6480
3308 2560 3838 2708
5758 1450 6468 3403
4982 3972 5510 6101
7773 5743 9578 6201
3081 1302 4053 2289
9831 1452 9995 3380
4801 3403 6612 3972
7773 4608 9622 5636
2679 4637 3147 7455
3081 1134 3951 1302
7113 3972 10000 4597
0 3594 487 7484
6015 7895 6783 8592
2435 2855 2614 2994
3170 807 6153 1124
4053 2722 4410 3396
8434 8232 9465 8367
4053 3403 4801 6419
487 3594 838 6921
8549 8569 9381 8856
8434 8873 9637 9924
843 6606 2632 6917
4789 1581 4943 1908
1468 3768 1820 5177
2564 6926 2668 7473
8642 807 10000 1452
4934 9249 6343 9914
8642 1452 9831 2604
860 0 1730 1753
4504 384 6527 807
365 8047 5014 8084
6468 2604 7818 3403
8702 2604 9831 2711
7914 6279 9196 7281
7827 7998 8434 9635
365 7895 6015 8047
4943 1450 5758 3403
3147 6419 6016 7486
8702 2711 9792 2934
7818 2604 8702 3403
8506 3515 10000 3972
4801 4333 4897 5995
6016 4597 6623 7486
6468 807 6763 2604
365 9527 2354 9939
7223 7486 9695 7998
9695 4597 10000 9939
0 1610 858 3590
1066 7486 7223 7895
7827 9635 8434 9914
3051 4365 3147 4637
6527 0 10000 807
2173 3898 3980 4305
6623 4597 7773 6279
