8351 464 9713 1436
8052 7591 8476 7923
1208 0 8021 109
789 2620 1248 3972
1029 6877 1268 8271
7580 7274 8094 7564
5083 5444 7232 6289
3925 6333 7308 6567
4590 3041 5271 3313
1786 9210 2712 10000
1099 5391 2157 5769
2157 5391 2669 5900
8393 4198 8838 4736
104 3552 789 6394
7285 3843 8386 4737
8290 280 8351 1373
5994 2404 7200 4075
2444 6877 2812 8512
495 1436 3320 1535
2444 8512 2812 8864
1248 4719 2500 5391
5183 7212 5482 7730
2785 5391 3233 6537
7514 1543 7717 1914
1268 6877 1751 8271
789 3972 1248 5391
9300 7485 9725 8279
7308 6333 9174 6817
4590 2119 4744 3041
8474 1543 9760 2119
2432 534 4331 1041
2712 9210 4031 9991
4232 1447 4998 1807
9981 258 10000 9577
1094 1949 2640 2347
791 1949 1094 2498
5368 1069 5697 1417
0 0 495 1068
7107 280 7751 1405
2663 2865 2800 4435
5710 201 10000 258
789 5391 1099 6394
5359 109 8021 201
1534 8864 1724 8980
3233 6333 3925 6567
4422 8714 8620 8997
2157 5902 2776 6606
7532 5444 8805 5794
4590 3315 5265 3896
5482 7212 6707 7741
9410 4198 9542 6313
4626 8324 6061 8700
4744 2119 5060 3041
767 5 1208 109
3122 4075 3868 4718
9059 9210 9343 9521
2500 4719 3233 5391
1878 2865 2489 3297
703 1308 1572 1411
5710 258 9643 278
4998 1447 7422 1807
8620 7274 8946 9210
1751 6877 2444 8271
8796 2119 9760 3439
9542 4198 9760 6877
3886 4719 4486 5139
6601 9421 6776 9599
495 201 5710 424
4422 7741 6707 8324
6354 4718 7223 5374
7200 3220 8393 3656
3187 1949 3546 2609
3233 4719 3886 6289
6707 7212 7029 8324
5060 2797 5529 2903
8805 5501 9027 5838
7754 280 8287 1380
7323 7591 7662 8714
173 8271 960 8803
8946 7274 9300 8273
3320 1447 4232 1807
2022 4334 2537 4489
8394 2404 8796 4185
5233 1949 8391 2090
7532 5794 8805 6289
104 6846 1029 8271
495 109 5359 201
2465 1095 5368 1397
9066 4316 9390 6333
8094 7274 8609 7591
3425 7212 4159 8864
7422 1447 9760 1543
6547 280 7096 1404
8052 7925 8565 8589
7662 7591 8036 8312
3546 1949 4590 4075
1029 6846 9542 6877
104 6394 2157 6846
2548 8997 8500 9196
5633 2119 5931 2666
3233 6567 7308 6846
5277 3041 5994 4075
8796 3439 9760 4198
495 1535 3320 1898
3320 1807 7422 1949
3868 4075 6563 4718
495 424 2011 1108
8021 0 9507 146
1248 2845 1689 3762
1248 4329 1851 4514
7717 1543 8474 1949
5994 2119 8743 2396
2812 6877 5759 7212
104 8859 756 9838
2011 424 2432 1436
1878 2355 2791 2857
960 8271 2423 8841
4159 7212 4422 8864
5710 280 6251 1183
7285 4737 9066 5444
368 1068 456 1241
7204 3656 7285 4548
4517 4788 5083 5497
7323 6877 9760 7274
6563 4132 7021 4492
0 2620 104 10000
5870 9286 8441 9421
7386 2735 7887 3085
1094 2391 1711 2620
8611 8144 8616 8561
2939 2355 3122 3361
0 1068 368 1949
1099 5769 2157 6394
7200 2404 8328 2735
2432 424 5273 534
3886 5139 4486 6289
2650 4718 6206 4719
5806 6877 7029 7204
3320 1436 9760 1447
960 9210 1786 10000
7029 6877 7323 8714
368 1898 3302 1942
123 3244 785 3552
7662 8337 8025 8708
3233 6289 8787 6333
4139 9624 4818 9961
4486 5576 4931 5955
5083 4719 6167 5420
8946 8273 9121 8928
9760 258 9981 9624
7232 5444 7532 6289
2812 7212 3425 8864
2157 6613 3181 6794
