7697 7122 8023 8353
2386 2643 3323 5343
0 1857 3323 2643
7440 843 7944 4895
5318 843 6401 4398
3871 4819 3899 6048
9487 33 9644 2190
1250 6758 1597 9377
0 5343 2566 6758
1250 9381 8756 10000
7779 8690 8322 9325
4644 4398 6903 6256
7944 0 8997 5190
6903 5277 7415 6256
3323 7122 6333 8286
5657 6256 7011 7017
6972 843 7367 3910
8997 0 9484 1742
6920 7122 7697 9381
0 6758 1250 10000
3409 0 4276 3184
6401 843 6903 4398
3323 8286 6333 9381
1597 6758 3299 9371
0 2643 2386 3658
8094 8353 8336 8690
6903 4332 7411 5277
3338 0 3409 294
2566 5343 3323 6758
7415 5190 8929 7122
8929 5190 10000 8690
6333 7122 6898 9223
4276 843 5318 3184
1529 3658 2386 5343
0 3658 1529 5343
0 0 2977 511
3323 3184 3871 7122
4338 0 6266 749
8023 7122 8929 8353
3871 3184 3996 4594
8997 2190 10000 5190
0 1259 3017 1857
4032 4426 4644 5747
5070 6256 5578 6984
8336 8353 8929 8690
6867 33 7334 843
8322 8690 10000 9381
4002 3184 5318 4398
8756 9381 10000 10000
9648 0 9998 1558
3017 0 3293 1831
0 878 2823 1259
