6275 7896 6915 8913
243 8521 765 8693
6016 749 7592 1764
4897 8422 6263 8907
3121 2676 5004 4327
8348 749 8947 1764
3095 2730 3118 3412
782 1217 1200 4340
9755 3039 9775 6892
2123 8336 4385 8693
2396 8323 2437 8334
73 7048 218 7536
0 8693 4385 9251
6461 2929 7823 2949
0 4348 2438 6198
6016 0 10000 186
6466 2951 8947 3039
6466 4548 6901 5400
3236 895 5149 1066
5975 9278 8557 9413
2660 6198 3732 8037
7277 6953 9433 8217
0 9251 3792 10000
5121 6198 6915 7896
0 1217 782 1577
6915 4548 8384 6323
2059 244 2954 1087
275 1577 782 4340
3537 4360 5260 4644
0 244 2059 1217
5541 8913 5938 9086
1200 3801 3121 4340
6016 186 10000 749
8407 4657 9177 6341
4385 9653 9779 9981
218 6198 2660 8037
1200 1919 3095 3801
6016 2951 6457 5179
7277 6341 9176 6952
6016 1764 8947 2929
998 8037 2123 8476
3121 1919 5234 2666
0 0 6016 244
2438 5545 6815 6184
2123 8037 3635 8319
2059 1087 5344 1919
6915 6341 7271 9112
4385 8336 4763 9633
3792 9251 4385 10000
3537 5180 6454 5534
275 4340 3062 4347
1353 1217 2059 1809
7277 9033 9001 9198
8947 1155 9958 2873
4897 9457 7286 9547
6466 3627 8365 4531
4788 9620 4897 9648
6466 3039 8387 3609
9563 7066 9712 8775
8947 763 9851 1155
255 1577 275 3136
8407 3039 9177 4657
2954 244 6016 895
2438 4887 3297 5227
7277 8217 9095 9027
9177 3039 9690 6893
5344 895 6016 4340
4786 7896 6275 8422
4786 6198 5025 7003
3732 6198 4786 8336
7592 749 8348 1764
9775 3039 9912 7729
