2006 8627 5100 8919
2006 8270 6839 8367
9559 5398 9647 6871
4781 1101 5797 1588
3009 768 4132 1588
24 684 912 1573
0 4780 241 8950
3114 7662 3442 8246
7059 188 9308 554
2087 5400 6927 5524
8741 8432 9897 8746
1231 4069 1348 4186
6037 8800 8741 9317
7951 2579 8223 3980
6839 6340 9559 6603
5100 8627 6037 9317
914 3 3719 21
1777 8950 1826 9347
2686 8919 3382 9999
723 4998 4500 5284
6839 6603 7437 6927
8387 1996 8707 2530
5268 3834 6014 4023
7856 987 9674 1996
723 7213 1375 7580
3382 8919 5082 9962
9452 9443 9897 10000
9897 0 9985 10000
5250 6498 6415 7752
2041 2519 2543 3168
914 38 7580 71
5313 5870 5569 6202
8248 2697 8312 2966
4073 5875 4205 5946
1840 6871 2692 7662
6838 4081 7383 4679
2543 2519 4606 2715
3009 1588 3619 1996
245 4998 723 7657
1571 6871 1840 7285
6126 558 7733 987
1410 5946 1570 7662
6180 5824 6598 5985
2692 6871 3030 7662
3846 7662 5187 8244
3542 504 5797 768
6463 6340 6839 8270
748 2539 1803 2909
9674 188 9897 7621
468 1996 748 2869
7170 8113 9897 8432
5569 5991 8871 6340
6927 5398 8871 5991
2118 8919 2686 9893
5851 188 6126 909
241 7662 3114 8270
3819 3013 3911 3122
4781 768 5797 1101
1559 5524 6499 5810
4751 3223 4871 4776
8741 9443 9452 10000
914 71 2034 815
7537 9317 8741 10000
1173 2909 2039 3384
7301 2499 7383 4081
2034 71 3009 1098
5764 3183 6533 3433
0 4325 3144 4780
4606 1996 6799 2935
761 3323 1173 3797
1572 9404 1626 9757
2006 8367 6037 8627
0 8950 1572 9383
4924 4344 5303 5127
3009 408 5797 504
914 1098 2102 1996
8741 8746 9897 9443
7951 4273 8381 4785
241 8270 2006 8950
6037 8367 6839 8800
241 4922 4010 4998
0 1573 914 1996
3193 201 3336 408
748 1996 957 2519
2039 3183 2409 4069
6839 6936 8234 8113
2102 1098 3009 1996
957 2082 2703 2519
9985 0 10000 10000
8500 3730 8555 4193
7516 1588 7856 1996
6799 1996 8387 2230
7445 6603 9559 6936
4894 4081 5576 4333
0 1996 468 4191
3510 7892 3787 8150
0 4191 2441 4265
468 2869 748 4191
7532 5319 8347 5398
3356 188 5713 408
8871 5398 9365 6303
6839 8113 7170 8432
5797 987 7856 1588
723 5824 1410 7213
2703 2082 4606 2519
6839 8432 8741 8800
3030 6900 5250 7662
4735 6031 5198 6900
3144 4574 4270 4748
0 9383 1572 10000
3144 4191 4426 4573
9554 1996 9674 4962
8387 2757 8500 5314
4426 3183 4747 4738
6817 4895 8061 5272
8234 6936 9674 7621
8713 1996 9414 4978
2409 3183 4310 4184
914 815 2034 1098
1365 5491 1559 5824
7383 2499 7951 4895
5250 7752 6219 8145
3619 1588 7516 1996
957 1996 3399 2082
3030 6229 4489 6278
6799 2499 7301 4081
3009 80 9036 188
8234 7621 9897 8113
5100 9317 7515 9988
1628 8950 1777 9955
6799 2230 8387 2499
2543 2715 3850 2726
4606 2935 6799 3183
5399 4344 6817 5300
7875 959 8894 987
3009 504 3542 768
1570 5946 3030 6871
635 16 914 682
1173 3384 2039 4069
4132 768 4781 1588
