9583 3978 9832 5000
8531 2422 8874 3325
8980 2202 9971 3394
4459 832 5379 2562
3183 7902 3751 9039
3751 8038 4757 9039
8267 2202 8522 3906
1046 8879 1645 9694
0 992 1455 2768
7977 5920 9482 7898
3751 7267 4757 8038
7731 3321 8112 5283
1455 2524 2041 2768
4811 7482 5842 8977
9482 5920 9916 7738
4757 6128 5839 7481
5856 4504 6097 5509
880 53 1211 120
5877 7482 6689 8921
0 7902 2128 8879
6206 832 6593 1865
7977 7898 8724 8817
2995 992 4438 2568
0 2768 551 6815
5839 7365 7196 7479
6097 4504 6626 5263
718 4816 2794 6712
3653 0 4359 531
7253 5802 7977 8477
2995 4050 6312 4416
7253 8581 7966 9329
7253 5285 10000 5802
7977 5802 9995 5920
2995 2568 6206 3321
0 6815 905 7902
4438 0 7893 655
8724 7898 8898 8656
5379 832 6206 2568
551 2768 2041 3957
6633 832 7893 2202
4438 655 7893 832
2041 3308 2995 3957
3773 4923 4757 7267
0 9837 2102 9938
8267 3928 9575 5268
0 120 3653 992
8112 2202 8267 5285
3183 9039 5842 10000
5842 9329 10000 10000
9578 0 9747 1733
905 6873 2592 7267
8531 3491 9912 3863
7178 3664 7531 5285
2995 4923 3769 7266
1455 992 2041 2524
551 3957 2995 4816
2995 3321 7178 4050
2128 7902 3183 10000
6206 2202 8112 3321
7893 0 9578 2202
4757 4923 5827 5229
2041 992 2995 3308
4757 5234 5816 6117
2995 4553 5698 4923
6855 7482 7247 9095
6097 5285 7253 7365
905 7267 3751 7902
7977 8817 10000 9329
