3364 4958 4243 5835
2451 2615 3186 2839
2229 5495 2661 5613
3523 2839 4352 3916
5955 5684 6385 6957
6674 430 9730 572
5955 9478 6747 10000
5372 6961 6686 8713
5411 3141 5741 3667
8537 5580 9332 6277
151 1211 1951 1813
3570 132 4001 2184
0 449 151 10000
358 9496 3693 9861
7431 620 7999 691
151 449 1376 1211
5413 2064 5592 2723
5418 132 5532 1601
3054 4228 3132 5835
4494 2875 5410 3900
7356 5684 7977 6645
6435 1829 6955 2238
5945 236 6612 688
7356 6645 7977 7771
449 8161 1123 8714
9753 3527 9818 6589
7287 2780 7358 3141
6422 721 7776 1442
2694 4228 3054 5613
7364 3141 8638 3165
5955 8803 6747 9478
9974 427 9980 9446
1383 5898 2480 6824
2351 6832 2730 7002
7977 7729 8759 8502
5532 1572 6300 1804
9818 3527 9877 7610
7397 4221 7482 5082
4352 3454 4456 3830
1934 7049 3018 7156
3859 5898 5334 6667
3763 6754 3829 9408
6686 6961 7351 7756
9223 9535 10000 9981
4243 4958 4884 5631
5993 3916 6259 4228
6686 7771 7977 8772
7977 5684 8537 7729
2863 8743 3724 9331
3132 4228 3364 5835
1327 4876 2229 5898
6234 3667 8646 3916
1951 1758 3191 2167
0 147 2749 449
6369 691 9498 718
6259 4221 7397 4816
8537 6961 8694 7542
3859 6669 4744 7295
2480 5898 3728 6809
2451 2839 2730 2994
309 4876 1327 5252
5741 3141 7364 3667
6955 1829 9974 2132
5717 4228 6259 5580
3374 6951 3684 7480
6259 4816 7397 5136
1376 449 1951 1211
4884 5580 8537 5684
1951 449 2865 1758
5133 8803 5509 9615
151 3044 2085 3306
1728 7156 1865 7915
8646 3667 9742 4462
3076 7138 3235 7839
8646 4462 9232 5498
8638 2780 9742 3667
5176 2184 5411 2839
2865 179 3451 1051
3893 4817 4884 4958
8738 109 8887 427
7863 9662 9086 9975
4884 4228 5648 5569
309 5252 1327 5659
952 9019 2840 9376
7776 721 9601 1269
151 4876 309 9018
8537 6277 8743 6927
2229 5613 3054 5835
6259 3916 8646 4221
3958 7882 4266 9869
8381 8803 9223 9637
309 7018 438 8643
9905 3294 9964 8648
9601 572 9974 1829
0 51 5825 132
7482 4221 8646 5580
6420 5684 7356 6907
358 9422 3098 9496
9223 8803 9235 9146
5525 8803 5943 9970
309 5659 1327 5898
5411 3667 6234 3916
890 3306 1678 3916
2229 5835 5955 5898
9236 8803 9899 9436
2451 2167 3187 2610
9917 2132 9973 3200
151 9019 324 9826
1951 2167 2451 3044
8172 2132 8603 2231
3041 8113 3604 8161
7776 1269 9601 1829
5133 7297 5354 8542
568 3916 5993 4228
5592 1804 6369 2631
8759 6277 9332 8502
6449 2289 8056 2608
151 3306 568 4876
7977 8502 9885 8758
309 8952 1522 9019
1678 3306 2085 3916
5354 8772 9905 8803
2322 5249 2694 5490
852 1813 1951 3044
5916 2631 7114 2957
568 4228 2694 4876
151 1813 852 3044
6747 9637 7822 9967
8638 2132 9905 2780
9332 4462 9731 8443
4243 5631 4719 5830
1263 8369 2206 8582
3989 7297 5133 7876
4001 132 5411 2184
2867 1051 3570 1610
2085 3044 3523 3916
4746 6669 5352 7250
568 3306 890 3916
3191 1758 3570 2839
9742 3105 9893 3295
5655 4311 5717 5580
6747 8803 8381 9637
1125 5898 1383 6812
449 7099 1245 8022
7358 2631 8638 3141
5354 5898 5952 6945
6259 5136 7482 5580
358 9897 5478 9983
7364 3165 8638 3667
4884 5684 5955 5835
619 5898 1068 6696
3570 2184 5176 2839
