5497 3520 5736 4187
8192 7936 10000 9005
2936 4516 3269 5723
2994 2875 3274 4516
9147 9338 9731 10000
5789 4198 6988 4987
1884 30 2769 4562
4624 6379 8151 6691
4311 2852 5429 3520
5522 9610 7318 10000
1521 9010 4867 9044
5722 8372 6648 8909
9412 4159 9598 4508
1337 0 1884 2168
4867 8372 5522 9420
2780 814 2928 3752
7379 1521 9416 2491
4018 3831 4315 4669
1232 5637 2314 6093
4624 6732 7294 6952
0 8402 657 10000
4093 9420 5522 10000
3720 6397 4624 8172
8220 2491 8353 3165
1232 9083 4399 9191
4624 6111 6007 6303
4121 2025 5167 2816
3712 1207 3851 3114
9416 894 9985 2103
1951 4732 2288 5603
7065 7453 8192 9005
7379 2491 7723 3840
5308 301 6237 469
657 8402 1232 9420
9060 4959 9338 5040
4686 7833 6463 8041
1232 7371 3720 8172
3269 5285 6237 5723
7766 2873 7838 4086
0 2853 469 4732
2971 9420 4093 10000
9747 2491 10000 7890
8201 5725 8809 6940
375 6677 1232 8402
6631 894 9416 1521
8814 2491 9060 6952
0 5637 375 8402
4624 7076 5025 7426
8792 0 10000 894
6237 5285 7508 6249
2936 11 6194 301
2936 6713 3375 6717
1232 8372 3225 8871
5287 894 5522 2803
3585 8172 4590 8333
6648 6952 9747 7453
9156 7890 9999 7933
7116 0 8792 428
3269 4516 3895 5126
9060 5164 9730 6926
5611 9341 7115 9610
9156 7453 9304 7790
2936 5723 4624 6397
1232 6093 2314 7371
7318 9338 9147 10000
2314 4732 2936 7371
5789 894 6631 4198
8353 2491 8814 5725
1873 9420 2971 10000
5535 1313 5789 3157
5522 9005 10000 9338
6642 6263 8196 6379
9412 3533 9691 4056
0 4732 1951 5637
2936 301 4537 1199
9731 9338 10000 10000
4315 3520 5497 5285
1232 8172 3256 8362
1232 9191 4867 9420
4624 5723 6038 6098
0 224 801 2313
6808 8627 7065 8653
657 9420 1873 10000
7116 428 8792 894
6648 7523 7058 8194
6237 0 7116 894
5063 6952 5885 7371
8192 7453 9156 7936
8191 4198 8201 6249
375 5637 1232 6677
7509 4198 8190 6247
6631 1536 7200 1637
777 2313 1235 4591
