5995 5695 9364 6283
3124 2643 3650 5564
513 0 916 853
2190 2360 2645 7166
7932 3849 7987 4094
3661 2643 3750 5571
3889 2382 4366 2622
48 1587 161 3570
2748 8660 3237 8677
1048 2360 1391 9850
0 6172 689 10000
8312 1510 9781 2643
7350 276 8312 1088
2677 5663 5511 7311
3750 3469 6336 5271
2677 7427 9610 8021
6860 276 7350 2643
8312 183 8870 1510
514 2805 1046 4622
2452 1624 3124 2302
3322 8035 4837 8448
513 855 989 1535
7570 8021 8596 9999
1957 855 5106 1624
9613 3849 9923 5633
4102 2643 5182 3377
6553 183 6860 2643
7624 6283 9411 6842
7350 1088 8312 2643
8596 8021 10000 9647
2191 7356 2677 9014
161 0 513 4617
689 6172 993 8723
2677 7311 5496 7407
5149 9018 6164 9999
5106 1557 6329 1624
6553 0 10000 183
5511 5663 5822 7192
7201 3469 10000 3849
2700 2360 3051 5196
0 5577 1046 6172
8870 183 10000 1510
4907 8356 6494 8433
6164 9018 6923 9988
1046 1468 1825 2360
9610 6283 9998 8019
1825 1188 1953 2325
2190 9068 2584 9735
3124 1624 5598 2382
5132 8021 7437 8298
5106 0 6553 1549
1046 891 1788 1468
6860 192 8188 276
6336 3469 7201 5271
3237 8448 6928 9016
6939 8305 7565 9996
5995 6283 7624 7427
8596 9647 9872 9982
3814 5271 5385 5609
1463 2360 2190 10000
7201 3849 7932 5663
5182 3048 10000 3469
7932 4112 9580 5641
5182 2643 10000 3048
916 0 5106 855
5598 1624 6553 2643
0 4712 966 5577
1399 3598 1463 3985
9781 1569 9968 2581
