6221 2528 7074 3115
2469 6645 6138 7237
2253 8614 2694 9589
6221 2152 7033 2522
4542 0 8362 428
6138 3973 6220 7189
1008 4715 1098 5257
1004 2851 1083 3627
6308 4438 8591 4757
2978 5052 4331 6232
904 876 4542 1259
8664 4183 9486 5521
4169 8087 4958 8434
9844 0 9985 9386
1609 7712 2253 9971
1098 2678 4683 3161
4064 148 4542 876
0 0 919 402
532 6223 1706 6775
0 402 210 6029
1098 4776 2691 5052
7464 8888 9284 9468
1850 6192 2469 7237
4683 2678 5418 6245
7523 9477 8946 9979
6972 7336 7464 9318
2253 9654 4169 9971
1617 148 4064 876
6221 3149 6604 4235
9064 9476 9931 9949
1103 1376 1495 2520
2469 6307 6138 6645
0 8642 501 9971
2978 6245 5431 6307
0 7289 1850 7712
210 4135 973 5355
6308 4757 7640 5790
501 8642 1609 9971
2253 7712 2707 8614
8364 5962 8645 6899
4775 9115 6162 9523
4159 1394 4540 2678
0 6775 1850 7289
6972 9323 7444 9937
9504 2822 9622 4948
2707 7712 4169 9654
3475 3161 4529 4270
210 5358 532 6029
6221 4438 6283 4969
7464 7336 8473 8887
3884 4345 4471 5001
7106 515 7312 1159
4169 7237 6202 8002
919 0 1617 876
6285 1966 6922 2150
0 7712 1609 8642
1098 5052 2469 5358
7124 1966 8591 4436
8439 1102 9843 1739
4542 515 5389 2462
8478 7439 9476 8210
1098 3161 1623 4776
1850 7237 4169 7712
2429 9971 3088 9980
210 3670 1001 4133
1623 3161 2691 4776
4967 8077 6272 9106
210 876 904 2851
6308 5962 6940 8604
4775 8480 4955 9043
4518 4345 4664 5868
904 1410 1040 1981
210 402 881 871
5703 663 6103 5760
2691 3998 3475 4345
8664 1795 9465 3831
2469 5052 2955 6174
0 6029 532 6775
1098 1259 4282 1359
210 2851 988 3665
532 5358 2469 6192
8664 5589 9422 7264
7274 1739 7707 1922
6169 613 7039 1738
6313 8701 6972 9934
8591 1739 8646 4635
7312 515 8355 1419
2691 3161 3475 3998
4318 9546 6150 9994
2691 4345 3768 5024
8439 0 9842 1101
1617 0 4360 148
4169 8480 4772 9539
9633 1739 9834 9291
6723 3149 7099 4059
1495 1376 4159 2669
5418 515 5690 5839
