6921 2028 7954 3045
3150 5556 5309 7304
9463 4623 9928 5955
2898 2101 3345 3622
6181 1065 6626 4310
0 510 3738 1556
6626 2028 6921 4310
6815 4310 8673 5315
7954 3383 9463 4310
6797 5353 8293 5994
76 3676 317 6181
5325 510 5598 8499
7954 0 10000 908
6626 0 7954 2028
8981 1639 10000 3383
6191 6929 7922 8262
2985 8499 7738 8534
3150 7599 3648 8461
8981 908 10000 1639
4085 8541 7875 9287
1022 7538 1539 8343
3883 2323 5148 4451
3738 641 3870 1410
3752 7358 4400 8496
6921 3045 7732 4302
1763 4734 2886 8434
317 8368 1758 9965
8673 4310 9463 6016
6181 5090 6769 5418
1554 1556 2898 4734
2898 5581 2978 8112
3640 3622 3851 4334
5598 1065 6181 6016
2993 4451 3150 8258
6181 4310 6768 4846
554 3676 698 5889
3150 4451 4721 4755
9463 3383 10000 4623
0 0 6626 510
4403 7358 5312 8395
5768 704 6463 1065
5598 6016 10000 6929
1554 4734 1757 8299
2916 1556 3883 2072
3883 510 5325 2323
7994 8744 8266 8860
2909 9298 9444 9962
1022 3676 1480 7345
5148 2323 5325 5556
8266 6929 10000 9298
698 7307 918 7473
3346 2101 3868 3618
0 1556 1554 3676
7954 908 8981 3383
