3700 5411 4956 6189
6725 5427 8145 5578
3759 1765 6315 2682
2031 6634 2697 6883
5890 7407 7258 8046
67 4549 413 9498
7481 8324 8088 8342
4179 9739 4259 9988
3094 4549 4010 4705
6262 2682 6302 4415
2262 9895 3731 9941
67 3798 2949 4130
2348 8855 2523 9515
0 2988 1822 3798
5784 124 6107 222
723 5690 1143 6663
1746 7236 2756 8855
4199 821 6057 1387
2756 6550 4192 7254
4173 2988 4808 4130
8905 5715 9783 5846
2776 8005 3854 8265
6107 0 6946 501
2035 8855 2264 9434
5890 8945 6428 9327
736 1737 1710 1817
0 3798 67 10000
736 0 1207 796
3808 2682 4226 2973
1841 6559 2031 7236
0 0 315 2171
1059 2476 1650 2988
1292 6415 1746 8855
7395 322 8339 1122
7258 7407 8588 8046
9219 0 10000 1048
2926 7790 3919 7911
413 4718 1292 5690
3081 2171 3744 2966
8339 1048 9880 1590
8821 2204 9357 2993
8348 4343 8427 5576
8633 2204 8821 2993
3700 4819 7017 4991
7377 9375 9172 9978
4192 6550 6534 7134
1914 1185 3321 1876
4808 3914 6055 3949
6346 1590 9880 1765
3700 5338 7738 5411
2756 7254 5427 7782
6534 6952 10000 7254
5890 7356 9711 7407
67 9498 413 10000
2031 4819 3700 6199
2035 9754 2925 9857
6315 1765 6429 2911
3321 796 3759 1876
6057 501 6346 1765
6480 1765 7190 4710
1650 2171 3081 2988
2949 3357 3106 4004
5890 7254 9711 7356
2192 0 2720 796
9357 1765 9880 5166
8339 322 9219 1048
7198 1765 7470 2753
3871 2988 4173 4130
2756 7976 3351 8005
8429 5044 8535 5838
7395 1122 8339 1590
5427 7254 5890 9375
2035 9656 3353 9729
3274 2988 3849 3220
3919 7782 5427 8274
3630 4130 4808 4423
4808 3950 6218 4493
3331 3233 3871 4120
5641 5411 5693 5850
8905 5864 9880 6952
5773 6154 6516 6542
1143 5690 1280 6391
437 5690 723 8275
3700 5009 4534 5306
8348 5838 8633 6952
7405 2760 7475 5009
4808 2988 5790 3733
0 2476 1059 2988
5890 8503 6677 8943
532 2171 1650 2476
2545 8855 3730 9406
67 4130 3630 4423
7483 3852 8421 4343
6534 5578 8348 6952
5773 5411 6534 6154
5890 8046 7481 8503
723 6663 1292 8855
736 1876 1985 2171
1085 796 1914 1737
4199 501 6057 821
2720 0 3759 796
7475 1765 7958 3852
663 4549 3000 4688
8633 5715 8905 6952
3739 8855 4514 9657
4199 0 5720 500
6346 501 7395 1590
3759 1397 4199 1765
4192 7134 5354 7232
315 532 736 2171
6946 325 7322 501
736 796 1085 1737
1914 796 3321 1185
729 8855 804 9714
8588 7407 9711 8046
2756 6199 5773 6550
4962 5411 5412 5955
4556 5009 5359 5315
4955 8274 5427 8855
0 2171 532 2476
8633 1765 9357 2204
1207 0 2192 796
8633 2993 9357 4864
7197 2760 7405 3629
67 4423 4808 4549
1822 2988 2949 3798
1292 4718 6773 4818
3759 0 4199 1397
1985 1876 3759 2171
3388 8411 4955 8841
1292 5588 1409 6415
9711 7254 10000 8503
6683 8503 10000 9375
6946 0 9219 322
804 8855 2035 10000
7475 4343 8260 4974
9880 1048 10000 6952
4199 1387 6057 1765
7958 1765 8444 3234
8633 4864 9319 5147
315 0 736 532
8633 5166 9880 5715
