820 735 3880 1042
90 3755 331 5487
5079 8682 6349 9804
7165 3191 9252 3929
4085 5547 5079 7743
3016 3986 3880 4333
5079 5547 5186 6978
9776 3929 10000 9887
6949 5276 7904 6862
5953 5276 6260 6677
6533 6771 6666 7592
582 4399 2589 5892
8910 3929 9776 6235
4002 3227 4751 4333
3430 7743 4504 9143
1218 7068 2589 9038
6576 8001 7448 10000
8355 7174 8909 10000
3016 1042 3880 1688
331 4334 3124 4399
8909 6862 9776 7544
6390 5276 6949 6687
5426 5547 5546 7708
1218 9038 2585 9134
9265 2763 9278 3852
3880 1859 4002 4333
5195 7898 7392 7994
7448 7898 8355 10000
7860 7585 8340 7898
7165 1165 8395 3191
6734 1055 7165 4333
820 2460 1434 3719
7904 6235 9776 6862
4656 1627 5574 1859
5988 5031 7894 5276
7165 3929 8132 4088
331 9805 1488 9989
820 1042 1860 1940
5953 4333 6501 5031
820 0 2576 735
1218 5892 2589 7068
3016 1688 3880 3986
7165 1061 9984 1165
3496 4333 5582 5547
32 0 820 3284
820 1940 1860 2460
1860 2779 3016 4333
1563 9805 6576 10000
6392 0 10000 448
2576 0 3880 735
1445 2460 1755 3386
9252 1165 10000 2096
2589 5547 3430 6415
4656 1032 5574 1627
6501 4333 8910 5031
5079 8010 5623 8661
3430 5547 4085 7743
331 3755 1641 4301
7904 5031 8910 6235
3880 0 4656 1859
5582 4333 5953 7898
527 4399 582 9636
1860 1042 3016 2779
4504 7743 5079 9143
584 8994 1198 9518
2589 4399 3496 5547
4002 1859 5574 3227
8909 7544 9376 7711
8355 6862 8908 7166
5574 0 6392 3227
2589 6415 3430 9143
6392 448 6682 3210
8395 1165 9130 3136
582 5892 1218 7953
9278 2096 10000 3929
6949 6862 7832 7868
4751 3227 6734 4333
1218 9143 5079 9805
6734 448 10000 1055
4656 0 5574 1032
