7956 7066 9918 7212
3799 7969 4365 8224
982 2375 1535 4089
7956 7212 9918 7337
5139 7969 5413 8993
1755 7005 2004 8438
5139 9292 5437 9734
7775 2687 9730 2810
0 8440 1621 8665
6033 5394 6826 6509
4234 6664 6821 6742
217 9513 3057 9756
7799 450 9730 580
7745 2120 9667 2681
8764 3770 9546 4255
6033 5166 8924 5394
7182 4586 7496 4987
318 5190 877 5218
8759 4255 9546 5001
8897 5394 9409 6790
1870 2838 2621 3059
2071 1910 3542 2375
1582 1270 2071 2375
7268 2219 7745 2810
5977 1844 6154 2576
5796 1000 6145 1353
6427 6927 7709 7822
5977 2576 6331 2840
5212 1450 7268 1802
3542 1496 4117 1811
5293 3792 5520 4956
1469 7130 1612 7163
9239 7944 9483 9668
6180 8993 6481 9723
6331 2576 6963 3792
2317 2529 2717 2831
5520 3792 6085 5166
3612 3792 4516 4100
318 0 417 5190
6085 4192 6999 5166
6999 4237 8364 4586
3279 1180 3532 1292
2390 441 5953 517
9210 254 9709 403
4516 4833 4651 5219
3646 2529 4048 3792
5413 7969 5792 8829
2071 1571 3542 1910
8915 580 9704 1027
7799 0 9210 450
2842 4100 3635 4688
2220 1328 3273 1571
8525 3075 8764 4255
318 5349 875 5959
3177 9283 3799 9756
0 7183 317 8205
330 5959 914 8435
2285 4688 3493 5195
963 6479 1400 8284
2004 7710 5595 7796
2390 321 6084 429
1719 2831 1869 3792
155 8793 217 9466
9095 8613 9231 9996
6963 2810 9918 3075
8694 5812 8897 6790
970 955 2039 1075
1719 2375 5212 2529
5212 1802 5977 2840
914 5959 960 8333
2007 321 2390 474
914 5023 1234 5219
8924 5001 9546 5394
7956 7337 9918 7822
6085 3792 7421 4192
8837 7944 9239 8613
6826 5394 7362 6509
4607 1353 5212 2375
1260 4688 2285 5219
1234 4100 2842 4688
3542 1811 4143 2375
5796 673 6136 1000
3636 6229 4234 6765
7362 5812 8694 6161
970 1075 3040 1244
4143 518 6132 566
1535 2375 1719 3792
7745 0 7798 2116
8764 3075 9546 3770
5413 8829 5694 8885
2717 3070 3646 3792
4234 6509 7127 6613
3612 6790 9409 6927
5482 8993 6180 10000
859 9283 2636 9501
217 9756 5482 9973
970 1249 1539 2117
5792 8613 6645 8903
5816 7969 7836 8171
2004 7903 3640 8415
774 322 925 3877
5321 5166 5583 5814
4651 3792 5181 6229
875 5349 2046 5959
6145 246 7268 452
3799 7822 7836 7969
3635 4100 4516 5219
7799 1598 8484 1855
8252 7822 8837 8366
4234 6229 5583 6509
8915 1320 9707 1554
1535 3792 3612 4100
9546 3075 9842 5394
4212 3722 6039 3788
4516 3792 4651 4833
7421 4115 8434 4189
417 290 604 5190
3799 9072 5139 9756
7543 8993 7915 9986
604 4100 914 5190
7799 580 8915 1598
5792 8366 8837 8613
4161 5247 4647 6104
7709 7066 7956 7822
9935 7944 10000 9935
2046 5349 2155 6018
8915 1564 9729 2072
417 0 604 280
1719 2529 2244 2812
7362 6161 8694 6664
5212 1372 5620 1450
4212 2858 6328 3644
604 489 762 2886
914 4100 1234 5023
1469 6567 1814 7005
7165 5001 8924 5166
5844 6615 7362 6662
9730 450 9918 2810
5583 5166 6033 6509
6963 1802 7264 2757
5277 6927 6427 7671
5277 7671 6241 7694
3314 5349 3612 6927
4048 2529 5212 2840
5792 8197 7728 8365
963 6370 3308 6479
0 0 318 7183
7917 8613 9095 10000
0 9973 3329 9993
4143 566 5796 1353
4048 2840 4212 3792
4663 8018 5139 9038
5181 4230 5230 4616
7268 246 7745 2219
7709 6927 9842 7066
8525 4255 8759 5001
6963 3075 8525 3792
963 5959 2046 6370
318 5219 3612 5349
6145 452 6911 1255
9409 6491 9842 6927
774 246 5777 320
7070 452 7268 1295
4520 8121 4655 8604
7362 5422 8821 5812
9842 3075 9918 7066
859 8682 3797 9283
2004 6479 3314 7710
2717 2529 3646 3070
9483 7944 9935 10000
604 0 7745 246
9409 5394 9842 6491
217 8742 759 9487
9239 9668 9483 10000
7836 7822 8252 8366
4143 1353 4607 2375
970 2123 1526 2371
7496 4586 8525 5001
3836 1075 3931 1366
9918 450 10000 7944
8837 7822 9918 7944
1870 3059 2375 3695
1234 4688 1260 5216
6999 4586 7165 5166
3401 6927 5277 7589
