9109 1211 9397 3116
4007 8965 7059 9429
6903 5406 7536 7157
6857 2261 7197 2656
8588 9209 10000 9760
7112 9209 7742 9682
0 5406 494 7911
2239 736 3303 793
8204 2594 8425 2667
7134 8965 7536 9185
3823 404 5188 560
8336 5035 9049 5406
9489 6428 9701 6776
9701 4438 9989 6269
2996 5953 3795 7151
7536 8965 9489 9209
7203 2261 7671 4405
6857 4732 8204 5156
7742 9209 8588 9760
5221 1349 6104 2089
8073 7174 8523 7807
6206 1463 6269 3713
2862 3494 3303 4125
7759 6428 7922 7174
0 9776 692 10000
2364 3494 2821 4121
2239 793 3303 1202
8512 3122 10000 4438
6269 1912 7688 2260
9489 7975 10000 9209
6269 1779 6608 1911
3823 0 4869 404
704 2616 1203 3066
2239 1404 3303 1646
6206 1281 8997 1463
2806 5953 2996 7151
8523 8234 9243 8965
2869 4580 6111 5103
6601 5406 6903 5953
494 5406 524 7173
692 9876 2679 10000
1203 1630 2239 1646
7570 7390 8073 8231
4007 6845 4799 7772
4007 8839 5700 8962
108 729 267 1322
2679 9444 2873 9992
2881 9760 10000 9987
2862 5103 6573 5406
0 1322 283 3066
283 0 704 3066
2881 8354 4007 9616
255 8354 1811 9444
6773 3722 6855 5090
7759 5406 9701 6428
5226 7422 5916 7871
2111 1646 2347 4459
1258 9444 2679 9876
9100 1565 9109 2493
7922 6428 9489 7174
2089 5406 2246 7248
6544 6508 6817 8481
6875 5953 6903 8965
6269 2261 6827 3702
6857 2665 7180 4600
3823 2375 4687 2689
1847 5406 2089 7248
524 5406 1306 7173
8512 4438 9638 4720
5916 7422 6530 8642
2657 1646 3053 2344
704 0 889 2616
3303 3722 4057 4125
3823 901 7210 1211
3795 6260 3856 6547
4057 3933 6111 4580
494 7173 1004 7911
9867 0 9976 1471
4044 7959 5839 8799
2862 4125 2869 5103
5226 6845 5884 7416
4057 3722 6111 3933
3823 560 5922 901
1847 7248 2235 8203
0 3066 635 5406
2881 9987 10000 10000
2246 6859 2806 8354
889 0 1203 2616
0 9444 1258 9776
1203 736 2239 1630
3691 9616 7112 9650
8523 7174 9243 8234
3303 3280 5902 3722
7688 1463 8000 4659
3927 1349 5221 1495
2806 7151 3680 7980
1306 5406 1847 8354
6111 3722 6573 5103
2881 9682 6951 9758
8336 344 8347 1047
2239 1202 3303 1404
8073 7807 8523 8261
5924 560 7094 897
4007 5953 6875 6505
9414 100 9602 1191
1203 1646 2111 4459
3823 1211 6078 1290
9243 7174 9489 8965
5498 2120 5575 2443
5902 2120 6206 3722
2796 2998 3303 3464
2806 5406 6601 5953
4007 6505 5906 6845
5188 0 7180 550
6269 1463 7647 1778
692 9776 1258 9876
1203 4459 2862 5406
2347 2987 2601 2998
2246 5406 2806 6859
3823 1549 4501 2248
255 7911 753 8345
6930 5160 8336 5394
9397 1560 9854 2897
5906 6505 6544 7422
0 9033 255 9444
1811 8383 2868 9157
0 7911 255 9033
7210 0 8162 1202
4869 0 5188 404
6903 8261 8523 8965
1203 0 3823 736
635 3066 1203 5406
4500 2756 5211 3280
1004 7173 1306 8354
6573 3722 6771 5275
3303 736 3782 2337
2869 4125 4057 4580
8572 1463 9088 2755
9489 6776 10000 7975
7588 6524 7759 6877
