7207 7884 8163 8588
2284 816 3022 1800
785 0 1658 1375
6075 1153 6247 4195
4583 5224 6869 5873
0 4443 153 10000
3022 742 4192 955
7613 131 9699 300
5349 5874 8163 6273
1506 6904 3253 7185
5228 1595 5289 4027
534 9721 4560 9999
9779 7538 9954 8091
1756 7824 1933 8778
2284 1800 2626 2501
5228 4260 7133 5189
6932 1153 7527 3363
7613 300 9707 891
2278 5458 4565 5923
2468 8778 4427 9591
3359 2892 4188 3823
6513 6679 7193 7158
5349 6273 8163 6679
4192 742 4527 3216
8826 3363 9708 6069
4427 6904 4583 9656
1097 6751 2278 6904
5289 1595 5816 4052
8671 8677 8743 9336
153 5458 2278 5775
2281 0 3022 816
1138 1375 1658 2892
153 5189 4583 5458
7527 1547 8448 1859
1450 9656 4583 9721
0 0 785 4443
6075 0 7613 1115
1925 3969 3359 5189
5349 6679 6513 7209
5083 8074 6488 8727
4583 6107 5349 6810
9406 6069 9687 9579
4583 7209 5083 9756
2278 5923 3900 6839
8066 1953 9706 3358
9708 1266 9776 5454
7133 4260 8163 5874
5394 0 5822 1595
2825 7745 3063 8750
8163 7736 8625 7830
1925 3218 3359 3969
4527 1595 4541 3204
785 1375 1138 3172
6469 3368 8693 4187
4583 9756 10000 10000
1675 816 2284 2868
7527 1115 9708 1547
4583 5874 5349 6107
4527 0 5394 1595
8826 6069 9267 9530
6247 1153 6932 3363
153 5775 534 9999
1103 7745 1449 9699
1925 2892 3359 3218
8163 4260 8826 7736
814 7202 4425 7745
534 5775 813 9697
3022 955 4192 1800
8324 891 9148 1106
5228 4195 8826 4260
153 4443 1925 4666
785 3172 1925 4443
6075 1127 7172 1153
2284 2501 4192 2892
5822 0 6075 4195
4583 6810 5349 7209
1658 0 2281 816
7613 1 9580 131
2626 1800 4192 2501
153 4666 1925 5189
814 7745 1097 9687
5083 7209 6532 8074
7207 6679 8163 7884
6532 8588 8598 9651
4192 3216 5228 5189
1138 2892 1925 3172
3022 0 4527 742
7551 1953 8066 3256
5083 8776 6162 9499
3359 3825 4192 5189
6532 7209 7207 8588
4541 1595 5228 3216
