3415 3558 3736 3999
1472 3870 2250 4433
3212 8151 3491 8634
4676 9239 7739 9482
0 112 361 1260
5012 1352 7970 2010
3372 895 9473 1215
3669 5424 3858 6308
1649 8748 2602 9368
1318 1057 1472 7745
5012 1215 9473 1352
2250 399 2754 2746
8522 3999 8907 7091
3475 9368 3669 10000
389 1260 503 7627
3111 31 5422 273
9473 1962 9993 2402
9391 1352 9473 7091
503 16 795 1833
4095 9080 4476 9926
5930 3558 7584 3999
8914 1646 9344 3995
1597 6797 3669 8151
3373 1536 3669 1958
2386 6096 3669 6449
0 7627 502 7745
7836 0 8275 843
4642 273 5330 804
793 7745 1472 8748
1472 4433 1597 8151
1597 4870 2386 6797
3736 3558 5930 3999
5780 5786 6294 9066
5252 2749 7540 3558
2754 273 3372 2010
3858 5424 4861 7968
2602 8835 3122 9368
4861 5910 5074 6982
7739 9274 10000 9926
7739 7091 9406 8005
503 1833 803 7737
2386 6449 3478 6791
793 8748 1649 9827
2386 5424 2833 6096
7584 2010 8368 3999
2250 2746 5252 3558
2754 2010 7584 2746
8368 2033 8868 2503
2386 4870 7739 5424
8368 3454 8911 3997
0 7745 793 8457
2833 5424 3669 6096
1472 399 2250 3870
823 1101 1318 7646
6438 5424 7739 9066
4764 4533 8522 4870
1472 8275 2449 8304
7739 4870 8522 7091
2250 3558 3415 4433
4095 9926 10000 10000
4764 3999 8522 4533
6294 5786 6435 8579
1472 8304 3212 8748
3372 1215 4389 1503
3669 7989 4441 9080
9473 2406 9967 6268
1597 4433 3415 4870
5847 0 7836 895
9473 1172 9978 1400
5187 5444 5526 5535
4399 1518 4649 1964
3415 3999 4764 4870
4476 7968 5780 9239
5780 5424 6438 5786
9344 1646 9391 3768
0 1260 389 4801
7970 1646 8889 1901
8907 3999 9391 7091
7970 1352 9346 1644
4699 1261 5012 1477
9473 0 9890 582
1649 9368 3475 9827
5333 273 5847 863
4676 9482 7739 9926
7739 8085 9964 9274
5128 5535 5780 7968
4495 9239 4676 9620
0 9827 3475 10000
3669 9080 4095 10000
803 0 2754 399
0 4801 389 7627
0 8457 793 9827
1318 402 1466 1057
5780 9066 7739 9239
