6280 7896 6915 8914
69 8521 765 8650
6618 726 7668 2257
4624 7896 5446 8702
3538 3235 7929 3943
8621 726 10000 1154
3054 3071 3100 3412
275 1998 1264 3351
9755 4783 9809 6210
0 8692 4130 8891
1986 8323 2437 8324
73 7048 218 7536
0 8914 7263 9277
7717 2688 7823 2945
0 5227 2731 6750
5170 0 10000 179
3166 2949 8173 2993
4328 4722 7246 4849
4854 244 5170 1279
7906 9368 9146 9647
2731 5227 3500 7973
7640 6307 9067 8217
0 9277 3982 10000
5289 6026 6915 7896
275 1501 986 1902
7263 5013 9505 6176
2002 244 4854 516
341 3351 1302 5227
3254 3412 3538 5135
0 244 2002 1279
5446 8831 6273 8914
2324 2257 2817 4415
5170 179 10000 726
4328 4477 9644 4721
4846 9657 10000 10000
218 6750 2731 8323
1302 1501 2324 5061
4328 4849 6915 5227
7263 6210 7640 9277
8173 2257 10000 3949
0 8324 2627 8512
3054 2257 8173 2565
0 0 5170 244
3500 5227 6915 6026
2731 7973 3500 8521
2324 1279 5170 2257
6915 4849 7226 8021
4385 6026 4556 8893
3982 9277 4619 9991
3538 3949 4328 5227
320 3416 341 4345
0 1314 2235 1501
7640 8217 7906 9277
7668 1525 10000 2257
4846 9457 7235 9547
4328 3949 10000 4249
4846 9647 5282 9654
3546 2993 8166 3230
9711 6653 9831 8775
8621 1154 9682 1488
255 1562 275 3121
4328 4249 9841 4475
2002 516 4854 1279
1302 5061 3054 5227
7906 8217 9146 9368
9146 6210 9711 9647
5170 726 6618 2257
5446 7896 6280 8831
4560 6295 5017 6716
3500 6026 4385 8692
7668 726 8621 1525
9843 4249 9980 8939
