3291 3917 3761 4074
6165 2761 6174 3928
0 7588 756 9635
2088 4531 4050 4596
6174 2847 6917 4129
3291 1463 3763 3140
405 6943 1074 7588
1398 4869 1927 6409
1968 4869 2178 5509
6174 4442 7858 4568
3763 956 6525 1944
4383 7442 7592 7577
6525 956 6979 1944
2500 4869 2747 8207
4213 0 6004 389
5596 5175 5719 6758
6979 956 7614 1944
2088 3403 2577 4074
405 5880 1398 6409
2088 4074 5933 4389
3763 3045 5098 4074
4931 7577 5566 8683
1074 8167 1406 8683
6205 6256 9539 6570
8666 5809 9828 6256
2747 4869 2936 8207
6174 4568 7858 4869
1927 5509 2178 6409
756 9374 2805 9635
6945 2277 7022 4130
4383 6773 5088 7442
0 9635 2805 10000
3443 7577 4063 8683
2177 471 6189 648
2074 6409 2500 6682
3066 6759 4383 6919
3066 5175 4383 5657
4383 5175 4754 6773
5098 2761 5933 4074
405 5146 1398 5880
930 471 1830 1156
6205 5879 7566 6249
1932 6682 2500 8207
7592 9114 8624 9185
7858 4442 8666 6256
1406 6943 1932 8683
3443 5657 4383 6078
447 771 838 1106
5719 5175 6205 6586
1862 663 6187 956
1929 2808 2577 3403
447 547 930 771
7022 1944 7614 3622
6205 4889 7857 5878
0 5146 405 7588
4754 5175 5596 6773
1862 1022 2561 1463
6174 4130 8666 4442
142 1463 486 5146
8664 9770 9961 9824
2088 4389 2945 4464
7614 3119 9018 3622
3169 5657 3443 5882
5088 6970 7530 7420
2897 2157 3145 3312
7592 6980 7599 8026
8496 2255 9549 2979
2936 4880 6094 5175
1862 471 2148 635
1074 6943 1406 8167
486 2808 749 5146
8496 2985 9531 3119
7022 3622 9828 4130
2577 2455 2845 3507
2936 5175 3066 7577
9564 1974 9607 2093
5938 7577 6225 9573
3156 1476 3290 3510
1074 8683 2805 9374
1398 4601 4722 4795
9035 5310 9828 5809
2805 8683 3923 10000
930 0 4213 471
2242 1463 2502 2134
756 7588 1036 9119
749 2808 1929 3403
3763 2277 6945 2761
4596 7577 4931 8683
8666 5310 9035 5809
4063 7577 4596 8355
749 3403 1398 5146
1939 4895 1968 4986
3763 1944 7022 2277
8306 956 9455 1474
7614 1007 8257 1508
5566 7577 5938 10000
2178 4869 2500 6409
9553 6589 9600 6732
9676 0 10000 3622
3066 6078 4383 6759
3763 2761 5098 3045
8666 4130 9828 5310
1398 3403 2088 4601
9828 4193 9892 5736
5225 6843 5598 6969
6196 0 9676 285
7614 2255 8496 3094
9018 3119 9676 3622
447 0 930 547
7614 1517 8200 1642
3923 8683 5566 10000
6994 7577 7581 9084
2936 7577 3443 8207
0 1463 142 5146
7614 1742 9549 2253
2577 3510 3291 4074
6196 285 9676 956
486 2455 2577 2808
3291 3140 3763 3917
4063 8355 4596 8683
1936 6525 2074 6606
5933 2761 6114 4124
0 0 447 1463
1932 8207 3443 8683
486 1463 2242 2157
486 2157 2897 2455
405 6409 1932 6943
3066 6919 4383 7577
8664 8325 10000 9478
