6667 3254 7227 4417
6294 2324 8767 3254
2306 8584 3095 9022
5091 4258 6294 4617
627 1885 2957 2131
5091 5432 7546 6943
6361 221 7116 824
875 6943 7352 6967
627 1425 5056 1882
1078 100 4888 463
222 1425 627 4316
1496 4316 4415 6258
9539 3254 9735 5207
1807 9548 5125 10000
7227 3254 8480 4943
0 0 7121 100
7273 0 8092 2148
5261 848 7054 2130
4339 6396 5055 6899
5439 8584 6502 9418
0 1425 222 6390
115 9356 1790 9967
5091 2324 6281 3185
1078 463 3844 736
5346 104 6354 848
2281 7835 6621 8580
7546 7621 9531 9930
6621 7835 7546 10000
689 3507 3038 4316
7121 0 7273 1718
7546 5432 9017 6889
1807 7155 2009 7520
8092 947 9735 2319
0 100 910 1425
2061 7329 7546 7835
5982 4943 8480 5207
910 100 1078 842
875 8363 1677 8376
5091 5207 9735 5432
1951 9096 3428 9387
8767 2319 9735 3254
489 4316 1496 5610
910 848 5261 1425
627 2319 2966 3228
222 6258 5091 6396
5091 3244 6294 4258
5091 4617 5982 5207
3568 2319 4386 3212
9175 5432 9686 6847
0 7218 440 9356
9735 947 10000 10000
6245 2319 8081 2324
8480 3254 9539 5207
627 3235 2726 3431
627 2148 8092 2319
8092 0 10000 947
3038 3235 4407 4301
3290 6396 4339 6508
2061 6967 7546 7329
5306 9287 5432 9548
5982 4617 7205 4936
7121 1723 7257 1980
4415 2324 5091 6258
4946 100 5344 843
