1732 4823 3973 5170
2076 2658 2956 2840
1960 5436 2248 5613
3525 2840 4352 3916
5458 6299 6410 6874
6612 427 9226 593
6073 8945 6473 9996
3164 8161 8315 8551
5246 3146 5412 4188
8760 5876 9817 6350
0 1090 1740 1702
3361 1830 5636 2232
0 1702 1042 2840
0 9572 3508 9919
6612 690 9714 703
0 561 1740 1090
5442 2232 5636 2840
5531 203 5675 1366
2693 5399 7367 5426
4567 2840 5246 4188
6421 6299 7528 6876
6903 1830 8224 1991
5945 236 6612 688
6867 6892 7613 7904
453 8098 1127 8651
9817 5876 9900 8274
6997 3070 7358 3141
5876 1318 7893 1802
1544 4590 3973 4809
5412 3146 8488 3159
6473 8945 6975 10000
9042 5368 9975 5426
2253 5399 2452 9495
2696 5632 2730 7527
6094 7904 8754 8137
2956 1803 9535 1830
9652 3295 9862 4410
6975 4662 7398 4835
4352 3642 4560 3830
2747 6892 3018 7320
4305 5490 5049 6892
3164 9362 3998 9572
6314 6892 6867 7848
9916 5426 9997 9704
3973 4590 4662 5218
6033 3719 6252 4102
3164 8551 9916 8740
7613 6350 8480 7872
3164 8740 3994 9350
2730 5632 4189 5888
1544 4809 1728 9356
6252 3719 8472 4188
1042 1702 5531 1803
0 134 1740 561
6612 705 9972 730
4567 4188 7051 4535
8508 6843 8665 7424
3072 6892 4731 7226
2730 5911 3946 6846
0 2840 3525 2852
1068 3916 1163 8060
5412 3467 8472 3719
8603 1830 9972 2368
1728 5218 6364 5399
2971 7392 3684 7622
6364 4590 6849 5399
1740 134 2018 1702
5754 5426 7613 5684
2018 134 2865 1702
4847 8945 5176 9873
0 2852 206 5089
1728 5613 1756 9327
8472 3159 9652 4410
2730 7680 3431 7839
8760 5426 9916 5876
8488 2582 9972 3159
5185 2232 5441 2839
2865 134 3301 1306
4662 4590 4884 5218
8738 109 8887 427
6975 9874 10000 10000
4884 4590 6364 5218
0 5089 568 5763
2693 8161 3164 9572
6612 730 8436 1318
0 6198 568 7350
7613 6238 8760 6350
2452 5399 2693 9495
7398 4188 8472 4876
3999 8740 6975 8945
8536 9288 9916 9874
0 8098 447 8567
9862 3159 10000 5347
9535 730 9972 1830
0 0 3340 134
7613 5426 8760 6238
5748 5684 7609 6299
0 9495 2668 9571
9223 8740 9246 8919
5309 8945 6056 9598
0 5763 568 6198
5517 3719 6012 4176
821 3096 1513 3916
1961 5613 2253 6542
8536 8941 9756 9285
2555 1803 2946 2637
9972 797 10000 2933
0 9356 1837 9432
2076 1803 2555 2658
8352 2009 8603 2179
3161 8100 3604 8161
8477 730 9498 1803
3072 7300 6063 7392
1163 3916 4567 4590
5636 1830 6882 2348
8819 6350 9632 7953
6903 2009 8331 2368
206 3096 568 5089
8315 8161 9587 8545
0 8952 1213 9019
1513 3096 1834 3916
8536 8740 9223 8941
2693 5428 4139 5490
1042 1803 2076 2840
5636 2582 7305 2816
568 3916 979 7305
206 2852 3525 3096
6975 9637 8491 9871
5636 2368 9972 2582
8472 4410 9862 5347
3042 5557 4305 5632
1189 8098 1544 8664
4258 7392 5133 8149
3570 0 5531 1702
3340 0 3570 1702
1834 3096 3525 3916
4939 6892 5868 7271
568 3096 821 3916
2956 1830 3361 2840
9652 3159 9862 3295
5458 5426 5754 5684
6975 8740 8536 9637
1163 4985 1421 5899
0 7350 982 8098
7358 2582 8488 3146
5049 5426 5458 6892
6849 4876 8472 5399
0 9927 6032 10000
5412 3159 8472 3467
5458 5684 5748 6292
982 3916 1068 8082
3361 2232 5185 2840
