49 1136 128 4446
528 3647 1206 4365
5596 1589 6583 2512
1250 6996 1477 9334
8433 5916 9714 6292
991 6454 1248 9571
0 9599 2901 10000
3841 8964 8640 9217
9751 442 9874 2954
509 3138 3035 3614
2994 8511 3205 9055
3001 8047 5354 8371
3205 8387 3841 9579
8283 273 8706 605
4829 4260 6755 5357
1449 555 2005 1219
6923 273 8283 579
419 4379 2805 4921
5354 7983 9874 8387
7031 6275 8129 7058
419 4921 2805 5514
3645 3133 9048 3344
9048 3133 9352 5916
257 555 419 5514
3041 3138 3573 3647
9352 2957 9874 5064
4044 4650 4193 7521
912 2215 1659 3130
8129 5916 8433 7059
2268 6361 2963 6637
5034 1589 5575 2535
4195 3344 8345 3821
7293 9217 9874 9903
4110 8387 9874 8518
8640 8964 9526 9177
3396 1372 4386 2953
7390 3821 7951 4034
7390 4034 7951 5916
0 9579 3255 9599
2268 6637 2984 9578
1206 3647 3645 4379
6923 0 10000 273
2241 5877 2268 9473
257 5514 3837 5729
4195 3821 7390 4260
2985 7432 3148 7550
3837 4650 4044 7815
4168 8518 4525 8944
4967 979 8179 1589
137 1572 257 3296
3668 0 6923 579
4967 632 7323 773
257 5729 3359 5877
3668 605 4335 1169
7031 7061 9874 7983
3841 9228 4599 9452
5808 5357 6224 7983
257 5877 1250 6454
8710 442 9751 2956
844 6454 991 9540
6224 6275 7031 7983
2125 2090 3396 2957
6755 4260 7390 5916
7096 1589 8178 2176
1477 6996 2240 9334
1250 5877 2241 6996
808 555 911 2048
3866 8387 4110 8706
4967 2713 8690 2957
8345 3344 8484 3800
4525 8518 9591 8964
4202 4565 4829 7330
1408 9334 1437 9521
4195 4268 4632 4565
2268 5877 3245 6347
6755 6216 8120 6275
257 6501 786 6773
2913 0 3668 555
2805 4379 4195 4650
911 1243 2103 2183
2805 4650 3837 5514
2984 7815 4195 8047
2901 9903 8901 9988
6755 5916 8129 6216
6583 1589 7096 2176
3645 3344 4195 4379
8179 605 8710 2542
419 2215 507 4322
9591 8518 9873 9204
5354 5357 5808 7983
6632 5357 6755 5988
7951 3857 9012 5909
805 7228 844 8349
8433 6294 9874 7048
2104 2970 8936 3133
9874 273 10000 9903
6583 2176 7821 2532
4967 797 7469 966
4967 2542 8483 2704
8433 7048 9822 7061
3814 579 8176 604
3366 5729 3835 7811
4397 605 4965 2931
3267 6034 3366 7806
9352 5064 9874 5916
128 6773 722 9549
4829 5357 5208 6429
128 0 2913 555
911 555 1449 1242
2104 555 3654 1367
8710 273 9870 440
2901 9599 7293 9903
