2284 6384 8354 6626
1200 3062 1337 3349
2299 2346 3487 3064
696 9253 3197 9608
9723 574 9783 5150
250 4145 1817 4163
8354 4130 8716 6675
896 5949 2284 6626
7871 8784 9521 9196
3487 3731 3556 4628
696 7941 1361 9253
2493 7941 4453 8608
3853 574 4885 849
3197 9253 5447 9445
656 0 1200 3075
4453 6867 9382 7237
4932 5848 6570 5925
7574 7237 7863 8105
2952 207 5295 561
2282 7941 2493 9050
2172 574 3652 1925
896 5663 1382 5941
2493 9026 5474 9253
7272 8105 8541 8768
9382 6683 9665 7237
3197 9446 5252 9601
4932 4628 6544 5848
896 5003 2284 5663
2284 5473 2671 6033
3652 862 6176 897
9431 3323 9723 5606
1200 247 1371 485
2091 4687 4018 5003
7863 7237 9383 8105
5124 1166 5381 2082
6564 2920 6635 3483
4565 7237 6380 7555
7659 862 9327 1851
1914 6626 6027 6655
5381 1352 6610 2059
6801 862 7659 1955
6874 4130 7953 4956
3652 1166 5076 1904
1361 7941 2282 9050
1200 964 2172 1925
1415 157 2952 574
4513 7932 4565 8059
2299 3064 3487 4628
408 1233 520 1840
2590 6675 7676 6686
9383 4130 9431 5251
2284 5003 4932 5473
1537 5669 1899 5949
565 685 656 2703
7143 8768 7871 9141
1361 9050 2493 9253
6380 7237 7574 8105
4565 7555 6295 8022
8541 8105 9665 8768
696 9706 2353 9717
250 4163 2091 5003
8716 4130 9119 5732
7871 9196 9665 9608
1200 1925 5124 2346
6635 2346 9648 3323
3556 3731 4376 4628
4376 3731 6544 4628
142 4903 250 5867
2284 6033 8354 6384
8716 5732 9382 6691
0 0 133 7941
499 5003 757 6190
4453 8105 6186 8768
3487 2733 6635 2920
3652 913 5381 1166
3652 908 6104 913
0 9901 9665 10000
785 5142 896 5858
2196 3661 2299 3894
1415 54 9009 157
9383 7237 9665 8105
9665 6683 10000 10000
542 7013 1245 7737
6796 9608 9665 9901
9783 157 10000 5150
8733 3323 9431 3848
3487 2346 6635 2733
133 3075 1200 3871
5474 9026 7143 9141
5474 9141 7871 9608
2493 8608 4453 8768
6874 4957 7663 5909
9119 4130 9382 5732
6801 1956 9604 2084
78 7941 696 9881
9723 5150 10000 6683
8733 3848 9431 4130
1504 6867 4453 7941
7965 4130 8354 5905
3487 2920 6544 3731
6544 4130 6874 5848
2671 6004 6663 6033
9382 5606 9723 6683
1200 574 2172 964
1343 6867 1504 7724
1900 5663 2112 5933
6635 3323 8733 4130
5124 2085 9635 2346
2493 8768 7143 9026
696 9717 6796 9901
2671 5925 7066 5984
6186 8105 7272 8768
250 6691 9382 6867
9648 574 9723 3301
2671 5473 4932 5925
1200 2346 2071 3042
520 0 561 3019
