6527 1429 6805 3230
2295 6001 3873 7251
2005 8037 2254 9730
6375 769 6523 2799
5754 0 6374 2637
5974 6602 6372 7251
444 5256 1131 5327
113 2842 6243 2852
7110 4347 9616 4638
3099 5337 5353 6001
1402 835 4542 1259
9006 4638 9237 9367
4169 8292 4909 8660
9869 0 10000 10000
1257 7709 2005 9730
1623 2852 6527 3237
4067 0 4507 806
0 0 113 3237
1045 6391 1725 7251
113 0 751 1852
810 4199 1237 5256
8708 5727 8998 9367
1725 6162 2295 7251
2397 4824 7110 5337
7991 9367 9018 10000
7062 6769 7451 9276
2254 8037 2592 9730
1402 150 4067 835
5947 3237 6516 3968
9018 9367 9633 10000
920 1259 1704 1831
3873 6307 8636 6602
0 9072 1257 9730
3884 6084 4566 6307
0 7269 1956 7709
0 4199 810 5256
7110 4638 9006 5337
0 9730 5768 9971
2005 7276 2558 8037
8636 5719 8708 9367
5768 8292 6088 10000
1753 2668 5104 2814
0 6391 1045 7251
6372 9276 7469 9526
9504 4638 9622 6764
2592 8292 4169 9730
3468 4093 9556 4285
86 5256 444 5860
6171 4470 6264 4824
7469 6602 7991 9526
3468 4300 4277 4776
7106 769 7312 1413
3873 6602 5974 7251
920 0 1402 1259
6867 1768 6922 3899
0 7709 1257 9072
1237 4979 2397 5337
6922 1768 8877 3566
8242 896 9869 1429
4542 0 5389 1947
8258 6602 8635 8643
1237 4199 2397 4979
2592 7251 6088 8292
2429 9971 3088 9980
0 3237 367 4199
367 3237 3184 4199
4909 8292 5768 9730
113 1981 1753 2842
6372 6602 7004 9244
4270 8660 4833 8840
4452 4300 4888 4810
113 1913 1255 1981
751 0 920 1852
5353 5719 8636 6307
3184 3237 3468 4199
8877 1768 9621 3960
2295 5337 3099 6001
0 6162 1725 6391
1753 1259 2073 2254
113 2852 1623 3237
444 5337 2295 6162
9237 4638 9504 9367
6805 1742 9853 1768
6805 1429 9869 1742
6372 9526 7991 10000
8152 3566 8592 3928
6743 140 8242 769
3468 3237 4661 4023
6088 7251 6372 10000
2397 4199 3468 4824
8242 0 9869 896
1402 0 4067 150
4169 8867 4909 9730
9633 1768 9867 8255
6805 3972 9633 4093
2128 1259 4542 2668
5353 5337 9006 5719
