6885 2141 8056 3045
1205 6433 5229 7358
9872 5171 10000 10000
3203 2122 3425 5185
6582 0 7950 1145
1103 544 3738 1944
6181 2141 6885 3045
6866 4432 9371 5171
7531 3045 9371 3716
6181 5171 8814 5529
0 3676 797 4433
5321 544 5682 7336
7950 0 9669 1145
6181 1145 8056 2141
9669 0 10000 5171
6181 7150 8812 8027
7300 8157 7785 8500
3357 8112 3788 9108
8056 1145 9669 1591
4720 8500 8263 9298
1103 5239 1205 9298
3883 544 4756 4451
3738 544 3821 1767
2950 7358 4368 7878
6181 3045 7531 3716
1205 5239 4685 6433
1205 8112 3299 9211
6181 3716 9371 4432
6181 4890 6866 5171
1103 2122 3012 4734
1205 8032 3736 8112
3429 3954 3851 4310
5709 544 6181 7750
3012 2122 3203 5239
6181 4432 6866 4890
554 4433 698 6646
3883 4451 4698 5037
9371 3045 9669 5171
1103 0 6582 544
4720 8112 7254 8484
6181 544 6582 1145
6181 5529 8814 7150
1103 4734 2586 5222
1103 1944 3883 2122
4756 544 5229 6433
8265 8802 8809 8860
2909 9298 9444 9962
809 3676 1081 9854
5229 544 5317 7185
8814 5171 9872 9298
797 4153 808 7473
3425 2122 3883 3851
0 0 1103 3676
8056 1591 9669 3045
