7854 8315 8463 8991
9689 2774 10000 6835
3803 3655 5180 5173
779 5320 7497 5467
7497 4913 9689 5700
9444 3661 9667 3741
5249 970 5367 2589
259 3655 779 6835
1927 33 2306 2605
7030 2899 8586 3462
5523 1274 5717 4642
3634 8983 3862 9613
7270 2231 8586 2899
3709 1637 4021 2476
7857 1660 8578 1787
7030 3499 8950 3828
3862 7377 4995 9613
8586 183 9695 1781
4617 6835 5681 7377
7272 1274 7343 2083
891 2840 1922 2963
4378 5728 6205 6140
779 4144 831 5121
0 7393 1004 8983
6723 9140 7310 9800
779 6517 2520 6835
2327 348 7844 445
5717 4122 7665 4651
7030 3462 7840 3499
7896 4200 8990 4351
9742 33 9933 1387
9685 7280 9930 8139
7497 5700 9225 6495
1004 7393 1497 8983
1605 9373 3634 9613
3576 4144 3780 5131
259 33 891 1330
6310 7377 9685 8315
4567 445 5249 3626
581 8983 3634 9373
8990 3499 9386 4211
891 3626 5180 3655
779 6140 6205 6517
2313 1637 3157 2495
5853 2597 7030 3648
7030 3843 8735 4117
2747 2623 4108 2925
259 1330 891 3655
5440 1375 5500 3222
6205 6495 9689 6835
5440 1185 6957 1274
8586 2050 9565 2201
3331 446 3707 1225
7497 4651 9688 4913
2520 6517 2927 6835
7310 9140 9259 9800
2486 7377 3862 8983
2126 6835 3540 7377
9259 8315 10000 9800
5180 3626 5523 5320
2126 7377 2486 8055
5681 6835 9685 7377
0 0 10000 33
1497 7393 1899 8983
6205 5467 7497 6495
6310 8315 6544 9800
7665 4351 9663 4649
0 33 259 7393
6544 8315 7854 9140
2351 445 2508 1011
1605 9800 10000 10000
3443 33 7738 107
4378 5547 6199 5728
1899 8055 2486 8752
5523 4782 7354 5320
4995 8275 5358 8747
9689 1781 9992 2664
891 33 1489 2840
4197 1225 4567 2856
779 5467 4737 5544
3948 3221 4118 3237
859 4144 2194 5129
6070 7377 6310 9800
3540 6835 4617 7377
7125 1274 7270 2823
2313 199 7502 338
5376 8167 5502 8707
1489 33 1917 2835
9225 5700 9689 6495
7270 2085 8586 2231
0 8983 581 10000
779 3655 3803 4144
779 5760 4378 6140
5502 7377 6070 9800
2927 6517 6205 6835
779 9373 1605 10000
4995 9142 5318 9261
2508 1227 3448 1625
779 5547 4322 5745
1634 9613 1762 9774
1899 8752 2486 8983
581 9373 779 10000
259 6835 1899 7393
1927 2627 2724 2965
7343 1274 7857 2085
1899 6835 2126 8055
891 2965 3906 3590
859 5173 5180 5320
7854 8991 9259 9140
1762 9613 5502 9800
8463 8315 9259 8991
