5739 7567 6439 8056
5915 2222 7869 2731
4162 3934 5140 3973
4526 2823 5651 3579
4320 564 7068 1052
9631 2849 9882 4773
6176 8707 6541 9536
2237 4023 7244 4032
7728 2823 8101 3906
4028 243 5338 253
2803 6669 3300 7998
3818 1361 7884 1388
1340 7529 1793 9656
5836 4463 9631 4567
5577 4035 7646 4168
469 9793 4808 9794
2714 8153 3313 8224
3844 377 4422 564
5177 1394 5191 2728
1985 8413 2814 8493
3591 7026 5329 7998
8821 1236 8939 2613
1106 2823 1340 9656
1793 6451 1952 9414
1060 9656 5027 9710
5836 4187 9196 4390
2091 4020 2237 5849
2796 564 3760 908
469 7459 1060 9710
3818 1052 7068 1266
4518 8707 4614 8930
1444 4718 1968 5367
940 2107 1020 7459
9557 6648 9697 6883
8691 5505 9269 6589
3300 4892 3397 7998
5145 8229 7034 8413
9370 412 10000 941
469 5001 735 7459
7068 0 10000 328
4523 4035 4858 4138
1340 3416 4526 3579
1985 9059 4200 9606
3174 2823 4521 3416
3255 964 4320 1052
4342 9173 5027 9302
7134 2823 7526 3166
5412 4567 9631 4743
196 7056 392 7739
241 5001 469 6865
3397 5416 4665 6165
1985 3975 2062 8153
9946 2301 9973 6290
125 2107 718 4213
192 564 202 1027
9196 1236 9496 4390
22 257 3785 564
5191 1811 5915 2755
7034 7588 8091 7991
2091 5849 2237 8056
22 4639 240 6865
1800 1484 1949 2073
8917 8564 9806 9202
6643 4969 8395 6147
2908 4567 4713 4808
9267 6885 9789 8423
5027 8978 5789 9067
1949 1484 3492 1624
8395 5505 8672 6152
8917 6589 9267 8564
1444 3579 5651 3754
22 9794 8414 9963
8395 4969 9699 5505
38 122 3852 234
1060 2551 4526 2823
9813 6885 9892 8350
4342 9061 4978 9173
7034 7991 7809 8707
2569 4567 2908 6669
5579 4892 9699 4969
1029 712 2428 857
7068 412 8086 1266
9699 4808 9900 6885
469 9711 8583 9742
735 2107 816 7459
8456 1236 8814 4187
8959 1236 9196 3103
3397 6165 8691 6271
2091 8056 4893 8153
5058 406 5634 564
3397 5120 5579 5206
8667 9711 8920 9890
7809 7991 8335 9202
1968 3975 1985 6451
8335 6608 8632 9202
9496 1236 9631 4463
125 1484 1020 2107
2032 9963 3430 10000
3492 1484 4526 2551
6599 8707 6958 9134
1949 1624 3375 2115
2483 6029 2569 6526
2091 3975 7674 4020
2569 6669 2776 7260
5329 6608 5733 7984
1020 2551 1060 7459
0 122 22 8729
5836 4390 9496 4463
9709 941 9967 2211
5739 7134 6988 7342
9924 5398 9946 5490
2908 4808 3300 6669
3397 4932 4215 5120
697 4679 703 5001
2062 3975 2091 8153
6347 6147 8390 6165
1340 3579 1444 7529
9709 2301 9946 2849
3397 6271 3591 7998
3797 6433 5464 6608
5634 0 7068 564
9269 6117 9606 6589
22 6906 276 7056
5651 2823 6379 3438
3818 1266 8086 1361
4665 5416 5101 5885
7637 6627 7962 7567
8456 941 9631 1236
5579 4969 6067 6025
9900 4808 9924 10000
8691 6589 8917 9202
9631 941 9709 2849
1793 5367 1968 6451
6439 7567 6873 8050
5145 8056 7034 8229
5191 1394 8086 1631
5651 3438 7728 3754
8456 412 9370 941
6379 2823 7134 3438
5794 8707 6142 9674
25 1394 122 4585
2435 4337 4312 4358
3844 257 5634 377
2428 1052 3818 1394
3591 6896 4472 7001
7709 9280 8650 9569
2435 7998 5739 8056
4342 9302 4907 9580
5270 4201 5836 4253
1020 2275 3492 2551
7068 328 10000 412
3591 7001 5311 7026
1949 2215 3485 2275
5915 1811 8086 2222
6084 4969 6643 6147
1968 3934 3991 3975
8814 3103 9196 4187
5177 2755 8456 2823
8814 2652 8959 3103
22 2049 24 4345
469 9710 6993 9711
1444 5367 1793 7529
1968 3754 7728 3934
125 1394 5177 1484
8086 412 8456 2755
7674 3934 8456 4187
0 8 5199 122
5191 1631 8086 1811
7350 9202 9087 9229
1060 2823 1106 9656
4893 8056 5145 8413
1444 3754 1968 4718
8632 6608 8691 9202
4526 1484 5177 2823
2237 4035 2429 7948
3397 5206 5579 5416
1681 2823 3174 3158
816 2107 940 7459
3300 4808 9699 4892
6550 6271 8671 6593
