75 2584 79 8631
6199 6096 7975 6193
547 7319 7396 7443
5961 6772 8298 7161
23 0 75 9941
745 7865 1289 8286
1657 212 6918 235
8941 4268 9629 5067
615 6772 976 7294
8822 86 9415 608
5373 8117 6643 8284
331 423 494 8934
615 718 2183 1350
1260 1913 2183 2290
6047 927 6917 1662
4177 5156 6047 6193
4344 8723 4772 9563
7981 235 8094 4445
176 901 233 7192
2713 3866 3656 5124
1217 6333 4177 6527
2183 718 4295 803
3267 2633 3511 3237
7180 1662 7290 4668
6917 927 7290 1662
976 7161 8298 7252
615 1350 735 6772
5935 273 7019 388
4772 8825 8562 8914
8941 7151 9340 8352
2880 5124 3656 6280
5614 555 5722 4411
8606 1741 9408 3329
4177 2290 4486 5156
1289 8499 7396 8723
1289 8117 5373 8284
7390 927 7610 6096
5164 1187 5266 3780
8455 1407 8490 4342
1708 2290 4177 2633
5722 918 7391 927
233 8934 4344 9502
547 7443 4563 7587
9463 5135 9591 9559
494 8769 4344 8934
7721 927 7768 4628
1289 8475 7396 8499
1289 7865 6663 7907
6259 9707 8562 9941
5266 2376 5614 4411
8562 86 8606 9970
1005 1350 1217 6575
8941 8352 9463 9970
6047 1662 7180 2864
4295 437 4313 1468
95 1816 149 7846
6425 8976 6543 9034
9600 5135 9977 6347
735 1350 986 6584
6047 2864 7180 3363
153 423 170 9380
170 9502 4344 9563
2654 2251 4486 2290
1505 4242 2588 6283
8951 3329 9678 4266
1289 8284 6663 8475
8606 3329 8622 9824
3173 235 3271 364
976 7252 8298 7294
547 2286 615 3014
1289 7907 6663 8117
1289 8723 4344 8769
0 9970 9463 10000
2183 803 2654 2290
5722 927 6047 5156
6663 7466 7396 8475
1260 2290 1708 4242
4177 6279 7981 6527
976 6772 5961 7029
547 7294 7396 7319
75 9742 6259 9941
9674 1522 9726 3301
9425 900 9999 1447
3271 235 5800 410
2654 803 3408 2251
976 7067 5961 7161
4563 7466 6663 7865
8154 5356 8293 5966
0 0 23 9970
3656 3323 4075 6333
4486 902 4521 1828
4526 1186 4962 1770
75 17 4682 86
1260 4242 1504 6319
494 7587 4563 7865
7396 7294 8298 7696
1217 1350 2183 1913
6199 4668 7290 6096
735 6584 7981 6772
5280 622 5599 2376
2713 3397 3493 3866
3408 803 4295 2251
8298 5277 8380 7681
8622 3329 8817 9970
7396 7696 8296 7962
23 9941 8562 9970
233 423 331 8934
4177 6193 7981 6279
6543 8914 8562 9236
7768 423 7981 6096
976 7029 5961 7067
1217 6527 7981 6584
8154 1533 8425 4827
7290 927 7390 6096
986 1350 997 4754
9726 1447 10000 4268
149 365 3069 423
4075 3323 4135 4316
6047 3363 7180 4578
4156 3323 4177 6205
2692 2823 2713 5291
1217 1913 1260 6333
5266 484 7307 555
6047 4578 6199 6192
6199 4578 7129 4663
4524 4411 5316 4958
4772 8723 7396 8825
4563 7443 7396 7466
149 9563 6543 9707
149 9707 6259 9742
494 423 547 7587
615 423 4295 718
6543 9236 8562 9707
4772 8914 5218 9439
1708 3326 2503 4065
75 86 8184 201
8817 3329 8941 9970
