4819 7420 8229 8487
9338 2621 9552 4248
0 253 201 1644
3393 124 3854 9500
5022 317 5767 7420
845 7143 2483 7226
8434 7889 9191 8394
5843 4503 6490 6763
7702 4269 7860 5442
845 2265 2425 5652
937 1919 2058 2112
4819 0 9677 317
8434 4268 9059 7738
5767 6763 7864 7420
2618 2265 3120 8597
7419 4269 7527 6707
6573 9354 8581 10000
845 6095 2484 6285
9677 6416 9956 9293
4327 124 4419 8929
4419 124 4495 8487
9122 4268 9322 7558
8434 1190 9338 4268
845 5764 1532 6095
7864 1190 8434 7420
4327 8929 9677 9354
845 6342 2189 7143
8581 9354 9572 9894
5767 1190 5843 6763
9338 1190 9671 2488
845 7226 2483 9399
3180 352 3375 9099
345 2695 845 8648
5767 317 9677 1190
1911 124 2284 1494
7419 1190 7864 4269
4419 8487 8421 8559
4327 9354 6573 10000
7527 4269 7696 6753
6490 2225 7419 6763
2483 7143 2618 8859
845 9399 2618 9538
8229 7420 8234 8483
2484 2386 2569 5783
33 0 4194 114
5843 2225 6490 4503
3869 124 4327 10000
0 9538 3253 9721
3865 4184 3869 7245
9677 0 9934 4764
9338 4268 9638 8906
4819 317 5022 7420
5843 1190 7419 2225
4419 8560 7977 8811
4495 0 4819 8487
8149 8584 8412 8929
2505 124 3166 1970
