7907 6807 8335 7747
2756 3228 3202 9352
0 1804 3641 2631
7377 0 8044 2852
4269 3883 6538 5263
3202 5263 5849 5276
9377 2169 10000 2711
1157 6479 2481 7146
0 4855 2481 6479
1157 9352 8335 10000
7687 8787 8322 9330
3202 5747 5577 7193
8044 0 9279 4364
6905 5364 7246 6807
3202 7193 6145 8286
6145 5466 6905 6807
7246 2852 8044 4364
9279 0 9377 8596
6145 6807 7907 7747
0 6479 1157 10000
3661 2151 6538 3185
6538 775 6905 5466
3202 8286 6145 9352
1157 7146 2756 9352
0 2631 3661 3185
8335 6807 8383 8506
6905 3753 7220 5277
3367 0 3409 497
2481 3228 2756 7146
7246 4364 8487 6807
9377 2711 10000 8596
6145 8245 8335 8787
3661 1295 6533 2151
0 3185 2481 3782
0 3782 2481 4855
826 0 2933 722
3202 3228 4269 5263
5052 0 6905 775
6145 7747 8335 8245
2481 3185 6538 3228
8487 4364 9279 8596
579 775 2660 1735
3202 5466 6079 5747
5577 5747 6085 6475
8411 6807 8487 9441
7246 0 7377 2852
8487 8596 10000 9455
4269 3228 6538 3883
8335 9455 9953 9937
9377 495 9934 1474
2692 1259 3621 1803
2692 878 5515 1259
