5744 5852 6845 6474
7914 7050 8065 7307
8210 1370 9201 1665
9146 6401 9737 8576
2702 7781 2752 9119
1865 7966 2678 8020
3682 3214 4132 5008
9146 8576 9350 9686
0 8081 1583 8359
4703 5474 5482 6616
1444 438 5105 628
559 2404 935 5721
127 9306 1583 9419
935 2404 2155 2573
0 6966 1583 7671
6764 1811 9737 1920
1036 2573 1394 5628
5105 312 5930 1410
2562 5008 4132 5556
8641 8343 9146 9686
1583 7236 2702 7966
1744 3357 2155 5556
3682 1410 4982 1556
1744 2573 2155 3357
1444 267 8376 312
556 1585 2246 2404
1130 1565 1671 1585
2702 6691 3757 7781
5991 4715 8468 5474
8626 5053 8836 7386
9737 0 9828 2195
6695 1685 9737 1811
8836 5053 8939 7956
3209 1410 3561 1534
5482 7451 8836 7781
9484 1920 9737 3223
6854 3223 9737 3751
9350 8576 9737 8749
6049 3429 6274 3977
5482 6474 6123 7238
6854 2787 7844 2906
716 9569 7513 9686
3791 1556 4443 3214
7409 5999 8468 6071
2348 942 2451 5556
2451 4406 2562 5556
1744 5556 3782 5682
6560 1573 6695 4008
6695 1811 6764 4177
7409 5851 8468 5999
150 0 599 697
38 6749 55 6924
4132 3214 4443 5887
5991 4008 6695 4715
6838 312 7584 950
1583 6691 2700 6923
716 9467 4185 9569
4132 5887 4703 6651
1444 733 3209 882
1394 2573 1744 5802
2752 7956 4682 9001
1583 6928 2659 7236
2752 9001 4343 9444
150 5802 2582 6651
5640 8343 5985 8975
4703 4008 5991 5474
1750 7966 1865 9419
5 0 150 6081
127 9419 2324 9445
6695 1370 8207 1685
8939 5517 9447 6401
7930 6071 8319 6956
3682 1556 3791 3214
0 7671 1583 8081
2822 942 3209 2363
4703 9001 7470 9543
5162 1410 5437 4008
1583 7966 1750 9419
4982 1410 5162 4008
7922 1920 9098 2452
625 882 3209 942
8468 4715 8590 6428
9350 8749 10000 9907
3757 6691 5482 7781
716 9907 10000 10000
3086 7939 8599 7947
1444 628 5105 733
6228 6474 6845 7386
2155 2404 2246 5556
8626 3751 9664 5051
1444 312 5105 438
2246 1524 2348 5556
743 489 1444 521
2451 942 2822 3232
5930 1573 6560 3429
281 1579 556 5657
0 6651 5482 6691
7584 312 8360 1365
4443 1556 4982 4008
5482 5474 8468 5851
6764 3751 8626 4177
280 6691 1583 6966
4523 9001 4703 9452
4682 7956 9146 8343
9156 1920 9484 3178
5482 7386 8836 7451
7409 6071 7930 7050
7513 9001 8638 9684
5930 312 6695 1573
6695 4177 8169 4491
2582 5917 3472 6432
6806 1920 6854 3023
3209 733 5105 1043
2451 3232 3682 4406
6854 3107 7847 3223
2562 4406 3682 4718
2822 2363 3682 3232
5437 2121 5907 3291
3 8359 127 9750
716 9686 9350 9907
4443 4008 4703 5887
2752 7781 8836 7939
150 942 1835 1448
6845 5851 7409 7386
9737 8076 9955 8342
6695 312 6773 1369
8472 707 9659 812
127 8359 1583 9306
127 9452 716 10000
3209 1043 4666 1349
2297 8021 2633 9090
8939 6401 9146 7956
2562 4718 3682 5008
625 0 8376 267
