9583 1819 9663 5000
8267 3276 9583 3511
9001 1293 9583 3276
5323 1175 5546 7366
3268 7671 3759 8935
3759 7671 4382 9304
8267 2576 8894 3269
830 8879 1645 9478
0 534 108 10000
8267 5807 9457 7898
2027 7386 4728 7671
8008 3012 8267 5496
1722 1360 1808 3028
5323 7366 6096 8938
9457 3911 9583 10000
4728 5869 5107 9319
6096 4996 6169 8279
1144 0 1211 331
6169 6510 6830 8278
382 7422 1771 8879
6232 1175 9583 1293
6096 8279 8317 8602
1808 1360 4901 2167
108 1360 382 9621
6031 4996 6096 7366
6031 4728 7527 4996
2792 3032 4901 4843
1211 443 5323 534
7186 6510 8267 8279
5107 534 5270 7982
3759 9319 9373 9414
7527 3012 8008 5496
8267 5560 9231 5807
5546 3012 6031 7366
803 6181 1602 7422
6231 443 10000 1107
8377 7898 8725 8277
5546 1175 6232 3012
382 3032 803 7422
6232 1293 7175 3012
5323 443 6231 1107
1696 3164 2738 3768
2027 5084 4901 5869
108 9636 1159 9838
8267 3911 9357 5519
108 534 5107 1360
7175 2576 8267 3012
1771 8935 3759 10000
3759 9426 9352 9991
5323 1107 9583 1175
1771 5084 2027 7671
8267 3511 9561 3908
6244 4996 7527 5442
3321 5869 4589 7299
382 1360 1630 2105
803 3768 2792 4843
6031 3012 7527 4728
1771 7671 3268 8935
7175 1293 9001 2576
1211 0 10000 443
5284 534 5323 8930
1808 2167 4679 3004
4901 1360 5107 5869
803 4843 4901 5084
6830 6510 7186 8279
6169 5496 8267 6510
2031 5947 3317 7386
5107 8938 9152 9200
