985 6817 1190 7955
3163 594 4821 697
2810 457 3163 4447
1018 840 2457 856
2986 8800 3185 8817
3567 900 3775 4398
5993 9124 6057 9681
908 129 1958 840
6419 4456 8522 4480
2621 145 2728 4742
5429 2503 6176 3834
5251 7990 9886 8270
372 0 856 762
2728 4447 6035 4742
8118 1924 8705 2620
2467 7275 4379 7409
6195 8339 9886 8520
1444 7944 1616 9106
66 9706 1344 10000
6337 973 6355 3562
586 8595 779 8711
6746 5542 8809 5618
6195 8520 9886 8607
4390 5982 4444 9124
9725 145 10000 4636
9480 5892 9886 7990
2457 5174 9886 5261
3190 697 8670 728
3414 4398 4884 4447
1344 6817 1434 10000
4231 9244 5625 9643
3196 922 3279 4360
1969 9882 3654 9995
944 840 985 8711
7690 973 8057 3631
4231 9681 9886 9728
2132 1359 2169 5302
1969 9271 2467 9882
887 129 908 7191
1821 1879 2132 3480
9042 5261 9886 5778
3775 973 3845 2438
3279 900 3386 4447
5251 7599 8400 7795
6337 3631 9146 3845
9886 6834 9983 9528
4131 8817 4231 9728
4434 973 4464 4398
6337 4014 9142 4145
6176 2503 6334 3870
3490 8817 3846 9882
3846 8817 4131 10000
3775 2438 4185 4398
2960 6213 3020 6670
5450 5982 6746 6088
2471 145 2621 5125
6371 594 8084 653
1638 8338 1969 10000
5033 2147 6335 2424
6419 4636 10000 4740
3912 1045 4423 1751
651 1726 790 4213
3365 6976 3759 7063
2960 5694 5329 5791
8105 2773 9037 3631
2241 5555 4261 5694
6195 8270 9886 8339
8400 6787 9024 7795
5251 7432 8400 7599
6419 4480 9146 4636
4444 7324 8400 7432
6967 4319 9077 4438
4185 2438 4434 4398
4231 9124 5993 9244
6776 6011 8891 6062
9082 8607 9886 9681
2019 7074 4390 7275
3912 1751 4411 2433
6355 1127 6695 3284
1638 1879 1821 5542
6776 6267 8400 6778
1483 1879 1638 7395
7686 5072 9886 5125
2960 5892 9480 5949
3163 546 8943 594
3446 145 9330 333
4444 5982 4924 7324
6195 8607 9082 8740
8945 8921 9082 9681
6150 6088 6525 6756
9037 416 9125 3568
5272 4145 8956 4199
3845 973 3912 2408
1018 1934 1407 4371
5251 7795 9480 7866
3163 697 3190 4447
2132 5462 8930 5542
2595 8258 3782 8684
3277 5949 9460 5982
2019 7275 2454 9108
1958 129 10000 145
4924 6971 8400 7151
2621 4742 6035 4956
586 8711 985 9314
7686 4767 8208 5063
2457 5261 7977 5400
372 1726 541 4763
8105 728 8238 1922
6745 8740 9082 8921
9428 2173 9431 3276
6195 8740 6745 9681
5251 7866 9480 7990
6847 5791 9844 5887
856 0 887 7191
7499 4747 7686 5112
887 62 10000 129
8545 4740 9534 5054
66 9314 1344 9706
6745 8921 8945 9304
2728 416 6785 457
3446 333 4576 416
6812 438 8290 546
4231 8817 4390 9124
5191 1793 5457 2071
2317 5417 4404 5450
5251 8613 5983 9124
1483 1359 2132 1879
1958 145 2209 344
1821 5302 2196 5459
6776 6062 8400 6267
3190 728 8105 900
9428 3408 9645 3617
2457 5125 9886 5174
6035 4447 6419 4956
7330 4270 7923 4288
6337 3845 8250 3881
2169 856 2317 5302
4131 9728 8471 9982
3081 9267 3490 9860
2505 9108 2776 9334
8416 6062 9480 6138
6525 6088 6776 6778
6745 9304 8945 9681
2019 5542 2241 7074
2960 5791 6847 5892
8057 973 8105 3631
908 840 944 7191
1018 856 2169 1359
8238 962 8504 1509
3386 900 3414 4447
5329 5778 6126 5788
887 0 10000 62
1969 5542 2019 9271
4464 973 6337 1793
6700 2152 7481 2703
1616 7395 1638 9981
1638 7571 1969 8338
6057 8270 6195 9681
4338 506 6811 522
5450 6778 8400 6940
2728 457 2810 4447
4168 7806 4265 8051
4444 7432 5251 9124
6355 3284 7690 3631
3803 7409 4168 8394
4924 5982 5450 6940
8400 6214 9104 6779
8705 594 8943 2773
3775 921 6294 973
14 4223 116 6193
9330 145 9394 4636
985 840 1018 5698
9596 145 9725 3408
9394 365 9596 2173
2728 145 3446 416
2241 5694 2960 7074
4924 6940 8400 6971
3277 5982 4390 6976
372 1532 847 1726
3414 900 3567 4398
9146 333 9330 4636
3006 8817 3490 9267
985 5698 1434 6817
0 9314 66 10000
5167 2503 5272 3794
2467 7478 3669 8258
4924 7151 8400 7324
273 0 372 5689
1434 1359 1483 7395
4464 2147 4888 4393
8943 416 9037 2773
555 3314 586 4511
9394 2173 9428 4636
9394 145 9596 365
2317 856 2457 5417
1821 3813 2018 3981
2457 840 2471 4979
1638 5542 1969 7571
2621 4956 6419 5125
1821 3981 2132 5302
