428 9544 5847 9793
5792 3788 6766 5750
7866 6621 9716 8508
428 9381 7138 9442
7599 4751 8115 6621
1079 1085 2562 1411
563 8614 4118 9374
8115 4751 8848 6621
8772 0 10000 3980
9716 3980 10000 9150
6915 3324 6929 7830
6442 0 6929 3324
4928 7506 5949 7807
2504 4254 2776 6616
3593 3324 6766 3788
1155 8415 2930 8614
7599 3980 9716 4129
1079 1751 5647 2253
8848 4129 9716 6621
391 4616 2502 4835
6766 3324 6901 7233
1079 2253 1705 4210
0 8163 428 9793
0 7089 2196 7697
215 6616 5688 6763
3593 5750 5296 6457
0 7866 6929 8053
4191 7089 4928 7866
7138 0 7158 9560
0 4254 215 6763
6450 8163 7138 9381
3483 2256 5399 3258
428 8163 3864 8371
7158 9150 10000 10000
2776 4254 3050 6616
3885 3788 5792 5750
5647 0 6096 1245
6929 0 7138 8163
7649 8508 8107 9128
1079 1411 4447 1751
0 8053 6929 8163
0 0 5647 918
7158 0 7255 3363
428 9442 7094 9528
391 4835 1042 6304
0 918 1079 4254
8209 719 8772 3952
3050 3324 3593 6616
3021 8375 3307 8601
216 6266 391 6323
2196 7089 4191 7866
460 7697 717 7802
4118 8163 6450 9381
5768 3043 6442 3324
7306 874 7561 9082
5688 5750 6079 7089
7667 6621 7866 7246
7599 4129 8848 4751
4447 918 5576 1746
7565 3980 7599 9100
6518 5750 6697 7303
0 6763 5688 7089
8107 8508 9716 9150
215 4254 2504 4616
0 9793 7158 10000
7629 40 8033 617
3593 3888 3777 4256
7721 981 7751 2650
1861 2253 3034 4243
6079 5750 6518 7866
