6400 2106 6835 3257
2270 6647 6138 7237
1665 8036 2254 8766
6172 2106 6400 3421
3033 0 7311 353
6138 6647 6314 8141
1087 5150 1107 7589
689 2658 1005 2852
7427 1981 7684 4757
2780 5683 4565 6392
309 556 2255 1259
8700 4981 9191 7221
4908 8141 5340 8775
9816 1166 9993 8643
1928 7513 4255 8036
1524 2756 6172 3161
2255 556 4172 741
0 0 36 9463
1524 5352 1928 6830
36 353 7311 511
1115 4949 1262 8036
36 9366 9504 9463
1928 5352 2270 7237
2780 4534 5130 5392
0 9972 10000 10000
1115 9167 9175 9288
2289 9729 9628 9813
2255 765 4420 1674
6172 3421 6938 3964
2289 9676 9533 9729
457 1732 4461 1844
2270 6392 7427 6647
0 9463 2289 9815
4565 5861 4906 6307
1262 6830 1928 8036
723 2852 1115 5150
7427 4757 8675 5859
0 9815 9709 9971
2254 8036 6138 8141
7708 5859 8645 6140
36 9324 9504 9366
1524 2652 6172 2756
36 511 131 9324
1115 9288 9165 9324
9504 1166 9533 9676
2254 8141 4801 9087
3338 4047 7076 4340
417 1732 457 7077
6205 4441 6264 4999
5340 8369 9194 8775
3338 4340 7076 4441
7311 786 7633 1198
4255 7237 6138 8036
36 148 3033 353
6172 1981 7344 2081
131 7077 723 9324
1262 4949 1524 6584
7710 786 8591 4757
9709 1166 9815 9604
4542 765 7083 1414
5340 8141 8675 8369
1115 2852 1524 4949
1928 7237 4255 7513
0 9971 5931 9972
309 1732 416 5155
1524 3161 2780 5352
4908 8775 9202 9087
131 511 309 5773
6314 6647 7427 8141
4801 8141 4908 9087
2780 4441 5130 4534
457 1913 1599 1981
309 511 7302 556
4975 5683 7427 6392
3338 3974 7076 4047
8675 1230 9302 3831
2270 5352 2780 6392
131 5773 417 7077
958 1259 1754 1659
457 2852 617 6810
723 5150 1087 9324
9202 4981 9499 9256
7684 1472 7710 4520
4542 1472 7166 1845
6847 9463 9504 9676
8591 1576 8671 3567
7311 26 8580 769
3338 3587 5761 3974
2289 9463 6216 9672
2780 3161 3338 4441
8675 0 10000 1166
48 12 3033 148
1115 9087 9097 9167
9533 1166 9709 9729
7076 3421 7405 4461
457 1982 5598 2652
2780 5392 7427 5683
