6423 9646 8255 9862
2289 3832 2595 6145
6398 7244 6423 9862
7308 0 7447 3181
3157 3832 3990 4398
6711 7244 6894 9063
6222 69 6793 2869
4778 4398 6111 5305
597 655 633 6888
2868 8394 3393 9680
1755 7595 4175 7871
6021 69 6221 2855
383 1721 438 8386
1951 2871 2022 6145
2352 3621 7308 3791
438 9862 3381 9939
597 9680 3936 9734
4207 7058 4792 7457
1755 6797 3184 7019
1755 8285 3936 8382
8942 8992 9483 9066
3157 4398 3200 4825
2034 108 4529 380
6423 9407 8255 9646
1780 3671 1951 5129
8135 6235 9873 6320
6267 6816 6632 7244
2667 3832 3157 4864
7308 3315 7581 5528
9970 0 9994 7809
3931 6786 4495 7003
4778 6019 9829 6213
4363 1521 5608 2173
7213 6695 7380 8309
9461 1670 9509 1896
1279 9349 2439 9680
5924 69 5996 2510
5212 7057 5428 8099
5177 1224 5917 1337
1494 1224 4869 1278
1413 1443 1494 5364
8794 7195 8942 9066
8227 6320 8942 7195
5212 8099 5379 8196
155 239 260 10000
1755 2556 1776 6275
4269 7457 4797 9828
739 655 3965 892
6894 7244 7156 9050
8320 3315 8462 5011
1085 892 4240 1218
1494 1558 2831 1671
0 239 155 3248
6398 3832 7193 5345
1951 6145 4348 6235
8227 7195 8794 7671
5493 8143 5735 8792
9513 641 9715 5376
1149 4663 1352 5217
9419 641 9461 4287
1761 2045 3984 2214
4778 5886 9104 6019
1755 7089 3104 7595
9715 741 9867 5024
7507 97 8644 252
265 239 373 9496
8118 3315 8320 4810
9562 5376 9775 5790
5428 6634 6782 6750
2595 5692 4348 6145
7212 6628 8135 6695
1494 1284 5163 1336
3986 4779 4573 4832
438 69 2034 655
4222 7457 4269 9612
2352 3134 4170 3621
1755 7981 3936 8285
528 655 597 9734
438 9828 6398 9862
4244 380 4529 1105
4529 69 5262 1218
1494 8382 3851 8394
6437 7621 6708 8089
1951 6235 5164 6516
7203 2030 7271 2461
373 9939 9387 10000
1239 2270 1411 4663
8135 7671 8794 9015
1365 7626 1389 9239
0 3248 155 10000
6950 69 6989 490
3381 9862 8255 9939
1494 1521 3064 1543
4778 5528 9015 5847
1149 7014 1279 9680
7746 8126 8021 8632
1085 4669 1149 9680
9491 4287 9513 5376
1755 6606 5392 6778
964 892 1085 9680
4170 2907 6214 3621
3965 380 4237 891
1776 2216 5842 2428
6793 69 6949 3491
3393 8394 3869 9680
4348 4864 4778 5261
8462 3667 9066 4165
9271 641 9419 4287
5799 7244 6398 9825
4104 1521 4217 2134
260 239 265 9042
7195 7404 7212 9040
2205 380 2833 571
7746 9015 8794 9066
0 33 346 239
4396 5261 4763 6234
8255 9407 9387 9939
1755 1681 2988 2029
3990 3832 6134 4398
4797 7057 5212 9202
2595 3832 2667 5692
2352 3791 7193 3832
4778 5850 9101 5886
2439 8394 2868 9680
9387 9407 9450 9837
7581 3315 8110 4479
6134 3832 6398 5345
2667 4864 4151 5675
9104 252 9715 641
640 655 739 6625
739 6690 964 9680
7581 4527 8112 5528
4797 9202 5212 9828
3869 8394 3936 9680
438 655 528 9734
789 4977 870 6690
1951 6516 5418 6606
7452 194 7494 2708
7507 650 9006 986
373 4 7180 69
5428 6516 8135 6628
1755 7878 4207 7981
7193 3791 7306 5479
9873 24 9900 6309
8320 5011 9089 5490
9148 641 9271 4195
9900 24 9970 9407
5262 69 5924 1218
2289 3134 2352 3832
5164 6235 7387 6506
1608 1681 1755 5352
2034 80 2487 108
1776 2428 5924 2774
1279 7014 1318 9245
6423 9066 9900 9407
1776 2774 6008 2871
7380 6695 8135 7948
2022 2871 4170 3134
9453 5322 9491 5731
4778 5345 7193 5528
7452 0 9926 24
8135 6320 8227 7671
7508 2725 7649 2846
7380 7948 7746 9066
8942 6320 9483 8992
2022 3134 2289 6145
3936 8017 4190 9588
1494 1218 5733 1224
438 9734 3936 9828
1494 1337 5876 1520
7649 2753 8377 3305
9483 7733 9899 8822
1411 8394 2439 9349
