4192 8689 9383 8902
4192 8320 7119 8584
4345 1002 4784 1583
1913 401 1978 5633
4192 7953 8988 8121
2065 5634 3793 6425
7888 2579 7964 3087
9937 0 10000 9955
0 1845 519 2839
2065 6425 2624 9256
8988 6114 9093 8320
0 2855 1402 3126
1549 401 1913 4828
3670 1002 4345 1841
3902 7953 4192 8801
3793 5634 6363 6631
7119 8320 7846 8550
6887 6821 8524 6893
7158 284 9099 391
1978 4964 6363 5364
5842 1012 7944 1179
6790 1179 7859 3065
8524 1268 8554 1798
1978 5364 6363 5634
7979 4853 9383 5595
2458 1002 3670 3317
2011 401 2399 2972
5912 7201 6887 7953
2628 6425 3442 9257
9033 826 9383 4853
634 391 9414 401
0 6211 1056 8285
0 9955 10000 10000
0 8285 979 9462
5842 401 7944 1012
9607 391 9838 7232
3447 6425 3530 9225
2458 3317 3670 3828
4845 2587 5709 3381
6623 5477 7886 5587
9859 134 9937 7232
1873 9410 2550 9481
4845 3603 5983 4490
2399 3828 4845 4712
5912 6825 6509 7201
186 4828 1886 5562
6623 3546 7979 5477
7944 401 9383 826
3670 1841 4845 3828
7035 6217 8641 6683
1150 8800 1837 9637
4192 8121 8988 8320
6623 5595 9383 6037
2819 9410 9761 9596
6163 1179 6363 4964
1978 2986 2395 4496
0 5634 2065 6211
3793 8902 9607 9260
1978 4712 6163 4964
9838 134 9859 7232
9383 401 9607 8902
7944 826 8551 1155
2399 401 2458 3828
0 9844 9937 9925
9607 7232 9711 9063
5863 1480 6115 3411
6887 7459 8988 7953
4192 8584 9383 8689
4845 401 5842 2587
8554 826 9033 1808
0 3276 1470 4415
3793 6821 5912 7953
2819 9596 9761 9646
3793 6631 6363 6821
6363 1179 6623 6114
1873 6211 2061 9340
2492 9925 3773 9955
2458 401 4845 1002
6623 1179 6790 3546
0 9646 9761 9844
2065 9260 9761 9410
9093 6114 9383 8584
6623 6037 9383 6114
634 0 9937 134
7979 1808 9033 4853
1056 6211 1873 8800
634 1048 1280 2006
6790 3087 7979 3546
3530 6425 3793 9260
9761 7232 9927 9633
1365 401 1549 2822
