7912 3573 9077 3846
6468 4153 10000 4285
3593 4463 8462 4808
3845 1889 5237 2298
905 962 1873 1404
3530 1889 3593 4808
5237 1889 6565 2289
0 7536 320 9806
0 6889 191 7536
3335 6091 4643 6768
1081 7000 2463 8799
0 2635 182 6889
4918 3087 6815 3296
7760 3293 9359 3476
8064 4808 8342 5058
5107 6091 5876 6337
191 1542 448 6480
7721 2758 7760 3624
3530 4808 4504 5072
5475 7725 6121 8799
7578 774 8502 2262
8507 4285 10000 4917
4240 6859 6121 7725
673 9457 7973 9494
4666 6091 5107 6818
9280 6731 9769 9549
1010 1542 6583 1639
128 222 1214 839
4314 9157 9161 9345
8507 4917 10000 6028
2574 5410 8064 5613
8507 6731 9161 9157
673 9494 2222 9503
8507 6028 9441 6730
8636 0 8739 673
5036 5613 8064 6091
768 9035 4314 9345
1010 3713 3030 4245
5595 4808 6355 4867
8103 2262 9650 2318
7385 0 7578 2319
768 1542 885 9035
3465 9867 7269 9968
3845 2319 4596 4153
1081 8924 8280 8970
768 9417 7973 9457
5849 3595 6568 3698
6911 2319 6959 3960
673 9604 7869 9635
191 1465 6583 1542
8462 4463 8507 9141
8243 9495 8566 9556
7760 2758 9657 3293
9161 6731 9183 8130
7578 0 8511 774
3516 1889 3530 5126
885 1542 1010 4245
885 4245 2025 6185
3335 6818 7998 6859
1010 1787 6583 1889
4610 3595 5849 3960
1873 942 5623 1321
1501 6803 1869 7000
449 4795 764 6354
2522 1889 3516 2838
320 7536 673 9635
4596 3960 10000 4153
3335 6859 4240 8799
8064 5285 8267 8764
7998 6818 8059 8859
885 8970 8280 9035
7695 2319 9657 2758
1010 1889 2522 2280
2463 7524 3335 8799
4596 2319 6911 3032
6468 4285 7169 4425
2574 6106 3308 6773
9219 6731 9279 9638
8502 966 9515 1717
2099 4245 3030 5410
1010 2838 3030 3713
2463 6803 3212 7488
2030 4245 2099 6218
2574 5613 5036 6091
9657 0 10000 3960
8280 6866 8422 7633
673 7536 768 9457
2341 5410 2574 6203
4314 9035 8462 9157
885 6227 1283 6647
0 0 7385 222
4596 3296 4610 3960
4240 7725 5475 8799
5595 4876 8064 5410
3030 2838 3516 5126
1010 2280 2522 2838
7973 9556 9219 9806
768 9345 7973 9417
6121 6859 7998 8799
6959 2319 7695 3960
3593 1889 3845 4153
885 7000 1081 8611
6583 1063 7312 1760
372 9806 1525 9893
320 9635 7973 9806
1010 1639 6583 1787
191 1404 6583 1465
3030 5126 5595 5410
449 2134 742 4795
1081 8799 7998 8924
6022 6091 8064 6818
4610 3296 6911 3595
1214 222 6583 942
3845 2298 7375 2319
3593 4153 6468 4463
