0 1348 455 3342
6333 2619 8436 2688
6413 4490 7565 5748
3017 9158 3589 10000
6845 6145 7614 6412
0 6640 891 7162
1400 2814 2461 3405
257 5126 1162 6374
5855 6995 5977 9964
1162 5126 2189 5427
9229 6196 9755 7846
1326 6080 4305 6252
3421 1743 5446 2313
5901 9964 6260 9980
6040 2965 6413 5748
257 4740 652 5089
7743 6412 8619 7888
25 7551 200 9818
200 8716 5242 9158
3734 0 9725 195
9967 0 10000 6196
6845 6412 7670 7888
7749 195 7942 1144
5448 1220 5461 4121
5242 8228 5855 9557
8619 6574 8631 7577
8256 195 9050 2616
9659 4677 9967 6196
200 7551 1838 7682
6216 195 7749 1505
3041 6995 5242 7397
8033 7888 8631 8439
5977 8569 6099 8715
0 1007 882 1316
9068 195 9722 1149
214 9158 1648 9492
455 3941 3190 4226
2461 396 3190 3405
4398 4383 5261 4459
1767 4474 5216 4609
1867 7991 5242 8517
3468 663 4322 1247
200 7991 994 8517
56 4740 257 5887
8843 2692 9620 3831
3041 6374 3313 6619
1838 6374 3041 7161
9005 3845 9899 4627
2965 5089 5686 5539
7335 8651 7544 9327
1162 5748 1326 6252
507 2759 863 3245
8631 6042 9263 6190
5242 9557 5855 10000
7520 3757 7565 4490
7614 5748 8619 6412
6079 1505 8256 2619
9755 6196 10000 10000
0 73 2509 396
8631 7846 9755 8439
5977 9449 9442 9964
6103 7888 6485 8179
695 4226 1555 4740
7053 8237 7366 8620
1838 7161 3041 7682
1400 1007 1916 2258
6 6378 875 6640
9643 2692 9910 3408
931 1007 1400 3405
0 3405 3190 3941
1570 4226 1767 4741
1767 4226 3190 4474
7544 8439 9442 9449
9053 1879 9663 2613
1162 5539 6040 5748
7672 6412 7743 7613
0 705 2029 1007
3041 6619 6845 6995
455 4226 695 4739
6062 1505 6079 2516
1767 4617 2720 4644
8 3941 455 4727
7565 5298 8605 5714
994 7991 1867 8517
7336 2965 7387 4338
6325 6145 6845 6594
1326 5811 4305 6080
6413 2965 7336 4490
8619 4679 9658 6042
6040 2747 8483 2965
0 7162 1838 7551
1917 2476 2432 2814
3589 9158 4946 10000
7548 8237 8033 8436
4946 9158 5159 9657
8631 6369 9207 6680
3421 3271 4093 3312
4311 3091 4945 4292
3313 6252 6321 6619
7053 8651 7322 9444
5977 6995 6840 7838
257 5089 2965 5126
7565 2965 7872 4576
1162 6262 3059 6374
5242 6995 5855 8228
311 9532 1026 9839
8631 6680 9229 7846
5759 195 6216 1274
8649 3845 8964 4579
9442 9392 9755 9964
9053 1154 9967 1879
6103 8237 7000 9438
9725 0 9967 1154
652 4740 1555 5089
4113 2313 5395 3091
200 7682 5242 7991
4305 5748 6321 6252
1648 9158 3017 10000
3190 0 3421 3864
5461 584 5683 5089
7565 4576 8619 5298
200 8517 5242 8716
4322 1220 5446 1743
1377 5751 3526 5811
3041 7397 5242 7682
5686 1505 6040 5539
3421 0 3728 195
891 6374 1838 7162
3190 3869 4112 4383
9442 8439 9755 9392
7872 2965 8619 4576
4769 239 4949 948
6321 5748 7614 6145
