9088 1191 9435 2492
2807 9007 7303 9322
7350 3384 7750 6155
7110 1596 7186 3363
8153 9209 10000 9543
7308 9155 7766 9882
0 4417 496 6616
2239 736 2859 835
8381 2666 8602 2739
7308 8962 7766 9155
3606 183 3978 736
8387 5242 10000 5406
9489 6665 9660 7102
8387 4847 9722 5242
2807 6215 3246 8433
7766 8962 9675 9209
7187 1418 8286 2331
7820 3712 8343 4804
8153 9543 10000 9775
4353 1596 6068 1977
6148 7374 9675 7458
5659 2564 6215 2819
2868 2631 3075 3976
7767 4101 7820 6435
0 9882 7766 9904
2364 3254 2821 3881
2239 837 3484 1199
8594 2840 9856 4392
6082 1913 6988 2458
9675 7281 10000 9209
6279 1609 6477 1835
3978 183 5681 431
0 2818 1087 3031
2239 1407 3412 1631
8416 0 8671 1992
2382 6215 2807 6756
7475 8480 9088 8832
689 4417 5965 4915
6567 5408 6702 6640
496 4695 529 6302
0 9904 2679 10000
735 1619 2145 1631
6814 7895 8073 8231
3246 7493 5173 7874
2807 8929 5547 9005
0 1321 593 1480
2679 9956 5632 9992
8153 9775 10000 10000
3873 4915 6527 5408
0 2145 1002 2721
0 0 735 1321
2807 9322 6827 9677
296 7602 1324 9444
6702 4366 7343 4541
7820 5406 9675 6665
5295 7493 5692 8274
1112 2570 2170 3235
1324 9157 2223 9882
9088 2492 9136 2666
7759 6665 9489 7374
2223 7150 2341 9681
6148 8480 7245 8971
6148 6640 7341 6711
6215 2504 7110 3384
5210 3384 7350 3674
3978 2375 6081 2504
1892 5863 2297 7070
689 5408 1892 6616
8381 4464 9443 4763
5839 6640 6148 9007
1882 2145 2674 2494
735 183 1079 1619
3090 3743 4286 4012
5300 720 7035 1418
3755 6546 3796 6973
4286 2504 5210 4417
120 7150 1812 7388
9867 1191 9976 2662
2807 8433 5839 8929
2835 4037 2869 4252
5134 6640 5839 7151
5210 3674 5878 4373
4353 431 5290 1195
1867 7150 2061 9060
0 3031 1112 4417
7796 9214 8153 9999
2341 6852 2744 9289
735 0 4996 183
120 9444 1324 9834
1079 736 2239 1619
7100 9322 7308 9881
8343 7458 9376 8231
3303 2504 4286 3743
7187 2399 8315 3283
4353 1198 5240 1411
3246 7151 5396 7488
120 6616 1892 7150
5965 3674 6527 4915
2297 9681 3925 9871
8346 640 8365 1047
2239 1222 3458 1401
8073 7458 8343 8231
5300 446 6739 720
6702 4541 7350 6640
9414 100 9602 1191
0 1631 3557 2145
3978 431 4097 1928
9376 7458 9675 8962
4746 2345 5575 2375
4389 1995 6037 2294
3112 2504 3303 3741
1892 5408 6567 5863
3246 6215 5134 6546
5687 0 8327 415
4353 1418 7049 1579
120 9834 1309 9882
689 4915 3873 5408
2347 2744 2358 2998
2341 5863 5134 6215
4099 431 4347 2342
130 7602 296 8904
7820 4804 8372 5400
9435 1191 9867 2492
5212 5863 5991 6619
0 9008 120 9882
1324 7642 1864 9157
0 6616 120 9008
7035 431 8305 1332
4996 0 5687 183
6148 8231 9376 8480
1079 183 3606 736
1112 3235 2347 4417
5210 2504 5651 3349
120 7393 1867 7602
6527 3674 6702 5408
3557 736 3978 2504
2869 4012 4286 4417
8671 1191 9088 2666
9675 5406 10000 7281
7588 6640 7759 6993
