627 4847 1356 5197
9049 5495 9339 8357
4097 8413 4780 9274
2633 4847 4380 5391
3822 7620 4780 8413
5633 4057 5937 4439
3426 3661 9049 3825
6502 6797 6974 7041
7977 1974 9191 2277
2633 5391 3680 5802
3681 5391 4973 5718
3519 2775 7516 3169
9368 5919 9527 6530
5940 4057 7256 4932
1679 9481 1927 9554
3297 6018 4652 7370
2771 7370 4098 7437
7256 4659 8096 6388
7500 8470 8064 9173
8579 4109 8832 7848
3086 9592 5368 9871
9049 8365 9340 8938
707 1980 1286 4847
1766 8694 1962 9260
4652 6622 5204 6859
7011 4932 7256 10000
6502 7041 7011 10000
3826 8472 4097 8812
0 13 5178 158
1932 917 2652 3304
9356 3980 9361 6827
6153 9873 6494 9979
3162 3684 3426 4210
5424 6796 6159 9873
415 639 1777 906
7351 8239 7646 8292
3929 9873 5508 9999
7256 9194 7841 9694
297 5199 793 5335
7337 8470 7500 8851
7841 9546 9959 9694
2771 6018 3297 7370
0 9274 5208 9481
0 5401 1378 6002
0 9826 2347 9828
2652 639 3519 2333
1305 1947 1594 4469
5533 320 9359 577
8096 3825 8579 9194
7256 6388 7279 9137
4320 2425 6036 2746
5940 4932 6710 5795
4165 3825 6495 4031
1594 3320 9724 3371
5605 1352 7946 2209
5208 6010 5424 9481
1777 639 2652 917
7977 577 9364 1729
6159 6796 6502 9873
0 158 3817 639
3817 158 5533 577
1766 7620 3822 8694
5533 0 9362 320
9364 0 9479 1729
9479 0 9951 1650
7841 9194 9959 9546
5157 1352 5544 2258
9049 9023 9690 9087
4780 7620 4972 9029
9824 1974 9950 6681
1594 917 1932 3304
1594 3373 3101 4625
3817 577 5157 2425
4382 4847 5934 5391
1967 8694 3820 9272
3426 3371 9112 3494
297 917 587 5068
589 917 1581 1796
9368 3371 9819 5770
7646 6388 8096 8470
7977 1729 9479 1974
5157 577 7977 1352
0 639 255 5372
7256 9694 9959 10000
7256 3825 8096 4659
2633 5802 7011 6010
3426 3494 9356 3661
3519 639 3817 2775
2371 6672 2771 7620
9959 0 10000 10000
0 7620 1766 8125
0 6672 2371 7620
5424 6010 7011 6796
1286 4647 5922 4847
0 6010 2771 6672
3012 6012 3066 6018
0 8125 1766 9274
7660 2425 9676 3236
2652 2333 3500 3297
1449 4847 2633 5906
