3638 3485 3839 4194
1463 4035 2166 4661
2983 8303 3213 8888
5359 7607 5779 9429
0 0 239 1734
6082 1489 7503 3016
3234 921 9387 1240
3039 5807 3858 6011
1379 8888 3213 9224
1379 7296 6267 7607
5012 1240 7503 1489
2221 140 2649 2911
8343 4926 8909 7085
3213 9609 3813 9815
381 6335 944 7630
2649 140 5756 320
9581 1571 9939 2210
9387 734 9959 1571
250 716 725 1833
1379 9815 4674 9906
6064 3485 6267 7245
8938 1240 9387 3485
1379 7607 3813 8303
3585 1489 3669 2976
2477 6011 3867 6345
116 7646 168 8745
7836 504 9153 785
4642 329 5330 860
751 7646 1379 8745
1463 4930 1664 7296
1685 4864 2351 7294
3863 3485 5521 4106
5779 8326 7756 9144
6267 3485 8512 4212
2673 329 3234 2255
3813 7607 4674 9815
1379 9224 3213 9370
4058 6981 4862 7265
8798 7982 9856 9600
8343 7085 9960 7982
381 3236 953 6333
2839 6348 3404 7009
571 8745 1379 9906
2351 4864 2477 7284
7503 1750 8368 3485
2649 3016 7503 3485
3669 1744 6082 3016
8368 2033 8868 2503
3957 4864 5525 6981
8512 3485 8909 4212
168 7646 751 8745
2477 4931 3144 5800
1463 140 2185 4026
953 140 1379 7646
6495 4926 7756 7607
5621 4281 6063 7296
1545 8303 1607 8760
7756 4926 8343 7982
2188 3485 3633 4231
8798 9612 9960 10000
6267 4212 8909 4926
6267 5960 6495 7607
1631 8303 2983 8888
3234 1240 5009 1405
3213 8303 3813 9609
9387 2406 9881 6268
1463 4662 5532 4863
5847 0 7836 921
9960 0 9998 3030
5525 5196 5616 5535
4203 1494 4649 1744
2188 4281 5557 4647
4704 7607 5359 10000
6267 4926 6495 5960
9387 1758 9569 2306
0 1833 953 3236
7503 1587 8938 1750
8909 3485 9387 7083
7503 1292 8865 1587
4073 1405 5012 1477
9208 86 9790 503
1379 9370 3213 9815
5333 329 5847 919
5359 9429 7756 10000
7756 7982 8798 10000
5779 7607 7756 8326
4674 7607 4703 9985
116 8745 571 10000
571 9906 4674 10000
250 0 5838 140
116 3236 375 7481
0 3236 116 10000
1379 140 1404 4017
5779 9144 6990 9427
