4878 7245 8131 8412
9336 2368 10000 2880
0 1323 871 1644
2552 56 3845 3095
3224 4095 5782 6561
2119 6743 2461 7145
8846 7133 9351 7890
5782 4095 6645 5958
7830 4095 8067 4877
932 2577 2453 6095
937 1920 2058 2113
4792 56 6634 952
8162 4095 9074 6473
3245 6734 6661 7151
2552 3095 3224 7543
6827 5218 7420 5662
6573 8971 8131 9813
845 6095 2483 6285
9759 4095 9976 7794
3224 6561 8799 6711
3765 3095 4448 4039
9089 4095 9352 6597
8043 2880 10000 4095
865 2701 932 6095
6634 56 8043 2143
8166 7890 10000 9813
845 6285 2097 7145
6573 9813 9546 9993
5782 5958 6521 6541
9336 56 9518 2368
845 7145 2483 9528
2552 7543 3224 10000
345 2695 845 8648
8043 56 9336 2880
1080 56 2450 429
6645 4095 7830 5218
4878 8412 5071 9905
5093 8515 6573 9528
6687 6734 7652 7169
6490 2143 8043 4095
2483 6095 2549 9605
0 9528 1189 9739
8225 6734 8230 7797
2453 2386 2538 5783
0 5 9301 56
5469 2143 6490 3594
3224 7245 4878 10000
1222 9528 2483 10000
3224 7241 6285 7245
9518 0 10000 2368
9366 4229 9751 7843
4792 952 5265 4095
5265 952 6634 2143
6573 8412 8131 8971
3845 56 4792 3095
8131 7245 8166 9813
1501 577 2552 1738
