49 1136 128 4446
1119 1367 1238 5297
4395 1751 7114 2086
1290 6601 1611 8256
8375 5909 9874 6199
832 6601 1290 8343
0 9599 2929 10000
4862 6735 5353 9123
9801 0 9874 4233
1659 3314 4964 3646
3126 8986 3970 9122
5353 7913 6983 8375
2113 9163 4015 9564
8256 487 8305 3314
5152 4518 6754 5909
267 708 1930 930
7495 0 8256 579
465 1367 1119 5297
6983 7949 10000 8375
6983 6311 8129 7061
2330 3646 3018 6601
6292 2530 7783 3314
8305 2651 9386 3408
257 1367 419 5297
3018 3646 4421 3839
9386 487 9747 4206
4022 4407 4188 6984
1244 1960 1659 3607
8129 6199 9867 6399
2654 6601 2881 7446
5565 2086 6717 2530
4964 3314 8305 3872
7814 9163 10000 10000
5353 8375 10000 8525
4862 9123 9580 9163
3128 1626 4394 2862
4862 3872 8228 3908
7368 3910 9382 4518
2113 9564 3973 9599
832 8357 3992 8986
1238 3646 2330 5297
8256 0 9335 487
2113 8986 2691 9154
371 5297 2330 5729
4862 3908 7367 4517
3089 7224 3148 7550
3753 4407 4022 6984
4028 8357 4525 8663
3128 1134 7113 1626
137 1572 257 3296
6012 0 7495 1134
5347 0 5640 1134
371 5729 979 6484
3487 600 4190 1134
6983 7061 9874 7949
4308 9163 4756 9542
5353 6735 6286 7913
128 5297 371 7442
8305 487 9386 2651
832 8986 2113 9334
6286 5909 6983 7913
3128 2862 5565 3314
6810 4541 9114 5084
7115 1134 7782 2086
1613 6601 2637 8343
984 5729 2267 6593
257 1301 2587 1367
3992 8699 4269 8980
4395 2086 5565 2862
8305 3408 9078 3490
5353 8525 9516 9120
4525 4407 4862 9163
1408 9334 1437 9521
4195 4407 4492 4844
3018 6281 3740 6917
7195 6199 7962 6304
371 6601 623 7172
3487 0 4190 600
3018 3897 3744 4463
1238 1367 3128 1960
3018 4463 3753 6281
3018 7550 3347 8343
2929 9898 7814 10000
6983 5909 8375 6199
4594 1628 7042 1751
3753 3872 4862 4407
7784 1134 8256 3314
419 1367 465 5297
9591 8525 9931 9094
4862 5909 6286 6735
6754 4518 6810 5904
6810 5084 9305 5909
832 8343 4195 8356
8129 6416 9843 7050
1848 1962 2799 3133
9874 0 10000 7949
6717 2086 7779 2501
5640 0 6012 1134
5565 2530 6292 3313
8129 7051 9874 7061
7495 579 8222 729
3619 6984 4424 8197
4190 0 5347 1134
3347 7550 3586 8284
9305 5084 9874 5909
0 7442 832 9334
4862 4518 5152 5909
2105 0 3487 1134
257 1134 2739 1283
281 2 2105 692
9335 0 9793 423
2929 9599 7814 9898
