702 7369 1112 7938
4098 377 4669 740
2799 3788 5951 4261
507 844 2319 857
3184 8618 3201 8817
2799 3062 4466 3641
5976 9243 6057 9686
1176 0 1958 844
7104 3674 7145 4905
2504 1677 2993 2696
4479 3062 6196 3641
5283 7870 6159 9004
389 0 856 805
2799 4544 4177 5031
8145 2174 8841 2761
2840 6971 3231 7550
6297 7795 7265 8535
777 9037 1818 9229
26 9774 4028 9882
6351 3062 6428 3667
391 8653 777 8711
8418 5433 8809 5834
7696 7795 8182 8535
3778 7021 4416 7295
9736 0 10000 3569
9560 4320 9993 7200
5096 5167 8330 5417
8045 697 8253 1513
2799 4446 4085 4502
1233 7090 1434 8551
4204 9243 5192 9774
2799 4263 4439 4437
1682 9882 3367 9995
116 5457 975 5839
7690 522 8045 3772
8550 9303 9224 9701
1336 1937 2161 2122
2002 9334 3035 9750
442 6694 903 7090
986 3062 2291 3440
9122 4477 9467 5771
3616 2027 3777 2696
2993 844 4735 1380
6297 7288 8182 7795
8958 3772 10000 4287
9844 8334 10000 10000
4022 9243 4204 9772
4441 4263 5024 4440
7917 3773 8958 4126
5714 2696 6309 3059
3231 6971 3758 9037
1858 9135 5513 9243
1027 2696 4091 2966
2840 6669 3297 6729
6061 5779 6314 6320
2236 157 5518 333
8045 522 8626 696
1159 8817 3231 9037
5566 2191 6335 2660
6351 3674 6790 5030
3616 1380 4271 1884
507 3440 1022 4006
3758 6971 4940 7000
4945 5779 5628 6865
8045 2801 8780 3772
3833 5433 4026 6865
8965 8072 10000 8334
8182 6865 9479 7350
8182 7350 9268 8022
6790 3674 7104 5029
5283 7288 6297 7417
7686 4320 9306 4475
4091 2696 5271 3062
5513 9037 7164 9243
8073 5996 9560 6067
9266 8334 9844 10000
1971 7053 2840 7550
3777 2027 4271 2696
6428 2696 7181 3670
1022 3440 2291 3980
6061 6320 9479 6754
372 4513 2799 5031
7688 4761 8009 5125
4042 5442 4945 5893
1958 532 4029 841
1958 0 3846 157
4026 6110 4945 6865
7164 8535 8182 8890
8965 8707 9231 9100
6314 5847 7117 6159
8780 2801 9038 3772
7686 4130 8953 4287
3616 1884 4271 2027
656 4006 2291 4513
7265 7795 7696 8535
3009 1380 3174 2006
8809 4741 9122 5996
3758 7850 4148 9037
4026 5893 4945 6110
1948 8258 3184 8817
3846 81 5518 157
5283 7021 8182 7288
4177 4544 5938 5013
777 7938 1159 9037
8009 4741 8330 5167
2071 5167 5096 5417
372 844 507 4513
8145 1513 8389 2164
8182 8192 8884 8811
8432 2171 9535 2174
6297 8535 7164 9037
5283 7417 6297 7870
7119 5838 8021 6157
856 0 1176 844
7601 4309 7686 5112
5518 81 9338 333
7686 4498 8964 4741
116 9263 1618 9673
7164 8890 8965 9243
4735 349 7181 417
1958 333 4191 375
4885 522 7102 594
4148 9004 5773 9036
5191 1793 5457 2071
2071 5417 7810 5429
1858 9037 5513 9135
507 1527 2927 1677
1958 157 2236 333
1980 5167 2071 5814
8073 6067 9479 6320
4885 605 5622 1793
9467 3569 9808 3702
8330 4741 8809 5433
6197 3227 6350 4544
7686 4287 8279 4305
7525 3772 7719 4127
2291 3062 2799 4513
5192 9701 9266 9882
3489 9243 3986 9731
2002 9273 3006 9334
9479 6067 9555 7131
6314 6159 8073 6320
6057 9243 8471 9605
2071 5433 2840 5875
6314 5464 7896 5827
8045 1513 8145 2801
507 2122 986 3440
507 857 2276 1216
8253 697 8432 1510
986 2985 3973 3020
4945 5769 5742 5779
3846 0 9551 81
1647 9243 2002 9774
5622 605 7045 1850
7183 1354 7502 2703
1434 7550 1865 7682
1446 8258 1948 8813
6159 7870 6297 9004
4735 506 7208 522
5628 5779 6061 6865
2799 3644 5991 3748
4148 7954 4393 8051
4148 8051 5283 9004
7525 522 7690 3764
3758 7313 4416 7850
5185 6865 8182 7021
6061 6754 9479 6865
8432 697 9326 1939
4735 522 4885 1380
31 5457 116 7821
9038 3172 9736 3569
985 5457 1420 5832
9551 0 9736 2174
9338 292 9551 2099
1958 377 4023 499
1971 5875 2840 7053
3839 6870 4925 6971
2840 5433 3833 6669
507 1678 2427 1726
3174 1380 3616 2696
9038 2174 9736 3172
3037 9243 3474 9741
116 6198 1171 6677
5 7532 26 9709
5271 2696 5655 3049
1434 7728 3203 8258
4416 7021 5283 8051
202 0 372 3313
507 1726 2496 1889
4271 1380 4885 2696
8631 333 9321 697
507 4232 640 4511
9038 3569 9466 3772
9339 81 9551 292
986 2122 2432 2696
1022 3980 2291 4006
2432 1891 2504 2696
1434 5457 1971 7550
372 5031 7475 5131
372 5167 1971 5457
