6050 9760 7554 10000
1494 5360 2518 6083
6241 7842 6539 8065
6715 2707 7446 3305
3157 4162 6913 4293
6241 7595 7527 7842
6108 0 6871 2030
3210 4293 5827 4755
322 4860 598 5673
1389 8766 3936 9060
1437 7595 2206 8394
2147 2255 9026 2336
281 7611 754 8386
1494 5129 2938 5298
3309 3625 7877 3832
1085 9862 2680 10000
495 8386 1015 10000
1494 7406 5559 7463
1776 6895 2413 7393
3140 8100 3984 8360
9387 8632 9469 9121
3157 4293 3200 4720
1640 108 3874 385
7554 9358 8230 10000
1494 4886 2520 5129
8783 6298 9245 6626
6525 5882 6632 7342
260 4126 3157 4661
7194 4293 7741 5360
9970 2534 10000 8781
2989 6977 4500 7058
2518 5882 6090 6083
2869 1542 6108 1771
7142 7842 7527 8535
9430 1895 9462 2234
1389 9417 2443 9760
5924 0 6108 955
4772 7955 6241 8100
5888 969 6108 1347
1814 1219 5459 1269
1319 4816 1494 6631
8930 7595 9475 8120
8688 6629 9548 7478
5292 8100 5389 8267
0 239 294 2707
1501 6083 1776 6367
1389 8535 7208 8766
2833 385 4338 936
6632 6520 7061 7595
8320 2707 8418 5677
637 1200 1814 1974
1814 1542 2147 1974
0 2886 1189 3336
3210 4865 6822 5224
2546 6083 2715 7382
7061 7480 9483 7595
4537 8766 7199 8825
8560 2727 9669 4019
911 4860 1317 5137
8418 4019 9788 4139
2147 2126 5562 2236
6090 5882 6521 7438
1494 7463 6632 7595
9577 4139 9774 7444
7271 204 7936 469
294 0 637 1974
7877 3625 8320 4293
9774 4139 9797 7973
5559 6298 5791 6975
2715 6083 6090 6298
8134 6280 8313 6629
1814 1269 5161 1326
3400 4802 3987 4855
637 385 2130 1200
3936 8914 4367 9149
1755 3305 4170 3625
2206 7595 3140 8375
294 2534 9798 2707
1085 9760 6050 9862
4348 843 5924 969
4348 0 5924 843
2206 8376 3777 8394
6604 7842 7072 8113
2989 6298 5045 6977
6840 2030 7271 2098
0 8386 495 10000
598 4661 3157 4816
7527 7595 8930 8227
1319 8686 1389 9239
0 3832 260 8386
6882 204 6951 442
2680 9862 6050 10000
1814 1349 1993 1542
5972 5360 8134 5882
1015 7595 1437 8394
7208 8554 8992 8632
1085 8394 1316 9760
9422 4139 9512 4408
1776 6083 2546 6895
0 2775 6715 2886
4170 3305 8320 3625
3874 108 4348 385
2147 2336 10000 2428
6871 477 7270 1815
1389 9060 3688 9417
3987 4803 6758 4865
8418 4139 9324 4471
7772 1565 9899 1895
4806 9358 7554 9760
3604 1771 4217 1884
260 5968 281 8064
7208 9033 7335 9252
2519 385 2833 767
8230 9033 9387 9079
0 0 294 239
4507 5360 5163 5882
8230 9079 9387 10000
2147 1542 2869 2126
260 3832 5819 4126
3140 7616 5776 7955
2582 4816 3131 5069
2318 3625 3309 3832
8371 5751 8672 6268
2443 9417 3936 9760
9387 9711 9482 9996
5819 3832 7877 4126
3210 5255 7143 5359
2518 5360 4507 5882
8743 204 9615 489
0 3336 1189 3832
598 6690 1301 7595
7741 4293 8289 5272
4537 8825 4806 9760
3688 9060 3936 9417
294 1974 2147 2428
627 6119 870 6690
2715 6298 2989 7406
7446 2707 7629 3284
7436 493 7772 1992
637 0 1640 385
6632 6230 7729 6520
3140 7955 4772 8100
6857 4293 7194 4859
9899 204 9998 1918
8418 4733 9259 5171
7772 1345 9759 1565
9798 2534 9970 10000
2130 969 5888 1200
2049 3631 2318 3796
5045 6298 5559 7406
1189 2886 1755 3832
1820 49 2035 108
294 2428 10000 2534
1301 6690 1398 7587
4806 8825 7208 9358
0 2707 6372 2775
7061 6520 8134 7480
1755 2958 6322 3102
8673 5730 9491 5749
5163 5360 5972 5882
6896 0 7667 77
8134 6700 8625 6958
7639 2707 7672 3224
7527 8227 9483 8535
7208 8632 9387 9033
1755 3102 6705 3304
3936 9149 4537 9760
3414 1205 5231 1219
1015 8394 1085 10000
2000 1347 6108 1542
7672 2707 8320 3305
9483 7480 9771 9053
1316 8394 7142 8535
