7650 7087 8330 8844
5842 8164 6629 9241
4434 903 4681 1931
1224 5091 2169 5449
5394 7795 5842 9919
1056 6001 3947 6425
7877 2208 7915 3224
9316 5885 10000 6821
21 417 234 2839
1056 6425 7907 6656
8808 6015 9093 6821
320 2669 1722 2940
1549 0 2505 1595
3872 903 4434 1931
1056 8214 4620 8283
3947 5364 7583 6425
7061 7063 7120 9897
7059 6821 8226 6922
9093 0 9316 912
2169 4828 5465 5364
7509 736 7857 1797
6698 0 7509 2208
8553 1586 8628 1798
2169 5364 3947 6001
8553 1868 8806 6015
2505 0 3872 1931
1744 1931 2733 2940
5842 7201 6629 8164
1056 6973 2912 8214
9093 912 9316 6821
5474 1 5698 393
0 6001 1056 8269
0 9927 6404 9998
0 8269 1027 9391
5715 0 6487 2154
9316 0 9858 2782
2946 7795 3530 8193
2733 3285 4681 3608
5474 393 5715 3136
7583 5364 7915 5782
9858 0 9999 4350
1552 9410 2229 9481
4665 3608 5465 4828
2733 3608 4665 4828
5842 6825 6439 7201
1301 2940 1886 5073
5465 3608 7915 5364
7864 109 8880 736
2733 1931 4681 3285
7915 6015 8808 6821
1056 8939 3117 9218
4676 8214 5376 9907
8806 1868 9093 6015
0 9485 3869 9843
5715 2208 6440 3136
1886 2940 2169 5091
0 5449 2169 6001
7650 8844 9286 10000
2169 2940 2733 4828
9858 4727 9999 5796
9316 2782 9858 5885
7915 736 8541 1055
1694 1595 2418 1876
5842 9241 7059 9919
9286 6881 9827 7233
5474 3136 6440 3608
6629 6821 7059 9241
8335 8248 9286 8844
4681 903 5474 3608
8639 736 9090 1839
34 3008 1224 4415
2912 6821 5842 7795
7120 9374 7650 10000
2912 6656 6597 6795
6440 2208 7428 3605
1056 6656 2912 6973
0 9919 5490 9926
3872 0 5474 903
6516 0 6698 2189
9286 7233 9849 10000
7120 7063 7650 9374
8352 7067 9121 8104
7583 5783 7915 6425
320 0 1516 1045
7915 1064 8553 6015
1056 8283 4676 8939
320 1931 1612 2410
7431 2208 7850 3599
3530 7795 5394 8214
9849 6821 9998 9496
891 1078 1549 1755
