5098 9372 7797 9406
2905 7577 7326 8063
5461 3462 7607 4069
8929 415 9442 1876
2618 1274 3353 5593
952 5640 2817 5982
6991 2418 8540 3352
14 5271 284 9961
0 0 952 3458
5098 8812 8793 9372
3786 4104 9250 4503
1685 5994 4789 7577
6991 563 7517 1361
3353 1311 6821 1771
5664 6713 7573 6830
952 0 2618 1954
6866 4702 8449 4792
9442 4570 10000 4931
1685 7577 2904 8027
2618 0 4215 1274
3353 1771 6991 2767
284 5271 952 5994
4029 8072 9498 8093
1780 3024 2618 5640
6991 1361 8540 2418
0 3841 952 5271
2628 5593 4311 5637
8929 1876 9388 2029
4829 6056 6910 6346
9244 4503 9437 5638
284 5994 1003 10000
1779 3414 1780 4495
8540 2104 9442 3352
9442 415 10000 4570
7338 6842 8682 8032
4829 6346 9244 6713
4986 1 5641 415
8540 1361 8929 2104
1685 8027 2905 10000
3786 3352 5442 4078
9935 6570 9978 8061
3786 2767 5692 3319
952 3024 1779 5640
4789 5994 4829 7577
2905 8093 4385 10000
1003 9663 1684 9991
8793 8812 9911 9560
5814 6842 6185 7569
3786 4503 6394 5573
4385 8093 9935 8812
4368 5593 9244 5994
4403 8812 5098 9427
952 1954 2618 3024
4215 415 6991 821
0 3458 952 3841
4215 821 6991 1274
1003 5994 1685 9663
3353 2767 3783 5554
9442 4987 9880 7980
