1917 0 2480 1633
2800 4432 3472 7930
1138 8267 3030 9812
800 6108 1336 7303
8969 0 10000 1725
0 8267 1086 9999
7249 3553 8773 5484
800 7303 2483 7930
3957 7930 5306 8402
8773 3012 9381 4515
0 7930 3957 8267
9110 4515 9761 9278
8084 0 8969 975
6500 9660 7345 9889
6319 1357 8107 1700
7774 8287 8699 9278
5841 0 6305 1551
9761 4515 10000 10000
6492 2245 8075 3019
9381 1725 10000 4515
7249 3019 8773 3553
7774 5484 9110 8287
4933 9660 5103 9981
171 5774 395 7450
427 1692 800 7930
2483 4432 2800 7930
7698 6339 7774 7826
2483 0 3885 3004
1383 1692 2457 6740
3030 8267 3957 10000
1518 9812 2291 9944
5841 3019 6313 5453
5306 7930 7774 8402
171 1692 427 4102
3957 8402 7774 9660
1090 8397 1138 9727
5284 5965 6261 6370
4123 0 5841 5453
8773 2609 9336 3012
6457 0 8002 1107
7774 9278 9761 10000
3472 4432 3974 5274
6289 5453 6313 7838
2483 3004 4123 4432
3472 5453 5232 7930
5232 6370 6289 7930
8787 4897 9043 5480
3885 0 4034 2602
8699 8287 9085 8882
0 0 1917 1692
6313 3361 7235 7930
0 1692 171 7930
6313 3023 7064 3361
7235 3361 7248 7908
