2394 7980 3661 8287
8770 3172 8816 3496
5821 411 6108 2157
1770 3368 2116 3624
1471 3029 1760 4148
5821 2157 9303 3158
6108 207 7771 2157
2818 4746 2962 6194
7652 3158 8412 3465
4921 1023 5793 1856
1229 8448 1805 10000
2926 2129 3635 4139
8195 9664 10000 10000
9870 1873 9997 2580
5278 9853 6332 10000
0 7126 667 10000
7771 1927 9303 2157
8195 8647 10000 9664
7330 4139 7502 6478
0 6621 657 7125
2818 4373 3459 4515
6640 4139 7028 6831
6862 9127 7539 9972
2926 1683 4921 2129
2394 8287 2681 9471
2503 1683 2926 4373
2394 7737 4218 7966
4232 7386 4964 9471
5278 9127 6341 9853
4964 9127 5278 9999
4964 8228 5385 8647
9459 0 9870 8228
667 6621 824 10000
2394 9471 3110 10000
4964 8647 7149 9127
7076 5655 7330 6789
3860 8527 3937 9410
5385 8228 10000 8647
6757 7386 9459 8228
2566 5097 2818 6029
6337 6957 6640 7386
2969 4742 6335 5148
1471 741 5322 832
1471 245 5465 411
8146 3496 8866 6300
420 0 7771 207
420 207 1471 2451
9303 2884 9421 4017
7888 3496 8063 6827
3635 3158 7588 4139
1471 4289 2150 6569
7028 4446 7212 4603
420 2451 1471 6621
7588 3910 7794 6767
2969 5148 4227 6178
1471 440 5052 510
1805 7268 2394 10000
4964 7386 6757 7939
3941 4139 6518 4359
7587 9127 8195 9999
824 6621 1229 10000
1471 1683 2503 2138
2394 7268 4194 7732
6640 6831 8623 7386
2503 6194 4232 7268
2151 2138 2503 7268
1471 832 4266 1683
3110 9471 4964 10000
4964 7939 6757 8228
9090 6300 9223 6828
1229 6621 2151 7268
8866 5509 9459 6300
7150 8647 8193 9127
0 0 420 5469
8623 6831 9459 7386
6337 4742 6639 6942
2681 8527 3860 9471
7771 0 9459 1927
2681 8287 4226 8527
1229 7268 1805 8448
3964 9402 4186 9431
4232 5148 6183 7382
8902 3691 9235 5509
4266 1139 4898 1469
3635 2129 5821 3158
0 5469 420 6621
