919 594 1480 1640
7055 7921 8652 8060
3303 1640 7085 2065
4661 8873 5214 9346
8652 7921 9398 8626
7055 8060 7545 8838
783 3353 1431 4240
222 696 339 7782
0 696 188 6697
5600 9346 7023 9850
1464 3924 1713 4123
4418 6501 5715 6836
3014 8853 3661 8873
5066 228 8453 360
339 2458 2721 2622
362 6888 462 9818
7855 6244 9228 6768
0 0 4245 222
2846 942 6059 1288
7417 6352 7467 6673
8441 4058 8607 4600
339 1640 2854 1967
5600 8838 7023 9346
1435 7786 2362 8453
5967 8270 7055 8555
7023 9569 7616 10000
0 319 251 678
9228 3947 9803 7166
2362 8597 2831 8700
2521 3347 2976 4131
9398 7921 9829 8753
629 3347 777 4223
2157 6409 5715 6501
5475 2668 5548 4213
2025 4217 2157 4899
9565 687 10000 1726
6363 2953 6662 4425
919 593 5576 594
4845 4217 5336 4591
4245 0 6940 228
1435 7569 6215 7786
7467 5871 9227 6244
846 7127 2303 7569
6181 7786 9911 7921
462 9526 5600 9679
0 222 4245 319
6215 7569 7539 7784
629 4240 2025 4900
4286 2668 5475 4217
339 1967 1659 2383
6712 360 8453 663
6059 755 9244 922
1666 1967 1849 2274
5548 3874 6350 4212
3303 2065 4276 2978
2703 594 6059 942
1623 2664 2492 2857
1965 8873 2887 9526
7023 9519 8238 9565
4106 5034 6353 6094
7085 1642 9550 1727
9570 3531 9795 3909
9912 2668 9996 9036
462 6888 2303 7127
2303 6971 2958 7569
1668 8453 2362 8838
6059 360 6489 722
1921 1967 2453 2386
339 3031 629 6501
6685 6768 9228 7166
846 7569 1318 9526
8868 932 9544 1640
6353 5238 6947 6027
8026 3531 8032 4705
1318 9088 1668 9526
7545 8060 8652 8626
7190 1727 10000 2065
339 6501 2303 6888
2958 6842 5524 7163
8973 5238 9132 5743
7545 8626 9398 8838
339 1206 753 1499
629 4900 2157 5272
6059 1517 8864 1640
4658 7786 5967 8555
5066 360 5234 575
0 9850 7023 10000
8032 3786 9535 3947
6685 6363 7031 6737
1505 5272 2157 6501
6685 6094 7038 6337
6662 4794 8649 4986
3512 7786 4658 8555
7023 8838 8349 9519
2887 8873 4486 9346
7616 9653 9992 10000
7644 7166 9911 7786
1392 8532 1435 8845
6662 2953 9803 3531
1668 8873 1965 9526
7085 1727 7190 2065
339 2622 1623 3031
6059 922 8730 1490
5548 2668 9911 2953
1435 8453 1668 9088
3986 9679 5359 9790
629 6249 1505 6501
462 9679 3986 9850
6940 0 8453 228
5967 7786 6181 8270
629 3031 4285 3347
3634 5034 4106 6165
6535 687 8818 730
7521 6514 7855 6719
4845 4601 6294 5030
1480 594 1530 1607
8032 3555 9546 3781
8349 8838 9596 9285
339 319 5066 593
2362 7786 3512 8597
2303 6501 2958 6971
2958 6501 4295 6832
2846 1288 5878 1590
4286 2065 9229 2075
2958 7166 7644 7569
4486 8873 4661 9346
8453 0 10000 687
9911 2668 9912 8714
4367 9346 5343 9485
462 7127 846 9526
3512 8555 7055 8838
9803 2953 9911 7166
452 2410 1539 2452
4286 2075 9863 2304
2703 942 2846 1640
4106 6125 5742 6409
2854 1640 3303 3031
5214 8838 5556 9160
5548 2953 5847 3822
6246 7921 7055 8246
2976 4066 4286 4217
4245 228 5003 289
1530 594 2703 1640
629 5272 1505 6249
5651 2426 6079 2668
2157 4217 4845 5034
5715 6409 6685 7166
2976 3347 4285 4066
7616 9569 9845 9648
6079 2304 7546 2559
