7753 8388 8517 8974
9678 4085 10000 7743
3631 4117 5332 5352
7296 4688 8792 5352
7592 5352 9678 6302
9427 2750 9445 3741
5249 1274 5329 3662
0 6483 575 8958
1925 121 2349 2420
7607 2846 8624 3776
5331 1274 5852 2528
3780 8879 3941 9784
5872 2478 8651 2825
3714 1709 4026 2548
7687 1786 8408 1913
1947 3664 7439 3779
3780 7258 5509 8706
6186 451 8587 1189
5509 6839 5793 8879
7149 1335 7343 1631
891 2773 1489 2982
4513 5594 5864 6140
791 3607 843 4584
575 6483 1145 8958
6481 9359 7310 9800
1145 6483 2620 6839
2395 360 8691 445
5812 4117 7656 4676
7414 3227 7541 3463
8951 4085 9253 4632
9567 445 9949 1122
9678 7743 10000 8388
8215 6483 9678 7433
1145 7258 1643 8780
1762 9373 2863 9800
2094 4508 3631 4639
0 372 891 1287
6998 7433 9678 8388
4567 445 5249 3664
581 8958 2863 9373
8951 3741 9773 4084
2040 3607 4264 3664
543 6140 7592 6483
2691 1258 4322 1702
5872 2846 7403 3654
7668 3780 8791 4196
2816 1709 3217 2734
0 1287 891 2982
5331 2936 5490 3633
6998 6483 8215 7433
5249 1233 8542 1274
8692 1786 8843 2765
3331 446 3707 1225
8792 4688 9675 5338
2620 6483 2982 6839
7310 9359 10000 9800
2863 7593 3780 9800
3011 6839 4991 7251
7753 8992 10000 9359
5332 4117 5810 5342
2073 7593 2863 7901
5793 6483 6998 7920
0 0 891 372
1643 8240 2863 8780
5864 5352 7592 6140
5793 8388 6481 8879
7668 4223 8951 4687
0 2982 543 6483
6481 8388 7753 9359
2398 445 2508 1253
1626 9800 10000 10000
3443 28 7738 102
4513 5352 5864 5594
1643 7901 2863 8240
5812 4688 7296 5352
4016 8706 5018 8877
9778 1189 9961 2651
891 0 1489 2773
4334 445 4567 3035
3814 5352 4513 5788
3714 3232 4258 3237
852 3607 1947 4800
5793 7920 6998 8388
2073 7258 3780 7593
5872 1786 7421 1931
2395 199 7584 338
5097 8706 5502 8874
1489 0 1917 2802
7592 6302 9678 6483
6789 2230 7687 2447
0 8958 581 10000
1947 3780 7668 4117
543 5796 4513 6140
4996 8879 6481 9800
2982 6483 5793 6839
581 9493 1626 10000
4863 8972 4996 9261
2408 1258 2691 2580
543 2982 791 5796
1659 9421 1762 9621
1145 8780 2676 8870
581 9373 1626 9493
1145 6839 3011 7258
1489 2822 3334 2968
5872 1631 8888 1785
1643 7258 2073 7901
791 2982 3714 3607
791 4800 1947 5352
8563 8843 9998 8992
3952 8879 4775 9782
8563 8388 9934 8829
