2983 3071 9715 3253
6482 343 9715 1264
2889 3829 7313 4682
6415 2584 8453 2647
0 2760 290 4153
4789 7773 5539 8215
597 1068 923 2760
7993 9016 8178 9035
5979 9503 7390 9642
1305 2233 1762 4039
6482 1264 8748 1772
290 2760 923 4153
2508 7676 2978 9378
1305 4432 1782 5054
0 0 597 2037
923 1068 2267 2233
5028 1120 5502 2467
5979 7305 7354 7635
2983 1777 5028 2467
7332 4976 7390 6089
5979 6677 7354 7290
1830 2233 2251 4337
83 5133 663 7676
2019 8282 2508 9378
2889 1120 5028 1777
3007 336 3504 965
8440 5734 9009 7479
1288 5133 1783 5935
663 5133 1288 7676
7993 9125 9889 9814
6482 219 9668 343
4924 4976 7320 5560
5979 6255 7031 6579
1830 4976 2758 5882
1783 2233 1830 5935
2762 4976 3033 5909
3445 5935 4167 9378
5502 1782 9358 2103
1830 4682 7313 4976
4235 8258 5979 9436
0 8441 2019 9378
0 7676 2019 8441
9454 7318 10000 9116
9013 2467 9306 2675
9358 1782 9624 2375
9715 2755 10000 4976
7313 4144 9582 4362
2267 0 2889 4682
8281 7950 9443 9060
4167 5674 4228 6251
0 9378 661 10000
2983 2467 9013 2584
2889 1777 2983 3253
9454 4976 9999 7302
0 2037 597 2760
3037 5429 3796 5896
4235 5429 4689 8258
6451 5560 6654 6131
7313 3829 9166 4080
0 4153 923 5133
7313 4456 9669 4973
5979 9642 7390 10000
4235 9436 5979 9517
2983 2684 9715 3071
3504 18 9441 194
923 2233 1165 4838
4924 5597 5954 7773
2978 7676 3445 9378
8 5133 83 7548
3504 803 5123 1120
1462 5935 3445 7676
5539 7773 5979 8258
5979 7635 7390 9503
8367 5561 8440 7168
5502 194 6482 1782
613 970 2267 1068
5502 2103 7824 2370
4689 4976 4924 7773
9715 194 10000 2755
2983 2590 5994 2684
661 9378 3131 10000
3131 9378 4235 10000
7993 7479 9454 7950
3037 4976 4659 5419
4235 9517 5979 10000
597 1 1282 906
2889 3253 9715 3829
2019 7676 2508 8282
1288 5935 1462 7676
7390 4976 7993 10000
