7568 7734 8459 8495
1658 1425 3977 1888
0 0 1505 675
6166 3836 6983 4501
3607 5297 6027 5877
0 7626 1747 8186
3977 954 4242 1888
8539 0 9776 285
5311 5877 7568 6373
2631 6717 3607 7220
4541 1869 9656 1898
0 9701 3607 10000
9779 7538 9954 8091
1473 8446 1950 8800
1658 2352 4242 2450
3965 4262 6027 5297
7024 1898 7875 3487
7613 287 9779 849
2181 5297 3562 6067
3607 9557 7202 10000
2844 2730 4242 3264
6321 6753 6624 7822
3607 6373 6624 6753
4242 1169 6931 1520
7568 4511 9669 5718
3607 7007 5084 7300
1312 6751 2493 6904
4541 3438 6027 4262
8600 8677 8672 9336
1312 5297 2181 6071
2261 0 3157 675
894 1425 1658 2450
1312 4791 3925 5297
7613 849 8009 1572
1473 8876 1721 9701
0 2131 894 5858
5942 0 7613 1152
2844 3264 4541 4262
5291 6753 6321 7353
5331 7822 6535 8584
3844 5998 5311 6371
9498 6421 9779 9931
3607 7353 6321 7822
1312 6071 3607 6717
8352 1898 9763 3531
9669 3836 9779 6421
6166 4511 7549 5855
5394 0 5942 1152
2631 7220 2826 8446
8569 7734 8616 8658
1869 3211 2844 4262
4276 2137 4541 2222
0 1425 894 2131
6990 3836 9669 4511
7211 9336 9376 9947
0 675 3157 954
8009 980 9779 1572
3607 5883 5171 5998
4242 0 5394 1169
7568 5718 9669 6421
6027 1898 6990 3521
0 7028 2631 7626
281 8446 1220 9166
1869 2731 2844 3211
7568 6421 9498 7733
2826 7220 3607 9701
0 5858 894 7028
0 954 3977 1425
8009 849 9729 952
6027 3836 6162 5573
894 3371 1177 4779
1177 2730 1869 4779
5394 1152 7588 1165
1177 2450 4242 2730
6027 3552 9779 3836
3834 6753 5291 6965
1505 0 2261 675
7613 0 8523 281
1658 1888 4242 2352
894 4779 1312 7028
0 9321 1454 9699
3607 7822 5309 8583
6624 7365 7568 8588
4689 8588 8482 9167
4541 1898 6027 3438
930 2450 1177 3345
3157 0 4242 954
7922 1898 8337 3515
3607 9336 7153 9556
1869 4262 3965 4779
6624 6373 7568 7365
4242 1572 9779 1869
