72 2597 76 8644
6336 6190 7060 6428
1628 7161 4972 7465
6153 6643 9440 7025
0 0 2244 559
745 7756 1289 8177
3542 212 8803 235
9557 3668 9914 5208
742 5565 844 7465
6122 433 9415 527
4972 8205 6273 8368
389 559 774 2435
774 1055 2869 1594
1444 1594 1935 2425
4832 1016 6849 1347
3834 5116 6153 5806
4366 8929 4719 9963
7822 3668 8952 4089
149 4446 234 8476
2729 2634 3082 6293
2416 6293 4411 6583
3523 494 4110 803
2535 2483 3511 2634
7236 4348 7626 5183
6932 554 7233 1482
4972 7027 6095 8205
234 4446 844 5565
5764 273 6848 388
7945 8037 8362 8890
9249 7027 9449 9423
3082 5116 3834 6293
5614 3788 6375 4348
7594 2933 9725 3379
3082 4348 4217 5116
1775 8476 4972 8929
3161 7923 4701 8476
7236 5183 8153 6423
4076 3779 5498 3965
7822 4225 8700 4342
4076 2435 4832 3779
6175 554 6212 960
1049 8929 4366 9500
742 7465 4830 7756
9463 3668 9555 9823
149 8476 1465 8929
7048 2384 8142 2543
4701 7928 4972 8476
3161 7756 4585 7920
6022 8379 6380 9961
5018 1532 5579 2933
6302 6450 8600 6643
844 4446 2416 5129
8934 7027 9249 9967
5978 1532 7048 2933
4295 554 4306 2241
88 4446 149 9784
6514 9033 6543 9269
9557 5210 9905 6523
170 3014 986 4294
6433 2933 7594 3379
81 2597 170 4308
3226 9500 4366 9718
4312 1198 4380 2259
1486 2435 2393 4294
7822 3379 9725 3668
4972 8379 5875 9896
8606 4348 8857 4762
3142 245 3271 343
6095 7027 6380 8205
496 2598 615 3014
1289 7756 3161 8476
1465 8476 1775 8929
1049 9500 2091 10000
1972 1594 2840 2408
4217 4478 6336 5116
6910 7793 7945 8614
1008 2597 1486 4294
4411 5806 5725 6583
2416 6583 6153 7027
6380 7027 6910 7350
149 8929 1049 10000
9725 2744 9881 3337
9915 245 9975 5478
4295 245 5726 554
2869 559 3408 2435
1628 5129 1868 7161
6380 7350 6910 9033
8154 5965 8432 6270
0 2597 41 9001
3082 3977 5614 4348
4485 1365 4555 1828
4832 1532 5014 2931
2244 0 3541 245
170 4294 2416 4446
234 6280 742 8476
6910 7027 8934 7561
774 1594 1444 2435
6336 4579 7236 6190
844 5129 1628 7465
5579 1532 5978 2933
3082 3289 3716 3866
3408 803 4295 2435
8154 5183 8482 5784
8423 7561 8934 9967
6910 7561 7960 7789
2091 9967 9463 10000
0 559 389 2435
5725 5806 6153 6576
6910 8890 8423 9352
6433 3379 7822 4348
2416 7027 4121 7141
1868 5438 2250 6529
7626 4348 8606 5183
7048 2744 9725 2933
986 2597 1008 4294
8204 676 9832 2744
2244 365 3223 538
3414 3887 4076 3977
4832 2933 6433 3779
4028 5806 4159 6268
2629 4674 2713 5291
0 2435 1486 2597
4918 554 5841 711
6153 5116 6336 6450
6336 4486 7186 4579
4217 4348 7236 4478
6910 8614 7944 8890
4830 7465 4972 7923
2091 9500 3226 9967
3226 9718 4232 9936
234 5565 742 6280
774 559 2869 1055
6380 9352 8423 9967
4735 8929 4972 9917
2393 2634 2729 4294
3542 10 8781 188
8921 4177 9460 6444
