3668 4819 3829 6427
7564 7603 8144 8001
6704 2522 6913 2616
6357 1565 7583 1891
6013 5052 7782 5703
286 1414 2257 2624
6727 6716 7564 8001
5326 6427 6727 7402
7782 2616 9990 2736
2837 1683 3514 2623
6803 8313 7111 9290
7448 2616 7782 5052
9353 7769 9978 8542
3619 7614 4079 9079
110 4819 2999 5380
0 0 110 9915
5748 2422 6013 4959
9294 4316 9459 4753
4575 273 6013 2422
7113 0 7845 1565
6175 394 7062 459
6536 5703 7777 6166
110 6670 635 8318
6622 2616 6731 4921
133 8318 626 9235
7825 2959 8501 4296
7111 9719 8105 9993
286 4676 741 4818
7845 1830 8940 1861
110 5944 630 6666
7782 2901 7817 4531
110 423 2033 1414
9129 4986 9944 7445
6013 459 6357 4052
5748 4959 6013 5699
2993 2763 3029 3080
5748 5703 6535 6375
2453 5969 3668 6392
2999 4819 3668 5944
8904 2737 10000 4316
8967 0 9234 1340
7845 1340 9234 1830
286 2624 4299 2763
9129 8707 10000 9844
4091 7614 4729 8266
8215 6716 8965 9844
6603 1130 7113 1131
4790 7794 5148 8508
4163 2763 4292 3900
8577 2737 8904 3994
3556 7402 6197 7614
7782 4986 9129 6191
8965 7876 8992 8103
2257 92 5850 272
635 5944 2319 8157
1422 2801 2844 3094
2319 6427 5326 6911
7111 8001 8215 9719
110 1414 286 4819
9234 0 10000 1902
6536 6191 9111 6427
3829 5391 5748 6427
2319 6911 5326 7402
4560 3901 5748 5391
830 9196 5111 9321
9459 4316 10000 4942
818 3094 2090 4819
7825 4947 9525 4986
2090 3094 3342 4819
6357 2575 6575 5031
5148 8955 6197 9325
112 9359 4465 9915
8051 84 8967 1250
838 156 1048 379
3829 3901 4560 5391
6727 6427 9129 6716
4465 9325 6197 10000
6913 1902 10000 2616
9129 7769 9323 8586
2257 0 7078 73
3342 2763 3829 4819
2578 7402 3556 8070
6013 4052 6333 4992
635 8157 2281 9150
0 9915 4442 9997
4299 2624 5748 3901
8215 9844 10000 10000
110 9325 4365 9356
110 5380 2999 5944
5148 7614 6197 8955
286 2763 1383 3076
4575 2428 5588 2624
626 4457 750 4676
286 3094 818 4444
3829 2763 4157 3828
6731 4196 7448 5052
6197 7402 6727 10000
2257 273 3250 1667
3514 273 4575 2624
2257 1683 2837 2624
6731 2616 7448 4196
