3969 2039 4389 2686
2101 7905 3754 8246
8942 8952 9629 9536
1676 968 1782 3307
7007 1762 7108 2271
710 3307 1028 4622
7498 3249 8595 3369
260 7086 1389 9433
7247 3520 8674 3547
1028 3307 3237 3547
1389 7086 4827 7749
1782 968 3969 1494
1389 7749 2101 8246
0 266 1676 2536
218 9485 1388 10000
6443 6281 7078 6669
4389 2112 5122 2686
3974 6669 5628 7086
1028 3547 2135 4622
5003 266 5557 1947
940 6551 1688 7084
4551 4694 5090 6669
3056 3547 4551 4590
7078 4636 9711 5369
234 3307 710 6193
0 7086 211 8927
210 6551 781 6985
0 2536 1676 3307
6443 4056 7078 6281
2026 8736 3754 9784
1389 8246 2026 10000
8134 3547 9649 4591
4827 7086 5628 8942
5122 2112 5593 2673
1694 6551 2720 7085
7078 7142 8626 8952
2069 8246 3036 8697
710 4622 2135 6193
9056 5369 9386 8118
5628 9596 7448 9784
2484 9 5721 266
2135 3547 3056 6193
3078 6669 3974 7039
53 3307 234 5737
1676 266 3969 968
9675 885 9983 2626
9711 4636 9990 8952
2011 6193 3056 6440
6443 3550 8086 4056
3969 266 4389 2039
5713 266 5815 2484
5987 6669 7078 8952
8626 8710 9671 8943
5090 4694 6443 6669
7165 520 9545 885
4093 7749 4827 8942
2026 9784 10000 10000
3237 3149 6700 3499
7230 1019 7364 1527
8681 3165 9889 3524
3036 8246 3754 8736
5628 8952 8942 9596
4093 8942 5628 9784
7364 2821 9949 3165
7364 1019 9675 2821
7935 904 8353 1019
9990 0 10000 8815
6432 478 6871 3035
7078 5369 8665 5817
4389 266 5003 2112
0 0 2481 266
2101 7749 3125 7905
3754 7905 4093 9784
6036 229 8245 478
3237 2686 5713 3149
3056 4590 4551 6669
4551 3547 6443 4694
7078 4175 7709 4636
7521 9596 10000 9784
1782 1494 3969 2686
5628 6669 5975 6902
5632 6912 5987 8911
1798 2769 2487 3227
8665 5369 9056 5817
8626 5817 9056 8710
5899 478 6432 2910
7078 5817 8626 7142
