1901 3700 3639 3782
1556 2373 1802 4162
3146 8346 3299 9224
5179 8346 5826 9482
116 1241 860 1798
1472 1477 7499 1743
5847 0 7499 1226
3857 5535 4208 6011
1723 8833 3146 9224
1318 1241 1472 7852
5012 1226 7499 1477
1543 1743 3459 2362
8599 6119 9960 7091
3299 9595 4017 9769
116 6925 869 7744
800 152 5422 273
9330 1942 9960 2305
8907 1497 9960 1942
116 1813 506 3172
4082 9482 4675 10000
4486 3457 6833 3782
8441 1942 9330 3078
1543 6868 4789 7609
3474 1743 3835 2089
2390 6053 4060 6331
116 7744 680 7849
7499 1 8053 669
5012 301 5543 989
907 8346 1723 9224
1472 1743 1543 8346
1543 6464 5092 6868
3927 1942 4486 3782
5826 5534 6294 8966
6833 3078 9460 3782
2057 301 3234 1219
1543 7609 5092 8303
2602 9224 3122 9757
4789 6868 5092 7609
8798 7892 9845 9527
7387 7091 9515 7807
506 1813 865 6747
2390 6331 5092 6464
0 9224 1649 9682
2020 5534 2390 6358
6833 1942 8234 3078
1802 2373 3838 3572
4486 1942 6833 3457
8234 1942 8441 3077
2005 4623 5424 5534
8599 3782 9460 4124
0 7852 1472 8346
2390 5534 3850 5931
1802 3782 8599 4086
869 1241 1318 7852
6477 4086 7387 9482
5424 4311 6477 5534
1543 8303 2520 8332
7387 5648 8599 7091
1802 4086 6477 4311
7387 9821 9966 9996
7387 4086 8599 5648
6294 6856 6477 8966
1723 8346 3146 8833
3234 1012 4513 1241
3299 8346 3962 9482
9460 2305 9960 6119
1543 4623 2003 6401
7499 669 9960 1497
9960 0 9998 3030
5492 5534 5765 5647
3927 1743 6520 1786
1543 4311 5424 4623
3962 8346 5179 9482
6294 5534 6476 6855
9330 2305 9459 3078
0 0 116 7852
7499 1497 8020 1942
8599 4124 9460 6119
8020 1497 8907 1942
4699 1261 5012 1477
9373 0 9790 582
1649 9224 2602 10000
5559 140 5847 1193
4808 9482 7387 10000
7387 7892 8775 9798
5092 6331 5826 8303
4675 9482 4808 10000
0 9682 1649 10000
2602 9769 4082 10000
116 3 5826 140
116 3921 482 6925
0 8346 907 9224
1276 301 1380 1233
5826 8966 6477 9482
