3487 3910 3907 4085
6147 3488 6174 3877
0 8187 756 9665
2107 4531 4069 4596
6174 3622 7707 4234
2839 2167 3763 3041
302 7092 1247 7588
1256 4986 9244 5081
1256 5473 4278 5519
6174 4234 6749 4601
3540 918 7462 1615
4944 7407 7129 7610
5531 1878 7083 2167
2500 6655 2952 9952
3540 228 4541 918
5574 5973 6320 6234
5531 1615 7924 1878
1387 3658 2107 4152
302 5726 1039 6409
2107 4085 5933 4389
3907 3041 5100 4085
5107 7610 5566 9178
963 7588 1247 8187
5574 6256 7595 6774
8670 5663 9060 7083
2373 5562 2936 6655
6749 4234 7707 4846
571 5566 2055 5726
756 9390 2500 9665
6665 2945 7022 3346
4097 6968 4944 7610
0 9665 2500 10000
3446 6968 4097 8201
2850 228 3425 1463
1606 6416 2327 6585
3446 6590 4382 6821
3814 5562 4382 6590
4382 5473 4820 6821
5100 2761 5933 4085
302 4846 1256 5562
933 250 1702 1052
6381 5944 7858 6256
1915 6655 2500 8185
8000 8927 8284 9185
7858 5317 8670 6968
1606 6585 1915 9390
3446 5562 3814 6590
631 614 930 1052
5574 5317 6381 5973
4541 228 6347 918
1387 3133 2107 3658
631 250 929 614
7083 2030 7826 3379
6381 5317 7858 5944
0 4846 302 8187
4820 5081 5574 6821
1703 0 1878 1761
7707 4344 9244 4846
0 2588 2839 3133
8015 9770 9312 9824
2107 4389 2964 4464
8148 3129 9658 3610
3218 5599 3443 5873
4944 7083 8332 7407
2839 1764 3540 2167
7592 7503 7606 8026
8205 2099 9574 2656
5574 5081 8670 5317
1878 31 1967 558
1247 7092 1606 8187
0 3133 724 4152
8341 2840 8838 3119
7707 3622 9828 4344
2107 3133 2839 3510
2936 5873 3389 6603
9574 1974 9617 2093
5107 9178 6255 9677
2839 3058 3442 3510
756 8187 1606 9390
0 4601 6648 4698
9060 5081 9202 8008
3057 9677 7592 10000
1967 0 2850 1764
1703 1764 2374 2024
302 7588 963 8187
724 3133 1387 4152
3763 2254 6912 2761
4097 7610 4949 8057
8670 5158 9054 5647
4097 8057 5107 8473
1256 5081 4820 5473
1939 4895 1968 4986
3540 1615 5531 2167
8148 918 9510 1355
7462 918 7924 1615
5566 7610 7082 8222
1039 5726 2373 6409
9586 6543 9729 6590
9668 0 10000 3622
3057 6655 3446 9677
3763 2761 5100 3041
9244 4344 9584 9386
0 4152 2107 4601
9828 4193 9892 5736
4944 6968 5690 7031
2867 12 7489 228
7924 918 8148 3622
8838 2656 9574 3129
631 0 1702 249
8148 1367 8205 2652
3446 8473 5107 9677
7134 7407 7581 9386
2955 6655 3057 9956
0 4711 4322 4846
8205 1367 9567 2093
2107 3510 3487 4085
6347 228 9668 918
0 2315 2834 2588
3487 3041 3907 3910
3446 8201 4097 8473
1915 6585 2077 6654
5933 2761 6114 4124
0 0 631 1051
1915 8185 2500 9390
0 1052 1703 2049
0 2049 2820 2314
302 6409 1606 7092
3446 6821 7858 6968
8332 7083 9003 9378
