0 9845 2414 9993
8449 0 8829 233
5306 7206 5727 10000
9475 6556 10000 9165
454 7290 1411 8256
4618 6222 5071 9966
62 3166 289 8997
5173 6251 5706 7206
0 274 1919 1925
4739 3839 5825 4338
6986 6222 8083 6336
4739 4375 7519 4722
4739 4981 5097 6104
7912 1759 8744 1999
62 8997 4010 9340
9209 6595 9475 9165
2877 693 3652 4863
1919 274 2569 1925
5924 5535 6161 6093
9743 0 10000 6556
2877 4863 4332 6216
2226 2500 2492 8393
5727 8798 7502 10000
8159 6556 9348 6594
1294 1925 2569 2500
8159 6595 9187 7437
8463 4662 9410 6461
3652 3568 4134 3781
5086 6222 5173 9970
289 3166 1294 4085
7958 8798 8807 9161
8845 0 9743 3163
289 4085 301 7415
0 9513 4618 9845
4353 6132 5961 6222
0 3166 62 9513
0 0 2569 274
62 9396 4163 9513
7621 1071 8417 1561
9026 9165 10000 10000
2877 6222 3242 8495
2569 693 2877 8495
5816 1910 6723 3094
7621 1561 7752 2216
1791 5371 1800 6312
9642 4662 9735 6398
2569 0 8449 693
4353 3496 4738 6116
5586 3136 7607 3485
7933 3163 8461 4905
3652 1910 5289 3451
5185 8794 5306 9379
7621 2555 7837 4264
6942 3496 7455 3689
6730 1014 7621 3136
9499 4662 9642 6556
3652 1014 6730 1910
3652 693 8845 1014
5727 7591 9209 8798
7136 4981 8463 5799
5116 4981 6830 5335
6349 6640 8159 7591
8112 2555 8753 3125
7502 9165 9026 10000
0 1925 1294 3166
4739 4722 7394 4935
301 4865 1599 7290
289 8495 4544 8987
1599 4865 1791 8495
3242 6222 4337 8386
8463 3163 9743 4662
301 4085 2226 4865
1294 2500 2226 4085
