9583 4465 9832 5487
8765 2607 9114 3486
9114 1886 9970 3266
2737 2076 5379 2607
3389 7671 3668 9999
3668 7677 5207 8338
8280 2607 8765 3486
830 8866 1645 9465
0 1127 1401 2768
7977 5807 9482 7898
3389 7238 5193 7671
7955 4099 9997 4465
1401 2532 2000 2768
5207 7236 5936 9342
9482 5565 9799 8054
2794 6198 5322 6777
5399 5364 6097 5711
1144 0 1211 331
5949 7597 6689 9176
0 7653 1771 8865
6218 909 6670 1774
8078 8302 9991 8677
2737 1127 5379 2076
0 2768 2000 3782
5936 7236 6363 7597
6363 4200 7122 4729
898 4521 2794 6597
0 443 5379 511
7271 5565 7977 8302
741 3782 5108 4060
7271 8516 7927 9329
7955 4465 9583 5565
7977 5612 9198 5807
3258 2607 7403 3157
0 6777 1131 7653
6670 443 10000 1174
8377 7898 8725 8277
5379 909 6218 2607
31 3782 729 6455
6670 1262 10000 1774
5379 443 6670 909
2737 2607 3258 3782
2794 5028 4765 6198
30 9636 1081 9838
5108 3782 10000 4099
0 511 5379 1127
7403 2607 8280 3157
3668 8338 5207 10000
5207 9342 10000 10000
6670 1174 9998 1262
1131 7236 2723 7653
8280 3486 10000 3782
7271 4729 7955 5565
1131 6796 5252 7236
1401 1127 2000 2532
729 4099 6107 4516
3258 3157 8280 3782
1771 7653 2723 10000
6218 1774 9114 2607
1211 0 10000 443
5322 4539 5810 5210
2000 1127 2737 3782
4765 4521 5322 6198
2794 4521 4765 5028
6698 7597 7215 8820
6363 4729 7271 7597
2723 7236 3389 10000
8078 8681 9696 9336
