6981 6280 7968 10000
38 0 154 8188
8884 8728 10000 10000
7042 3467 9653 3926
2655 1123 3102 2009
1998 6805 2548 9818
3118 1123 3515 3591
6023 6280 6981 6799
243 166 960 2462
2780 361 8107 923
2548 7393 2811 9818
6023 5434 7968 6280
904 5024 1998 7694
3515 1123 4507 3591
2370 5024 2883 6497
960 361 2650 1060
243 0 9167 166
9284 3926 10000 8728
5319 2076 8107 2227
5319 3467 6023 6805
1518 4316 5319 5024
1524 2462 3118 3578
1518 3591 2127 4316
8107 2400 10000 2873
531 7694 1977 9228
4673 8422 6023 8705
3530 6805 4450 9394
6023 4612 6280 5434
9066 615 9235 1063
531 5024 904 7694
2046 1123 2655 2462
8107 2873 9653 3467
510 2462 531 5515
8107 361 9066 2400
4673 8705 6981 9394
960 1123 2046 2462
2811 7526 3377 7739
4507 2076 5230 2894
2127 3591 5319 4316
8340 7436 9284 8728
7042 3926 8682 5434
2188 9818 2669 9943
4450 6805 4673 9394
5319 2227 8107 3467
2780 1072 4489 1123
6023 3467 7042 4612
7968 6230 9284 7263
2548 6805 3530 7393
6280 4612 7042 5434
191 6596 496 9813
154 0 243 2458
7968 5434 9284 6230
3058 5024 4392 6785
4392 5024 5319 6805
3852 169 8803 361
9653 2873 10000 3926
4507 923 8107 2076
8340 8728 8884 10000
8502 7263 8896 7415
6023 6799 6981 8705
531 2462 1518 5024
9246 0 9999 2399
4673 6805 6023 8422
7968 7263 8340 10000
8682 3926 9284 5434
2811 9394 6981 10000
