0 3614 188 4852
518 3614 1314 4136
4720 1548 6583 2037
844 7648 1593 8349
8327 6120 8831 7059
844 6601 1593 7648
0 9599 2564 10000
4524 8990 6048 9828
9440 421 9874 1133
331 3157 2962 3614
1593 8997 3572 9055
4988 6085 5354 8168
2245 9055 4524 9350
8180 252 8691 518
4878 4518 9537 4991
1929 0 2056 2907
8180 518 8385 2817
634 4852 2314 5729
5354 8009 10000 8401
7084 5909 7808 7078
2314 3614 2958 6281
6571 3273 8345 3872
3708 3133 9386 3273
188 4136 1314 4852
3349 3133 3708 3872
9386 1139 9874 3890
4044 4780 4278 6601
923 2286 1918 2973
7962 6120 8327 7059
2294 6601 4271 6698
5530 2037 6613 2481
3708 3273 6571 3872
7336 9137 10000 9857
3346 8401 10000 8515
7336 9022 8977 9137
3396 1537 4536 2910
4878 3872 8244 3908
7390 3954 9561 4518
2222 9382 2522 9599
2294 6698 3147 8979
1314 3614 2314 4852
6012 0 9386 252
1909 9055 2245 9344
0 4852 634 5986
4878 3908 7387 4516
3147 7432 3310 7550
3683 4780 4044 6601
4524 8515 4843 8990
3396 1134 8180 1537
0 2973 331 3598
6012 252 8057 1134
5344 0 5638 1130
634 5729 812 8308
3396 617 4138 1124
7084 7078 10000 8009
4271 9350 4524 10000
5354 6587 6113 8009
0 5986 634 6772
8387 518 9386 3133
0 9292 1436 9599
6113 6587 7084 8009
2492 1747 3396 2966
5316 4991 7285 5598
7115 1537 7520 3105
1593 6601 2294 8979
844 5729 2267 6508
808 1162 911 2655
3833 8515 4110 8796
4551 2037 5530 2965
8345 3327 9118 3409
4843 8515 9591 8990
4278 3872 4878 6698
1436 9292 1465 9479
3683 4564 4278 4780
2314 6281 3683 6601
7828 5909 7962 6510
51 6772 622 7024
3396 0 4165 549
2958 3614 3349 4564
923 1162 1927 2278
2958 4564 3683 6281
3147 7550 3346 8964
4524 9858 8141 9999
7962 5909 9874 6120
6613 1537 7115 2124
3349 3872 4268 4528
7531 1537 8180 3123
188 3614 518 4136
9591 8515 10000 8988
5354 5909 7084 6587
6124 5598 6755 5721
7285 4991 9537 5909
825 6048 844 8349
8831 6120 9874 7078
331 2973 7115 3133
9874 0 10000 7078
6613 2124 7115 2973
5639 0 6012 1134
5530 2481 6613 2973
7808 7059 8811 7077
8057 252 8180 1134
3346 6698 4559 7503
4176 0 5341 1134
3346 7673 4665 7806
9537 4518 9874 5909
0 8349 1593 9292
4878 4991 5316 5909
2491 0 3396 1746
880 260 1290 1162
2067 0 2491 2968
8691 252 9386 518
2564 9350 4271 10000
