7984 3294 9077 3585
4380 4188 9681 4284
4380 4284 5648 5750
5214 1465 5479 3616
1431 795 1873 1763
3534 4246 3808 4930
5479 1465 6583 1936
0 7735 709 8761
0 6935 179 7630
3676 5750 4505 6772
1310 7000 2383 9050
0 2748 181 6935
6583 3294 7909 3593
6583 3176 9063 3294
7964 4847 8214 5125
5094 6218 5369 6901
0 795 698 2556
6583 3603 9181 3616
3808 4443 4336 4930
5325 7000 5605 9422
7581 1717 9058 2671
8357 4392 10000 4981
3833 7000 5325 8079
816 9422 8566 9555
4505 5750 4814 6772
8816 6437 10000 7585
2550 795 3222 1795
0 590 3246 795
5605 8835 7511 9422
8816 4981 10000 6437
600 5216 2690 5750
8566 8329 10000 10000
788 9422 816 9920
8566 4981 8816 7585
8738 0 9411 103
4814 5750 7964 6218
783 9050 4019 9411
181 3890 4229 4188
5648 4808 6828 4846
9609 1465 9650 3578
7119 1717 7578 2695
181 6328 889 7735
2948 9628 3981 10000
1809 3616 6912 3890
1061 7735 1310 9050
7511 8380 7833 9422
6044 2877 6147 3596
5784 3890 6912 3960
3290 9566 6888 9628
3246 590 3741 1795
8506 4981 8558 9029
8296 9555 8566 9628
6583 2695 9076 3176
8566 7585 9965 7607
8073 0 8737 1096
3453 4188 4298 4242
0 2556 1809 2748
600 4246 2690 5216
4814 6218 5094 6901
1873 795 2546 1791
4229 3890 5779 4188
5214 599 8073 1096
1081 6908 1869 7000
600 5750 2541 6003
698 2016 4646 2556
0 9050 783 10000
5779 3960 9681 4188
2383 8079 4021 9050
7964 5135 8357 6901
7833 8380 8354 8619
709 7735 1061 9050
9077 1717 9603 3577
698 1796 3732 2016
2842 7000 3833 8079
4782 0 5214 3616
5648 4284 7050 4354
889 6772 4744 6899
8566 8083 9275 8329
6583 1465 9602 1717
2690 4246 3534 5750
181 2748 1809 3890
2383 7000 2842 8079
600 4193 3169 4246
2574 5750 3676 6772
9681 0 10000 4284
8357 6866 8499 7633
0 8761 709 9050
1781 6043 2574 6276
4021 9040 5325 9422
889 6328 1287 6748
5214 0 8071 599
3660 3553 4597 3563
4021 8079 5325 9040
5648 4847 7933 5426
2746 2838 4705 3533
1809 2556 2746 3616
7741 9628 8566 10000
7833 8619 8506 9422
5605 6901 8357 8380
6912 3616 9681 3960
2746 2556 4782 2838
889 7000 1310 7735
6583 1717 7103 2694
816 9720 1969 9807
4145 9628 7741 9993
3741 590 4684 2010
5214 1211 6868 1465
3534 4930 4380 5750
181 4188 600 6043
5605 8380 7511 8835
5369 6218 7964 6901
6147 1936 6583 3616
0 0 4782 590
4646 2016 4782 2556
5648 4392 7806 4808
