2292 1002 2852 2779
90 2721 331 4453
5732 8071 6494 9941
7912 2324 9051 3827
4150 5018 5043 7455
2852 4037 3880 4333
5043 5018 5084 8753
9776 3827 10000 9785
7145 5731 7806 7930
5954 5018 6124 7536
5845 7536 6666 7669
582 4399 2852 5875
9271 3907 9608 9910
4002 3150 5546 3651
3249 7455 4391 8766
467 7470 2520 8999
6505 8071 7453 9922
8635 6979 9214 9693
2852 1002 3500 1875
582 4218 1585 4399
9667 3827 9768 9794
6124 5914 7145 6676
5084 5456 5954 5753
1949 9131 2416 9412
8915 3827 9278 3866
3880 1875 4002 4333
5084 7930 7112 8034
7455 8071 8484 9937
7810 7545 8123 8025
7145 1055 7806 5731
6734 1055 7145 4333
820 1896 1660 2721
8635 4575 9188 6720
5546 0 5606 3584
7806 4609 8009 6909
7806 3907 8025 4609
0 9967 8516 9992
820 1221 2292 1896
5084 5018 5954 5456
2292 0 3500 1002
1402 5875 2520 7470
2852 1875 3880 4037
7806 1055 7910 3874
2852 4333 6124 5018
0 0 820 2721
1660 1896 2292 2779
1660 2779 2840 4376
0 9518 2293 9965
5609 0 10000 397
3500 0 4002 1875
331 2721 1660 2937
9054 1119 9791 2096
2520 5875 3249 6870
4002 1151 5241 1589
6124 4333 7145 5914
5084 8071 5628 8722
3249 5875 4150 7455
624 2998 1541 3778
8025 3907 8415 7055
4002 0 5241 1151
5089 5753 5915 7360
393 4213 582 5737
820 0 2292 1221
4391 7455 5041 8698
150 9211 1198 9518
2852 5018 4086 5873
4002 1589 5241 3150
9226 6979 9271 8712
8495 3907 8526 9330
5609 1055 6734 3651
2520 6870 3249 9967
5609 397 6828 1054
7912 1055 9054 2324
582 5875 1402 7470
9054 2096 10000 3827
6124 6676 7145 7536
4002 3651 6734 4333
3249 8766 5732 9967
6828 397 10000 1055
5241 0 5546 3150
