9612 7055 9859 7914
3784 7904 4294 8187
927 2230 1535 3722
8799 7234 9295 7753
4621 8546 5808 8787
1547 7672 2004 8453
4817 9633 5259 9931
9557 2655 9731 4037
722 7672 1189 8453
6298 4188 6772 6599
6010 6351 6254 7178
1840 9391 3260 9877
9342 403 9686 1140
8015 1979 9095 2775
8861 4243 9924 4631
8380 4633 8709 5900
7095 4586 7496 4900
226 5086 375 5191
8709 4633 9212 5190
8709 5190 9345 6262
1674 2988 2002 3384
2331 1906 3184 2537
1674 1571 2331 2375
6957 2015 7698 2401
6058 2242 6412 2608
5403 1008 5960 1234
6010 7304 7367 8067
6058 2688 7286 2765
6058 346 6474 2099
3567 1075 3779 1906
5229 3601 5520 4509
1470 7042 1509 7163
9135 8236 9859 8715
6131 9017 6432 9747
3637 3028 7156 3258
2331 2537 2957 2730
5583 3288 5899 6103
3886 3947 4635 4269
122 94 907 759
6073 3723 6267 6351
6813 4273 8335 4586
3273 1180 3526 1292
5336 441 5892 928
8616 304 9367 403
4635 3947 4670 5443
1943 3384 3886 3715
4637 8250 5777 8544
2331 1571 3567 1906
8616 884 9342 1366
8616 403 9342 884
2999 3722 3886 4269
2000 1370 3273 1571
8543 3431 9036 4038
375 5396 927 5956
2265 9212 3799 9391
122 7239 216 10000
122 5956 927 7239
1737 4688 2999 5106
216 7457 4220 7654
2004 7673 5595 7759
2390 346 5892 441
1674 2409 1923 2988
216 7797 241 9466
9135 9437 9859 9668
7156 2775 9095 3258
8623 6262 8858 7197
1674 1038 5141 1075
3779 1195 4210 2529
5129 1975 6058 2775
216 7252 1443 7341
1241 296 2390 347
814 4819 927 5396
9212 4650 9704 5173
9859 6262 9892 8871
6267 3288 6833 4188
8960 8236 9135 9668
6792 5158 7361 6376
4210 1195 4971 1975
1234 4688 1737 5043
927 4158 2974 4688
3184 1906 3779 2529
5892 346 6058 1008
3674 6509 4746 6808
7367 5900 8709 6262
927 0 1102 1999
3480 459 4529 550
1535 1601 1674 3384
7776 1366 9710 1424
9095 1424 9318 4181
5139 8802 5701 8830
2002 2775 3637 3258
4857 6509 5766 6840
5766 6351 6010 7759
5139 8830 6125 9565
242 9212 2265 9391
242 9607 1840 10000
1219 463 1653 1601
6131 8799 7326 9006
7367 7914 9859 8067
2004 8187 4621 8493
375 2886 814 3889
5520 3384 5583 6079
4672 3384 5181 5583
1737 5106 2999 5583
2390 289 6593 346
4621 7759 6010 8067
2999 4269 4450 4991
7330 1424 8015 1681
8001 8067 9859 8236
3332 6351 5766 6509
9557 1424 9721 2554
927 3743 2768 4100
9345 5190 9892 6262
5899 3345 6218 3723
4460 4269 4619 5162
6772 4188 8798 4225
375 3889 814 5396
3799 8493 4412 9901
7388 9278 7915 9979
814 763 927 4819
7776 289 8616 1366
5823 8236 7370 8799
2933 6103 4647 6346
7367 7711 8604 7866
9859 8871 9965 10000
1737 5583 3560 5623
8015 1590 9078 1979
0 25 759 94
2002 2375 2331 2775
7367 6262 8619 7711
5212 1144 5316 1450
3886 3384 4672 3947
161 2087 635 2886
927 4688 1234 5219
1261 6351 1470 7074
7998 5096 8380 5900
6856 6475 7362 6616
9733 289 9909 3811
5899 3723 6073 6351
6894 2401 7947 2674
6267 6616 7367 7304
5506 7580 5747 7672
2999 5181 4272 5551
3191 2529 4758 2761
4621 8067 6441 8236
1588 6351 3237 6506
0 94 122 10000
7370 8236 8960 9263
1840 9901 2716 9977
4971 1075 5212 1975
2295 3288 4141 3379
4482 8799 5139 9538
5181 4518 5374 4616
7266 289 7776 1424
8907 6382 9346 7066
8380 4250 8853 4633
6833 3288 8543 4188
927 5219 1202 6845
1234 5219 1734 6079
6593 289 6874 2478
9346 6262 9483 7914
1322 4 2621 289
6969 289 7266 851
4412 8493 4621 8799
7367 5096 7998 5900
9892 5190 9965 8871
242 8539 2866 9212
1588 6509 3477 7370
3637 2795 6364 3028
9135 8715 9859 9437
2621 0 9970 287
9483 6262 9859 7055
242 9391 1840 9607
8960 9668 9817 9763
6441 8067 8001 8236
4210 1975 5129 2529
1219 1685 1472 2230
7496 4586 8380 5096
3779 1098 4064 1195
9965 289 10000 10000
9483 7055 9612 7914
2002 3258 9095 3288
1234 5043 1433 5112
6789 4586 7000 5047
3674 6850 5720 7457
