2986 8890 3286 9182
1053 8441 1215 9058
0 315 3603 1281
8945 3613 9413 5308
4642 9707 9719 10000
5887 6415 6727 7653
2429 4592 2984 9367
4893 4985 6637 6415
6370 2272 7752 3445
4085 6415 5887 7653
0 1281 3603 1562
3183 5513 3675 8787
1884 3445 4085 4499
8695 6103 8867 7691
0 3068 1009 3156
3004 5513 3183 5772
8867 6103 9719 7747
4732 931 6650 954
0 5151 1344 6203
9719 2759 10000 6083
7752 868 9002 2759
7005 5308 8084 5906
1884 4499 2390 8338
3333 8890 4513 9305
1769 9367 4576 9952
4085 7653 4582 8890
0 6203 1344 7255
9719 6083 9985 9861
4834 954 5811 2986
6727 4087 8945 5308
6727 3613 8945 4087
4642 9626 9719 9707
6637 4352 6700 5321
4354 315 4556 2667
8274 8669 9249 9626
0 7255 1602 8387
4085 3445 4893 6415
8084 5308 9413 6103
7752 2759 9719 3445
3867 4499 4085 6662
1344 6505 1884 6637
7183 0 9002 868
1433 2986 6370 3445
5811 954 7183 2272
6653 7892 6727 9441
1433 1562 4132 1800
9249 7747 9651 9263
1574 1800 4342 2543
4557 0 7176 915
6850 6103 8675 7141
284 2527 1433 3041
3603 315 4352 1553
6752 8669 7151 9431
0 9367 1764 9997
4582 7892 4641 9059
4893 3445 6637 4985
4582 7653 6252 7874
4557 954 4706 2486
6850 7141 8675 7747
2986 4499 3680 5000
4642 7892 6216 9575
7082 3460 8870 3613
7986 8669 8274 9300
0 3445 1884 5151
9413 3743 9514 4812
7183 868 7752 2272
3113 3 3851 315
9002 0 10000 2759
8276 7747 9249 8669
0 1562 1243 2337
6804 7758 8276 8619
5856 2272 6370 2986
6749 5308 6850 5699
