4328 8040 7329 8124
6015 2017 9461 2223
5139 3105 5182 3992
4460 3149 4857 4302
4493 564 5668 1070
8815 2849 9777 3351
4428 9209 7717 9301
3355 4031 3446 4302
4857 2978 7729 3105
5337 113 5437 244
2952 6412 4379 6888
6015 1070 6207 1640
23 9394 6508 9561
6641 4489 9072 4654
4857 4045 7984 4133
1457 9668 1485 9823
2749 8153 3348 8224
4317 450 5275 563
5177 1070 5201 1848
1285 8413 2114 8493
4943 4302 5329 8040
8392 2422 9912 2525
1117 2525 2357 3068
1431 6645 2749 6869
1485 9668 6731 9709
5329 4302 9072 4489
1996 5284 2381 6501
3531 662 4317 1070
940 6869 1890 8413
5211 1070 6015 2223
4518 8707 4614 8930
771 4717 1564 5272
338 3068 941 3833
9684 6789 9697 9320
8479 5571 9338 6250
3128 4031 3355 5284
5661 8327 6937 8652
9202 412 9710 1070
492 6869 925 8465
9710 0 10000 2344
4857 3701 4960 4036
4029 3149 4460 4302
63 9209 4428 9394
3174 2525 3446 4031
4317 564 4493 1070
2749 9173 5245 9209
7142 2725 7682 2974
9370 4045 9918 5400
196 7055 392 7738
23 5490 492 6233
4372 4302 4943 5493
1890 6869 2745 7761
8848 3947 9947 4045
23 718 725 2497
192 255 202 718
7142 2525 9912 2725
1663 141 1948 2274
3288 1873 5211 2246
6829 7014 7265 7991
1890 7761 2746 8212
23 6233 492 7055
1948 1396 2051 2248
9697 8139 9891 9845
6641 4654 7587 6854
2804 4031 3128 5284
9237 6250 9301 9202
5018 9012 5552 9139
2061 1396 3285 1624
8114 5571 8479 6062
7809 6250 9237 6938
3446 3149 4029 4302
19 9850 9891 9963
8424 4654 9072 5571
3531 141 4317 662
3446 2801 4857 3149
9891 8139 9970 9604
3977 9014 4425 9173
7329 6854 7587 9209
2401 5284 3572 5493
8003 4654 8424 5412
1948 712 3347 857
6678 0 7944 1070
9338 5571 9924 6250
2023 9712 4757 9804
492 6556 1431 6869
5211 2223 9461 2344
5211 2344 9912 2422
7587 4654 7947 6220
4328 8124 6947 8327
5346 248 5634 564
3953 5039 4372 5493
23 9845 9080 9850
7809 7696 8242 9250
1488 5403 1985 5490
8319 6938 8656 9298
8815 3385 9802 3878
806 0 1163 2179
2032 9963 3430 10000
3446 2525 4857 2801
6403 8696 6762 9123
2061 1624 3226 2225
2401 6384 2702 6526
5908 3767 7391 3998
2749 6297 2946 6918
5329 6608 6017 7416
971 3068 1230 3868
0 0 19 9963
9072 4045 9368 4960
9461 1070 9710 2344
6062 6608 6270 7857
9924 5446 9970 5490
2401 5493 3702 6199
3572 5039 3933 5465
701 4034 703 5001
1431 6556 2749 6645
8163 6070 8390 6232
728 4031 1444 4662
9912 2344 9997 3873
2835 7308 3560 7780
5329 6266 6182 6608
5668 0 6678 1070
9301 6250 9638 6722
32 7055 63 8284
5379 3105 7578 3353
3531 1070 5150 1369
4665 5493 4933 6256
7809 6956 8309 7567
8687 412 9202 1070
5329 5385 6627 5782
9700 6508 9924 8139
8746 6938 9195 8559
7729 2725 9912 2791
1786 5490 1996 6556
5329 7991 7329 8040
6947 8124 7316 9094
6207 1070 7523 1640
5379 3438 7627 3743
7944 412 8687 1070
4857 2525 6766 2978
5661 8696 6352 9183
23 2525 254 3865
3572 4306 4330 4358
4317 141 5110 412
1948 857 3531 1396
3998 7000 4879 7105
7792 9394 8733 9683
4009 8040 4328 8644
4428 9302 6154 9393
5553 4149 5836 4253
1281 256 1663 2440
7944 43 8647 412
3591 7000 3982 7110
1953 2274 3464 2335
7523 1070 8366 2017
5841 4489 6641 5315
23 3869 3174 4031
8326 2791 8815 3658
6766 2525 7142 2978
8815 2791 9912 2849
19 3197 23 4345
1485 9710 4747 9712
492 5490 1786 6556
1234 3068 3174 3869
3285 1396 4962 1742
8366 1070 9461 2017
8179 4045 9069 4277
1663 0 5337 141
6015 1640 7514 2015
8658 9202 9237 9283
63 9059 2517 9194
4605 8327 4894 8651
1444 4031 2804 4717
8658 6938 8735 9016
1663 2422 8392 2525
1996 4717 2804 5284
3355 4302 3572 5284
2357 2525 3174 3068
261 2525 1117 3068
3572 4358 4372 5039
7587 6250 7809 9209
