0 1007 350 3347
7735 2619 8436 2826
6579 5153 7649 5748
2163 9191 3168 9731
6844 5921 7517 6232
785 6640 971 8005
1121 1537 1608 2864
456 4891 785 9279
5087 6902 6069 7265
1274 5096 1595 6059
9338 6589 9781 7846
2185 5698 2908 6901
3575 223 4151 2228
1192 9964 6935 9965
6079 1991 6321 5921
454 3991 605 4891
7743 6589 8623 7581
25 6049 200 8316
1192 8715 6069 8939
0 0 5886 183
9967 2619 9998 9407
6683 6589 7668 8067
7720 672 7814 2619
5460 3933 5806 4042
3509 8361 5977 8715
8623 7526 8859 7577
7814 0 9248 1140
8990 6132 9967 6589
971 7317 1685 7617
6321 0 7814 672
3509 6973 4796 7671
7743 7581 8154 8396
5977 8471 6050 8715
350 1007 968 1448
9670 865 10000 2619
1192 9191 2066 9739
1201 3453 2767 4143
1610 1535 3372 2806
4796 4319 5659 4395
2794 4272 4451 4553
1772 7617 3509 8231
4159 1246 4743 2100
785 8005 1025 10000
56 4050 257 5197
8028 2965 9967 3271
2929 6133 3141 6451
1685 4542 2136 6973
8028 3856 9933 4223
4796 4395 5087 8361
7310 8718 7728 9056
1201 5096 1274 6062
350 3002 1062 3245
8990 5971 9571 6132
4037 9753 5355 9964
6832 4445 7565 4490
7519 5921 8500 6589
7814 1140 9248 2619
9781 6589 9967 9964
0 183 3281 430
9338 7846 9697 9464
9199 6589 9338 9964
6079 7949 6652 8143
971 3991 1121 6400
7154 8157 7302 8967
1685 6973 3509 7291
1265 1194 3158 1535
785 5368 964 6640
8028 3271 9959 3370
1201 2876 3327 3405
257 3347 454 10000
1366 4289 1767 4542
1770 4161 2761 4536
8154 7581 8932 9964
9248 1667 9670 2619
2245 5155 4386 5649
7675 6589 7743 7843
0 705 2029 1007
3141 6266 4796 6973
605 4123 900 4540
6076 0 6079 5729
2136 4542 2219 4852
454 3351 1003 3991
7649 4805 8028 5748
1025 8005 1772 8715
7320 777 7345 3578
6844 6234 7513 6583
3141 5811 4796 6266
6321 672 6579 5748
8500 4223 8990 6589
7371 1439 7720 2965
1685 7291 3509 7617
1610 2813 5394 2859
3168 9191 7310 9437
7914 8396 8033 9207
3168 9437 5965 9475
8623 6589 9199 6900
3695 3230 4031 3312
4152 2864 5447 3452
5087 5457 5886 6902
7310 8203 7724 8718
6079 6589 6626 7919
1260 4857 1685 5096
7345 2965 7649 3951
1121 6062 1685 6400
5087 7265 5883 8296
1025 8715 1192 10000
8932 7026 9199 9964
6079 0 6321 1991
8028 3720 9863 3846
9338 9464 9697 9964
9248 76 9665 1667
6079 8157 7152 9161
9670 0 9999 849
1121 2864 1201 6062
3575 2313 5666 2790
971 7617 1772 8005
6079 5921 6844 6589
1192 8939 6079 9191
2794 3453 4809 3896
5087 4395 5886 5457
8028 4223 8500 5748
1772 8231 3509 8715
4770 1246 5351 2258
3141 5726 4658 5811
3509 7671 4625 8340
5886 0 6069 6902
3501 183 3575 992
971 6400 1685 7317
2794 4091 5413 4272
9697 7846 9781 9964
7649 2965 8028 4805
4769 239 4949 948
6321 5748 8500 5921
