5191 0 6292 496
2252 4636 2564 7282
7766 1134 9840 1453
41 1609 766 1926
2191 7896 3123 8530
6734 8333 7473 9608
4024 1301 4658 2732
496 9377 1895 9527
2252 2994 4010 3805
4237 7896 5115 10000
812 8627 1484 8973
8702 3466 9561 3766
5510 3484 6020 4665
4024 2732 4497 3210
2252 4142 4658 4636
0 7865 121 9779
1194 7282 1815 7808
5754 7223 9948 7486
6734 9716 10000 9945
0 542 620 985
6896 985 7677 3289
2252 542 3654 1761
836 8185 946 8403
1450 701 1766 5147
7766 1453 9498 2071
7677 3759 8571 4996
6092 8676 6734 9628
946 2275 1440 4411
2241 542 2252 2983
3009 9145 3823 9696
0 4589 121 7865
8702 2910 9646 3403
3966 8530 4171 9728
946 6782 2252 7282
6072 9945 10000 10000
1346 6127 1737 6293
5116 6279 5754 9249
5116 4665 6020 5642
2980 2289 3801 2734
6153 1058 6766 1450
812 9019 3721 9145
5754 7486 6072 10000
1772 542 1831 5892
7677 542 7766 2711
3654 542 4658 1301
5115 6784 5116 9915
6852 6279 7134 7150
3801 2289 4013 2659
6020 1920 6330 5642
4658 3484 5510 4636
8441 5642 9650 6279
2614 1761 4024 2289
9498 1453 10000 2071
5541 1920 6020 3484
6935 5009 9650 5642
2564 4636 3078 7026
3654 1301 4014 1707
6935 3289 7677 5009
121 4589 493 9682
6072 7963 8062 8232
2435 2855 2614 2994
5056 985 6153 1847
4024 3231 4478 3761
8434 8232 9465 8367
3078 4665 5116 5723
496 2275 677 8727
8434 8391 9768 8570
8434 8596 9961 9424
949 6348 2231 6782
4906 547 4943 1908
946 5147 1732 5778
2564 7067 2865 7256
7766 554 9473 1132
5116 9249 5754 10000
7766 2071 10000 2640
766 542 1450 2275
4943 542 7300 935
1857 7896 2191 8411
6330 1920 6896 3289
7766 2640 9650 2711
7727 6453 9650 7121
7476 8333 8433 9554
3123 7896 4237 8530
4658 1920 5541 3484
3078 5723 4835 7282
7677 2711 9365 2855
7871 2860 8702 3722
8702 3812 9617 4700
4835 5723 4996 6714
6330 3289 6935 5642
6153 1450 6896 1920
0 9779 4237 10000
6072 7550 9430 7963
9650 2640 10000 7220
0 2275 496 4589
1815 7282 5115 7896
7476 9578 8733 9716
3078 4636 4265 4658
6292 0 10000 542
2252 3820 4536 4142
5116 5642 8441 6279
