365 5156 3332 5242
8036 8356 9080 9151
4096 9129 4956 9866
1207 5245 3065 5522
2683 8099 4776 8470
5555 4020 5937 4324
5505 2983 6479 3985
6479 6944 7646 7041
8066 1369 8673 1975
2691 5522 3065 6227
3065 5245 4357 5572
6590 1397 7732 2776
9505 3853 9552 5920
6159 3985 6479 7279
1926 9358 2072 9482
3066 6010 5263 6858
3066 7304 4393 7371
8036 4335 8831 6388
7962 4666 8036 9691
8036 7061 9238 7848
2097 9316 3378 9813
9168 7848 9320 8945
463 2830 1286 4847
1766 8625 1895 9485
4780 6858 5254 7134
7011 4959 7860 6526
6479 7041 7646 8291
4096 8625 4367 8965
4613 0 4903 2526
1932 2526 4862 3140
9138 6762 9357 6827
5528 9915 6297 9962
3425 3155 3493 5197
5505 4324 6159 7279
1289 639 2083 1097
7381 8291 7646 8350
771 9873 5508 9915
6321 9129 7412 9401
93 5156 365 5404
7011 8470 7500 8597
7962 9691 9461 9913
2683 6227 3065 8099
348 9178 1766 9827
365 5245 1207 6227
1075 9827 1388 9842
2232 1106 4268 1841
1581 2719 1920 4869
4903 0 6933 456
8036 7848 9168 8356
7077 6526 7279 6839
5505 2425 6479 2983
6590 3926 7011 5297
6479 1352 6590 5297
7889 3370 8654 3912
5505 1352 6479 2425
5263 4873 5496 8129
2085 639 2614 1101
9050 456 9337 6116
5505 7279 6479 8470
0 0 4273 639
4273 0 4613 2526
1766 6673 2683 8470
6933 0 9357 456
9357 907 9491 2393
9357 0 10000 907
8036 9198 9551 9690
5354 1352 5505 3674
9552 8442 9616 9083
4780 7500 5179 8178
9564 3571 9942 5140
552 2072 1932 2665
1932 3188 3245 4625
4903 456 5263 5601
3494 4591 4785 5245
1926 8625 3566 9278
3494 3155 4890 3656
426 639 1269 2067
1289 1106 2204 2059
9357 2407 9505 9198
7646 6526 7962 8625
7889 1352 8066 3370
5263 456 8066 1352
0 1939 384 5082
7412 8625 7962 9916
7011 3926 8025 4653
3066 5601 5263 6010
3494 3660 4777 4474
2630 639 4151 1061
1766 6241 2674 6673
6297 9916 10000 10000
0 7436 348 9915
0 6227 1766 7436
6479 5297 7011 6944
1932 4625 3425 5156
1207 6005 2691 6227
3065 5694 3066 6018
348 7436 1766 9178
6590 2776 7889 3926
1932 2072 3883 2491
1207 5522 2691 6005
