72 2584 76 8631
6200 6131 6676 6493
1296 7291 5647 7464
6094 6690 10000 7010
28 0 2244 559
1138 7291 1296 8627
3271 214 9033 235
8873 4489 9624 5210
149 7031 1408 7170
6165 433 9458 527
3267 8123 5822 8206
191 1970 1216 2435
149 1263 1216 1970
1216 1895 1868 2435
4483 927 6701 1228
5756 3780 6094 7253
4366 9098 4883 9804
6154 3668 8455 3874
149 7170 4144 7253
2813 4144 3311 6886
4159 5616 4641 6527
4109 682 5608 803
3408 2168 3511 3599
7216 3971 7719 4639
6706 927 7634 1228
6094 7010 10000 7253
191 4594 873 5679
6165 273 7249 388
8058 8283 8644 8890
9249 7291 9648 8492
3324 4144 3656 6846
4854 3788 5615 4348
8607 927 8873 5210
4159 4412 4828 5616
3267 8500 8058 8811
2557 7464 3267 8627
7216 4639 7816 6450
4421 3467 5266 3780
8455 3668 8607 4344
3511 2168 4143 3858
5647 918 7316 927
3267 8890 3410 10000
598 7291 1138 8762
8311 5567 9778 5953
598 8762 1757 9303
7523 2168 7814 2733
3267 8469 8058 8500
3270 7464 3769 7932
3410 9831 8804 9936
4210 2259 5336 2957
7216 6450 9369 6656
907 4446 1261 6241
8878 7291 9249 9933
6154 2168 7523 2733
4278 927 4296 1958
88 2508 149 7846
6307 9005 6543 9034
8438 5210 9751 5558
191 3014 907 4594
6813 2733 7296 3668
149 1970 190 5684
3410 8890 3714 9737
4159 2191 5220 2259
1408 2435 1868 6801
9624 3302 9915 5210
3267 8226 8058 8469
8469 4344 8607 5097
3185 214 3271 361
598 7253 10000 7291
394 2790 615 3014
1296 7464 2557 8627
1138 8627 2196 8762
1757 8762 2287 10000
1868 935 2441 2168
4828 4348 5724 5616
6454 7768 7571 8226
907 3677 1261 4446
4641 5616 5724 6527
4159 6527 5724 7253
5647 7291 6454 7497
0 9303 1757 10000
9624 2991 9915 3302
9915 388 9975 5621
3271 235 5638 422
2556 2168 3408 3461
1408 6801 2787 7168
4026 7497 6454 7989
7877 5965 8155 6270
0 0 28 9303
3656 4144 4075 7170
4417 1365 4487 1828
4670 1239 4962 2111
2244 0 3765 209
1261 2435 1401 6055
149 7253 598 9303
6454 7291 7571 7768
1216 927 1868 1895
6676 3874 7216 6690
149 6241 1408 7031
5336 2259 6091 3000
2088 3599 3453 3867
2466 927 4268 2162
7971 5210 8299 5811
3410 9936 10000 10000
7571 7291 7837 8191
2287 9753 3267 10000
149 559 1216 1263
5724 3780 5756 7253
8021 8890 8878 9831
7814 1456 8538 3593
2813 6936 3647 7169
1868 2168 1959 6748
7816 3874 8455 5210
7296 2733 7814 3668
907 3529 1160 3677
8873 927 9915 2991
2244 422 3857 527
4075 3869 4135 4862
6154 2733 6813 3668
4145 2168 4159 6491
2096 5207 2713 5291
411 2435 1218 2739
5647 264 6145 555
6095 2259 6154 6418
6256 4002 6393 4579
4159 3780 4828 4412
3783 8811 7396 8890
3769 7464 5647 7497
2287 8627 3087 9753
3087 8627 3267 9753
149 5735 905 6241
1216 559 4109 927
6543 8890 8021 9831
4366 8890 5704 9065
1959 3869 4075 4144
3916 10 9155 188
8873 2991 9624 4489
