3556 5268 4275 5656
7564 7533 7854 8329
6912 2407 7006 2616
7113 1565 7927 2056
7310 4850 7782 6191
1936 1825 2722 4675
6226 5867 7113 6758
4165 6758 7310 7093
9286 2727 9950 3126
3364 2301 3582 4819
5856 9149 7920 9290
7310 3156 7795 4850
9353 6747 9802 7823
2929 8508 4079 9094
110 4819 3291 5395
0 379 110 9326
5971 2867 6910 3636
9294 4316 9459 4753
4324 379 5167 4174
7113 379 8008 1565
7061 379 7074 4814
6226 5191 7076 5867
110 6291 630 7955
6730 3638 6904 5082
110 8508 1027 9001
7829 3773 8831 4675
8100 9338 8813 9720
110 4721 1377 4772
8199 1740 8572 1831
110 5549 616 6291
7795 3156 7829 4834
290 1360 4324 1825
8296 4850 9787 6191
6201 393 6796 2703
5971 4535 6147 5649
2958 2679 2994 2996
5373 5703 6226 6323
3556 5663 4261 6392
3307 4819 5300 5226
7829 3156 10000 3773
8008 1250 9286 1505
8572 1505 9286 2093
290 1997 1180 2626
9129 8472 9793 9964
4561 7533 5004 8472
7920 7093 8965 9290
7112 621 7113 1131
5111 7533 5196 9326
3961 3267 4242 3789
8903 3773 9884 4192
4165 7093 4561 8508
7782 4850 8240 6191
8965 7876 8992 8103
3474 67 7067 247
711 5396 2319 7714
1249 2808 1936 3386
4165 6392 6226 6758
5196 7533 7564 8592
110 1360 290 4675
9286 67 10000 2727
7310 6191 9349 6489
3556 6392 4165 8508
4561 7093 7920 7533
5302 2867 5971 5703
4338 8508 5111 9200
9787 4316 9986 6017
290 3386 1936 4675
8240 4850 8292 6125
2994 2301 3364 4721
6226 4060 6719 5146
5243 9149 5856 9898
0 9567 5196 9915
8008 403 9269 1250
838 156 1048 379
4308 5230 5298 6392
7310 6503 9213 6990
0 9326 5196 9567
8049 2093 9286 3156
9129 7204 9254 8472
0 0 5965 59
3582 4174 5302 4819
3309 5230 3556 7875
5971 3653 6723 4053
110 7970 3551 8445
0 9915 5059 9987
5302 553 6191 2867
9820 6998 9944 9982
1390 9225 2696 9326
2366 5396 3297 7378
5196 8592 7920 9149
1249 2306 1933 2808
5228 379 5302 3062
110 4675 986 4706
290 2626 1249 3386
3582 2301 3853 3590
7114 3156 7310 6528
5856 9290 8100 10000
110 445 4292 776
110 776 4324 1360
2722 1838 3901 2301
7113 2093 8049 3156
