7102 6183 8135 10000
11 0 154 6642
8682 9151 10000 10000
6675 3467 9318 3924
2548 0 2706 2441
935 7812 2098 9277
2124 3491 3659 4097
6023 6249 7086 6722
154 509 2060 1375
2706 0 3659 2441
2611 8432 3337 9320
7107 3924 8131 5619
798 5761 3337 6879
3725 0 5231 1351
1989 5093 3238 5698
218 2 2548 509
5231 0 6183 1351
9318 3467 10000 8372
7362 1652 8098 2227
3731 3933 5902 5069
1989 4097 3659 5093
2124 2441 3659 3491
1001 3702 2124 4097
8132 2433 9702 3009
154 6879 2668 7738
5577 8485 6666 8841
3978 8846 5783 10000
6052 3933 6183 5563
8391 951 9067 1063
536 2441 798 6261
2061 509 2487 2428
7354 3053 9656 3464
230 3606 531 3819
8098 1063 9323 2433
5783 8846 7102 10000
531 1375 1928 2421
3124 7738 3337 8304
3659 2445 5105 2854
3659 2909 6084 3890
8682 8372 10000 9151
8135 3924 8682 7100
2344 9813 2669 9998
3978 8485 5577 8846
6183 2 7352 3467
3659 0 3724 1341
6183 3467 6675 5649
8682 5283 9318 7263
2668 6879 3337 7738
6675 3924 7090 5483
0 9508 3217 9813
154 1483 512 2094
6023 5649 8135 6183
3978 6006 6019 7157
3978 5093 5983 6004
8098 0 9231 839
9702 2433 10000 3467
3659 1351 6183 2445
8445 7100 8682 10000
8682 7263 9076 7415
6023 6722 7102 8485
798 4097 1989 5761
9323 0 10000 2433
4077 7169 6023 8394
8135 7100 8445 10000
8682 3924 9318 5283
3337 5093 3978 10000
