6606 8601 6917 10000
2498 5129 4596 5497
6275 7405 6423 7854
7256 2708 7648 3831
3157 4035 4543 4390
6787 7405 7308 8044
5924 510 7468 1218
4648 4090 5760 5051
260 5535 1886 5673
2573 8331 3868 8899
1389 7290 1978 8394
5961 1241 6345 2692
283 6275 438 8640
1478 5129 2498 5360
5961 2756 7096 3788
260 9852 3401 9916
458 7577 1015 9684
3936 7221 4925 7457
1776 6978 5292 7041
3755 7077 3930 8331
9387 8088 9428 9066
3157 4398 3458 4459
2147 26 6845 316
6917 9390 7634 10000
1387 5052 4625 5129
8930 5991 9422 6299
6340 6749 6632 7284
1387 4035 3157 4662
7322 4562 7741 5882
9930 400 9971 4971
2421 6897 3932 6978
3840 5882 5161 6425
5039 1374 5948 2267
6154 8089 8288 8213
9461 1218 9477 1896
1389 9193 2573 9510
5924 329 6895 510
4193 8086 5248 8300
5085 1241 5889 1345
1850 724 2081 1513
260 5360 2498 5497
8930 7390 9396 8004
8663 5886 8930 8004
5292 8004 5459 8101
25 1423 1404 2268
1634 5725 1776 6275
3936 8305 5292 9148
2147 430 3341 968
6853 6425 7333 7405
4648 4035 9454 4090
1404 107 1850 2268
2081 0 2147 2268
25 2268 260 3978
5760 4562 7322 5250
2444 5673 2715 6483
8580 5171 8661 8639
5614 7494 5735 8792
9512 1075 9898 4787
953 5129 1442 5359
9454 2084 9482 7957
2147 2126 4889 2263
6090 5882 7325 6425
1978 7290 2493 8331
9501 5023 9716 8051
7039 29 7588 350
25 0 569 1423
5760 4090 9454 4164
9721 5054 9994 5377
4885 6749 5580 6975
3096 5497 3840 6425
8134 5807 8210 6629
4452 1218 5039 1543
3986 4398 4039 4985
569 107 1404 1423
3936 9148 5049 9239
2318 3010 2595 3831
2493 7290 3224 8308
260 2534 738 5360
1200 9760 3401 9852
4217 968 4986 1218
3341 381 4986 968
1978 8338 2483 8394
6437 7621 6708 8089
3096 6425 6853 6749
7203 2030 7271 2461
260 9916 6606 10000
1387 4662 2553 5015
8288 5171 8575 8503
1231 9193 1389 9438
0 3978 260 10000
6950 400 7371 439
3401 9760 6606 9916
1850 1515 2070 1672
4763 5497 7322 5882
1200 7290 1385 9192
7241 8601 7747 8876
1083 7290 1200 9852
9494 3046 9512 4391
1776 5673 2359 6746
953 2534 1387 5013
3509 3010 5553 3724
3341 322 5698 381
2318 2268 5961 2428
6353 1218 7366 1745
2573 8899 3868 9510
4303 4398 4648 4896
6651 4164 8463 4330
7822 1565 9450 2083
5735 7405 6154 9760
4104 1159 4217 1772
260 6275 276 9026
6993 9033 7212 9160
2147 323 3268 430
8466 9033 8663 9306
4 0 25 3394
3840 5497 4763 5882
7634 9390 9387 10000
2147 1772 3380 2120
2318 3831 7648 4035
3936 7457 5292 8086
2595 4662 3144 4915
2595 3788 7256 3831
8663 5266 8914 5886
1389 9510 3868 9760
9387 9423 9450 9853
7661 3542 8910 4035
5760 5250 7322 5497
2853 5497 3096 6749
8821 29 9615 342
738 2534 953 5283
438 7041 3553 7263
7741 4562 8046 6321
3868 9621 5735 9760
3868 8331 3936 9621
260 2268 1387 2534
438 6447 1009 6690
2715 5673 2853 6749
7468 2087 7638 2708
7468 400 7804 1899
569 0 2081 107
7333 5882 7714 6717
3411 7290 3732 8080
5760 4469 7811 4562
9545 597 9900 1075
8134 4590 8768 5171
8880 447 9271 1565
9721 5377 10000 9996
4986 381 5924 1218
2279 2887 2318 4025
5161 5882 6090 6425
1387 2294 2297 2887
1850 107 2065 166
2318 2428 5234 3010
1011 6720 1302 7019
6154 8213 6606 9760
5234 2428 5961 3010
7333 6727 8134 8089
2595 3010 3448 3781
9484 5023 9491 7243
4596 5129 5760 5497
6950 0 9777 21
8216 5171 8260 8050
7648 2084 7659 3635
6606 8213 8247 8589
8663 8004 9387 9390
1387 2887 2258 4035
3936 9291 5183 9611
5039 1218 6145 1241
438 9684 1083 9852
2436 968 3711 1597
7661 2109 7997 3305
9483 8067 9718 9995
1389 8394 2573 9193
