382 0 1959 583
3153 4433 3824 7986
1192 8189 2918 9812
919 4123 1103 7604
8969 0 10000 1596
0 8189 1006 10000
7774 3537 9036 5680
290 5700 919 7604
4007 7948 5295 8459
9036 4259 9761 5475
172 7604 2563 8189
7774 5680 9761 7948
6668 14 8969 389
6779 9660 9756 9725
6278 1357 8844 1596
4133 8459 8486 8676
5899 0 6201 2383
9761 1596 9974 8170
6492 2245 8075 3019
9205 1596 9761 4259
7165 3086 9019 3537
5295 7948 9761 8459
4593 9700 5103 9807
5 5530 172 7778
382 669 1102 4036
2563 4433 3045 6739
6765 7825 7774 7937
2201 0 3728 2879
1103 4352 2563 7604
2918 8189 3953 9660
1518 9812 2291 9944
5899 3361 7164 4293
5222 6817 6313 7948
3 2274 382 3923
3953 8780 8432 9660
1020 9186 1138 9727
6047 4521 6261 6370
3972 0 5899 4352
9115 1596 9205 4117
6278 389 8133 1311
8432 8780 10000 9660
2563 4352 7774 4433
6267 5065 6304 6612
2201 2885 3886 4338
3953 4433 5222 7948
5222 4433 5957 6729
9036 5475 9761 5680
3823 0 3972 2602
8486 8617 9895 8780
1103 669 2173 3799
6313 4433 7757 7601
0 4123 811 5475
5899 3150 7102 3361
7165 4152 7679 4267
