9555 6846 9832 7429
2879 8099 4294 8201
1220 2538 1541 4112
8603 6863 9295 7235
4550 8604 5241 9018
914 8244 3410 8387
3718 9733 6645 9778
9729 2719 9920 3978
914 8440 1695 8907
6093 6498 9925 6550
4817 6664 6011 6833
1949 9082 2759 9934
9342 94 9979 492
7232 2405 9925 2719
6322 4189 9457 4314
7327 5097 8563 5172
7327 4586 7566 5097
295 5156 742 5191
8844 4314 9457 5172
8694 5584 9376 6215
1878 2988 2257 3357
2689 1941 3542 2277
1220 2277 3542 2412
7232 1822 7726 2401
4997 2575 6059 2697
5892 1000 6138 1475
6372 7429 7835 8099
4132 2740 6331 2783
5212 1475 7776 1754
3775 1757 7129 1811
5021 4269 5929 4560
1470 6846 1481 7275
9173 8201 9951 8764
5600 8932 8155 9018
6331 1811 6943 3138
1544 2435 2717 2538
5050 3723 6267 4044
4085 4044 5730 4215
0 94 607 954
5583 4616 6401 5572
6322 4391 8765 4586
2986 1291 3492 1347
5658 252 5892 1353
8956 252 9285 478
4618 4625 4712 5182
1691 3384 3886 3677
4637 8250 5777 8544
2689 1590 3542 1941
8728 523 8916 2399
6784 252 8956 523
2999 3680 3462 4745
2689 1353 3542 1590
7894 3688 8749 4038
295 5584 813 6241
3718 9208 4274 9733
150 5131 295 7340
295 6242 1150 7340
2102 4754 2876 5406
0 7429 4004 7626
4161 7758 5187 8059
5322 252 5658 1353
1541 2858 2650 2988
192 7797 217 9466
8859 9082 9136 9761
7232 2719 7493 3357
8694 6215 9376 6498
689 1074 1758 1194
2717 2412 3958 2740
5414 1811 6331 2575
0 7340 1227 7429
2007 194 2390 347
689 5063 2078 5110
8242 5172 9213 5437
9832 6550 9925 8099
6267 3680 7839 4030
8206 8236 9158 8543
6204 5777 7361 6376
3542 1353 5212 1754
689 4754 2102 5043
1410 4112 2999 4754
3542 1754 3775 2412
5892 490 6110 1000
3794 6425 4500 6846
7909 5584 8694 6155
689 1221 2688 1396
3480 459 4529 550
1541 2988 1878 3357
7776 945 8035 1378
8830 3384 9729 4044
5241 8829 5522 8885
2257 3138 6943 3263
4500 6498 6093 6664
5867 6846 8197 7201
3718 9082 8760 9208
994 9385 1687 9944
217 8201 692 9962
1220 1403 1789 2271
5241 8780 10000 8829
7835 7904 9832 8099
914 8387 4520 8440
689 2390 1050 3877
5059 4934 5583 5258
4085 3723 5050 4044
295 5406 4085 5572
6138 252 6343 1475
5580 7429 6372 8099
3517 3723 4085 5406
7776 1378 8033 2063
914 8201 9173 8236
4500 6425 8694 6498
9317 894 9666 1425
1541 3680 2999 4112
9457 4189 9925 5584
3517 3680 6267 3723
4157 4269 4618 4577
7100 4115 8113 4189
262 1904 604 4791
4274 9208 7535 9489
0 9977 9136 10000
689 4112 1410 4682
8089 523 8691 2405
5777 8243 8189 8604
3790 5618 4647 6104
7835 7429 8394 7772
7089 8831 9965 8876
295 5572 6372 5584
8916 1471 9730 1979
0 25 759 94
1541 2538 2187 2768
7909 6155 8694 6425
5212 1353 5484 1470
3886 3384 8830 3680
604 1074 689 5131
689 4682 1410 4754
1229 6425 1470 7052
8338 4586 8563 5097
6856 6615 7362 6756
8916 1979 9925 2405
4878 5620 5994 6242
7042 1811 7232 3324
3503 7271 9555 7429
5191 7671 5580 7728
2876 4754 3517 5406
3958 2412 5414 2575
4294 8099 7326 8201
1150 6387 7876 6425
0 5131 150 7340
5241 8604 9173 8780
0 9962 3718 9977
4529 252 5322 1353
1541 3357 7493 3384
4520 9018 10000 9082
5021 4602 6372 4616
6784 523 8089 847
9295 6846 9555 7271
8563 4586 8844 5172
7493 2719 9729 3384
1150 6242 5215 6352
295 5191 2102 5406
6343 252 6784 1475
6093 6550 9832 6615
2390 252 2689 1074
6985 847 7266 1441
4520 8547 5664 8604
7361 5584 7909 6387
9791 5584 9925 6498
914 9082 1949 9385
1470 6425 3794 6846
2257 2988 6331 3138
9136 9082 10000 9668
2390 94 9342 252
9376 5584 9791 6498
692 8201 914 9962
9136 9668 9993 9763
7326 8099 10000 8201
3775 1811 5118 2223
1105 1403 1220 2602
7566 4586 8338 5097
3646 1194 3931 1291
9925 1425 10000 8099
9151 7515 9497 7904
2257 3263 6483 3339
689 5043 2062 5053
6633 4616 7000 4881
3503 6846 5867 7271
