2606 8672 3006 8891
452 8311 1215 8442
0 315 3851 1208
8870 2759 9245 5167
4293 9707 8735 10000
6422 5321 6741 8628
1652 6839 2578 9548
5969 3143 6422 9050
6650 985 7026 4880
3607 6369 5745 7580
351 1208 3458 1538
3006 6369 3607 9049
1652 3482 4085 4499
8715 5321 8867 7118
0 3143 5919 3158
3006 5715 3185 5974
9245 4812 9719 6825
6619 0 6650 1423
0 5190 1344 6203
9719 2759 9964 6572
7026 2628 7753 4880
6741 5321 8303 5460
1652 4499 2567 6622
3607 8814 5682 9050
1344 9548 4293 10000
3607 8370 5069 8803
426 6203 1190 8053
9723 6825 10000 10000
4627 2542 6422 3143
7753 5167 9245 5321
7753 2628 8091 5167
4293 9595 7994 9707
6485 4922 6638 5321
4292 0 4557 1539
8735 8379 9723 10000
0 6203 426 10000
4085 3482 4980 5715
8867 5321 9245 8012
8091 2628 8761 5058
3652 4499 4085 5588
1344 6397 1641 6637
8053 0 8761 1663
0 3158 5969 3482
7026 1663 8761 2628
6439 8628 6727 9026
100 1539 3649 1720
9245 6825 9723 8012
3649 1539 4557 3025
6650 0 8053 985
6850 5460 8000 7130
0 3025 4627 3143
3851 0 4292 1539
6850 8883 8704 9047
426 8489 1201 9923
3607 8174 5828 8205
4980 3482 5903 6369
5903 3482 5969 9050
4557 0 4627 3025
8303 5321 8712 8012
3128 4499 3475 5501
2578 9050 6842 9548
8761 2759 8870 5167
7643 9050 8274 9338
0 3482 1652 5190
9313 3743 9414 4812
7026 985 8053 1663
3113 3 3851 315
8761 433 9999 2759
6850 8012 9723 8379
0 1739 977 2725
6850 8379 8735 8883
5649 2033 6370 2542
6749 5460 6850 5851
