6069 7591 6444 8412
5210 2078 6517 2805
5139 3921 6026 3964
3602 3507 5139 3578
2428 784 7831 1025
8880 2849 9709 3416
2262 9214 6351 9288
638 4025 5139 4035
7143 2849 8049 3295
5238 113 5338 244
2952 6545 3307 8282
3365 1353 8366 1374
1469 7550 1964 9710
8505 3507 8882 4527
7391 3964 8022 4357
1469 9710 1504 9834
3307 7003 3341 8254
3961 450 4414 689
5107 1655 5178 1918
2034 7585 2114 8414
4328 7229 5895 7850
8737 2182 8958 2805
1117 2670 3716 2963
62 6563 1895 6805
4568 9569 6138 9706
8882 3416 9072 4527
703 5284 4357 5364
2384 525 3760 766
324 7550 1032 9623
5415 1025 8766 1353
4168 8707 4614 8755
703 4799 1618 5280
23 3103 1592 3397
9664 5886 9697 6883
7654 5527 10000 5626
2161 5120 3355 5284
2952 8282 5895 8412
9243 0 9643 929
250 6805 2952 7001
9643 0 10000 941
4523 4035 4858 4138
3602 3578 5139 3868
1964 9310 4568 9710
1636 3298 8050 3416
3365 1025 4430 1113
2195 9181 5404 9209
6800 2849 7143 3241
6921 4527 9631 4801
250 7328 933 7524
0 5950 699 6558
3522 5364 4665 5527
250 7001 2897 7289
9631 3885 10000 4167
0 1310 788 2670
197 324 202 1250
8958 2624 9635 2713
171 244 4764 324
5210 1655 6837 2078
6444 7773 8398 7991
2195 7306 2568 8341
0 6563 62 9841
1812 1655 1961 2244
9332 8412 9858 9523
6029 5527 7654 6386
2161 4558 6420 4666
8810 6883 9900 6989
4774 8800 5028 9067
2428 1025 2828 1548
7654 5626 9602 5718
8810 5806 9301 6883
2916 3507 3602 3868
3430 9850 9891 10000
8537 4817 9606 5475
171 122 3985 234
3716 2670 5210 3298
9891 8203 9970 9668
3753 9067 4425 9173
7539 7991 9900 8203
703 5364 3522 5489
4357 4817 8537 4893
1817 784 2428 1116
4414 564 7831 784
9697 5626 9900 6883
2023 9712 4757 9804
703 5489 1067 6563
6837 2182 8737 2805
8958 2182 9709 2624
7654 5806 8237 6773
4328 7850 5895 8282
4686 468 5634 564
4357 4893 4665 5364
0 9845 9057 9850
7539 8203 9891 8412
1067 5489 2558 5518
6069 7003 9893 7211
9072 3416 10000 3885
788 1310 1411 2473
2964 9853 3430 9964
788 2473 5210 2670
6599 8412 6958 8839
1812 1548 6837 1655
2483 6029 2569 6526
5908 3964 7391 4195
2569 6545 2952 6805
3695 7003 5895 7229
23 2963 1524 3101
0 183 168 1310
9072 3903 9627 4391
9709 1353 9882 3247
5895 7003 6069 8412
9672 5482 9925 5490
2569 5489 3513 6462
2161 5049 4327 5120
701 4357 703 5324
1895 6563 2447 6805
8309 5806 8390 6260
703 4454 6892 4527
9910 1353 10000 2797
3342 7003 3591 8282
3797 6545 5464 6720
4764 244 7831 450
9301 5915 9537 6589
62 6805 93 8034
5210 2805 6570 3206
3365 1113 5382 1353
4665 5490 10000 5527
6069 7492 9319 7586
8766 941 9901 1273
4372 5527 6029 5838
9900 5626 10000 8203
8390 5806 8810 6989
9635 2624 9709 2805
1858 5691 2368 6158
6444 7991 7539 8158
6444 8158 7539 8412
7477 1374 8366 1895
2916 3416 8882 3507
8153 0 8765 950
6622 2805 9709 2849
5082 8773 6200 9074
23 3416 161 5659
703 4357 6334 4364
1973 324 4764 401
3365 1374 7477 1548
3307 6989 9900 7003
7549 9322 8650 9569
3724 7722 4328 8041
1964 9288 9086 9310
5553 4210 5836 4314
1411 450 1812 2473
7831 244 8153 1025
3591 7003 3676 7509
2112 2214 3623 2275
7477 1895 9709 2182
5521 4893 6641 5483
638 3416 2916 4025
8050 2849 8856 3375
6524 2088 6837 2805
8958 2713 9635 2805
7 4058 23 4345
1900 9710 5162 9712
1067 5518 1858 6563
2916 3868 5139 4025
2828 1025 3365 1548
8366 1353 9709 1895
8022 3964 8505 4357
0 2 4939 122
6837 1548 7477 2182
9086 9010 9329 9203
1032 8250 1441 9060
4570 8412 4894 8701
703 4527 2161 4799
7886 7211 8659 7418
2112 2275 5210 2473
2161 4666 6920 4817
3355 5120 4357 5284
1681 2963 3174 3298
23 2670 1117 2963
2161 4817 4357 5049
3522 6386 7654 6545
