6731 7761 8615 8090
1789 1634 5373 1870
808 0 1448 1723
6132 1634 6247 4616
5638 1634 5767 5877
0 4165 153 9336
3978 439 4242 1170
9203 0 9302 3561
5638 5877 7521 6483
2724 6956 3253 7884
3868 1870 5229 1979
0 9798 5100 10000
9227 8090 9780 8265
1480 8619 2542 8778
1566 2352 2333 2683
5767 4616 7101 5877
7526 1634 8049 4186
6302 439 7614 1152
1219 5461 3800 5873
2208 9336 5100 9798
3157 2756 5331 3111
5638 6621 7139 6838
1428 6485 5389 6778
4242 439 5394 1170
9499 0 9708 7377
4171 6897 5004 7377
1480 6897 3270 6956
5373 1634 5638 6352
5881 9319 8672 9336
1219 5300 5373 5461
1789 0 3154 440
1448 0 1789 2222
1219 4613 3152 5297
7614 1270 8348 1634
154 9635 1474 9790
0 0 808 3864
6260 0 7614 439
2718 3246 4359 4165
5004 6897 6064 7377
3633 8074 5332 8614
1219 6352 5396 6483
8826 6070 9499 7377
4171 7377 6083 7761
1219 5999 5373 6352
8348 162 8826 4186
9708 4407 9980 5454
7101 1634 7526 5877
5394 439 6302 1170
2659 7912 4154 8072
8615 7377 8681 8035
0 3864 2718 4165
4116 2169 4541 2222
808 1723 1446 2738
7526 4186 8826 5545
7334 9336 9873 9857
1789 816 3154 1634
7614 162 8348 1270
1219 5955 5307 5999
3978 0 6260 439
8826 1178 9138 6070
6247 1634 6788 4523
153 6324 611 9336
1219 6897 1480 9336
808 3119 4359 3246
7526 5545 8826 7377
3270 6897 4171 7912
153 4165 611 6324
3154 0 3921 1634
9147 162 9190 4282
5785 3295 6028 4260
611 4408 1219 4779
808 3246 2718 3864
6302 1152 7399 1178
3157 2222 4903 2728
6028 1634 6132 4616
1781 6809 5291 6897
1789 440 3154 816
7614 0 9202 161
1448 2222 3157 2352
922 4779 1146 8980
0 9336 2028 9607
4171 7761 6731 8074
6083 7377 8615 7761
6731 8288 9449 9096
4359 3119 5373 5300
808 2872 1703 3119
3921 0 3978 1170
8049 1634 8340 3940
5100 9336 6282 9996
611 4165 4359 4408
6064 6897 7526 7377
3921 1170 6302 1634
