8615 240 9655 1436
7255 7708 8646 7804
0 0 6491 106
0 3645 1108 4198
797 7205 1268 7954
8006 7255 8305 7708
5983 5838 9655 5948
3049 6413 4513 6793
5075 2903 5422 3315
1733 9393 3230 9899
891 4721 1355 5637
1500 5594 2262 5936
8293 4492 9299 4718
0 4489 837 6793
5083 4719 9299 4815
7722 672 8351 778
5825 2586 6563 4492
2444 8001 4275 8286
1094 1479 1544 2188
806 8667 6459 8690
1355 4928 2765 5590
5361 7257 5842 7579
2954 5021 3850 5594
7278 1480 8455 1544
1268 7579 2568 8001
0 4198 2400 4475
9300 7485 9725 8279
7255 6448 9743 6811
4543 2464 4744 3171
8474 1447 9655 2074
2353 437 3874 1070
1733 8907 3857 9392
1544 1479 5767 1545
837 6394 10000 6413
1094 2188 1991 2619
545 2044 1094 2347
2782 1167 5384 1211
0 114 996 451
6534 240 7278 1213
2127 2785 2912 3059
9002 0 10000 240
837 5676 1294 6394
5117 114 7791 207
1434 8822 1724 8898
3427 6290 5666 6378
6860 8667 7892 9925
837 6413 3049 6569
5083 5444 8752 5577
5075 3315 5419 4455
4275 7579 6951 7804
9413 5948 10000 6394
5075 8274 7414 8347
4744 2903 5075 3784
0 106 5733 114
3231 3927 4444 4335
7892 9361 9389 9420
1355 4719 3892 4926
1315 2865 1879 3333
703 1308 1572 1411
5123 240 6186 314
5767 1479 7093 2161
8646 7255 9112 8347
2107 8001 2444 8286
8441 2464 9655 3467
9299 3960 9655 5838
4008 4719 4370 5464
6706 9050 6776 9495
996 114 1600 451
5075 7804 7414 8274
6151 5269 9299 5444
7940 2464 8441 3467
1991 2188 3786 2320
2262 5874 5983 5948
5872 7165 6951 7575
4744 2769 5115 2903
8469 5616 8806 5838
7278 240 8615 672
7255 7255 8006 7708
729 7954 1268 8560
9112 6811 9300 8560
2783 1551 4082 1807
2536 3974 2691 4489
3231 2336 8824 2464
8312 1544 8474 2074
5837 5948 8157 6150
0 6793 729 8560
1600 114 5117 316
2353 1333 8615 1436
8157 5948 9413 6394
8305 7255 8646 7708
2107 8286 5075 8560
361 1447 8474 1479
2353 1226 8120 1333
7414 7804 8646 8003
7414 8003 8301 8307
1544 1899 5767 2188
1268 6854 2397 7102
837 6569 3049 6793
7892 8601 9300 9361
4744 2486 6374 2586
5361 6413 6776 7165
5422 2903 5825 4492
7196 3467 8885 3919
432 1479 1094 2044
4082 1545 5767 1899
2978 4492 8293 4718
1047 451 1600 1225
6491 0 8751 96
1108 3645 2025 4086
1270 4489 1825 4690
7454 1544 8312 2069
7278 2074 9655 2332
4513 6413 5361 7579
0 8560 652 9539
1600 316 2337 942
1991 2332 2978 2619
1268 8001 2107 8560
4275 7804 5075 8286
5402 316 6305 857
6151 4815 9299 5269
361 1025 707 1069
7123 4344 8252 4408
4582 4719 5083 5520
7255 6811 9112 7255
6563 4132 7021 4492
0 1479 432 3645
7892 9420 8749 9825
7553 2735 7887 3260
1094 2619 1711 2848
8477 8560 8616 8575
2978 2332 3161 3338
0 451 361 1462
1355 6018 3378 6394
6563 2464 7940 2735
2353 327 5194 437
2262 5607 5537 5874
1187 4718 4743 4719
6776 6413 7255 7165
2353 1436 9655 1447
933 8907 1606 9907
6951 7165 7255 7804
1544 1821 3199 1899
432 3398 1756 3552
5935 8591 7707 8667
4516 6105 5837 6290
4139 9495 4818 9832
1355 5948 4728 5998
5083 4815 6151 5444
8292 8347 8947 8522
9655 240 10000 5948
5837 6150 7572 6297
2568 7579 4275 8001
1268 6793 4357 6853
