0 3781 8522 3797
1472 3930 3703 4086
3153 8303 3636 8582
4862 9239 5528 9866
0 140 288 1579
5615 1421 6714 1917
4740 719 6714 1421
3703 6010 5029 6136
1607 8890 3296 9255
907 3930 1472 7389
6714 273 7060 1917
2645 1218 3558 2517
8251 6170 9698 7085
2927 9595 3645 9769
0 6927 907 7679
800 152 5422 273
9513 1646 9789 2406
9420 207 9771 1571
360 719 835 1836
4095 9866 7608 9960
3755 3601 6455 3781
8663 1646 9386 2406
1231 7389 1637 7608
3668 1218 3752 2705
2316 5891 3151 6447
0 7679 897 7745
7836 0 8117 1317
360 690 6714 719
907 7389 1231 9836
1472 4305 1631 7296
1637 5234 2316 7608
3957 1382 4421 3601
5902 8513 5981 9482
6455 1917 7280 3781
2645 719 4740 1218
3952 6146 4792 9367
1607 9367 3247 9536
4792 6146 4862 9367
8603 8513 10000 9575
8251 7085 9960 7419
0 3930 907 5839
2839 6449 3404 7110
439 8383 907 9836
2316 4086 2485 5890
7280 1917 8663 2406
1171 2878 3755 3781
4740 1917 6455 3601
7280 2406 8455 2606
4637 3797 5525 6010
8522 2406 8725 3845
0 7745 907 8383
3114 4340 3511 5800
0 3797 3703 3930
1231 7608 3703 8303
5902 7512 10000 8513
5560 4793 6437 6010
1578 8303 1607 9280
6268 6146 8251 7149
2498 4086 3106 5859
8603 9575 9675 9996
5883 3797 8522 4626
5902 7419 9960 7512
1607 8303 3113 8828
3809 1218 3957 3197
3703 6146 3952 9367
8725 2406 9960 3845
1637 4086 2316 5234
7060 140 7836 1917
9960 0 9998 3030
5525 4793 5557 5757
4541 1218 4666 2110
3733 3797 4637 5161
4862 7419 5528 9239
6437 4925 6818 5556
9386 1646 9513 2406
0 1988 1037 3317
7836 1646 8663 1917
8522 3845 9960 4793
7836 1571 9789 1646
4796 1421 5012 1734
9789 0 9928 1746
1607 9769 4095 9836
4968 345 5847 690
5528 9482 8603 9866
5981 9145 8603 9482
5528 7419 5902 9482
4439 9544 4676 9835
0 9836 2087 10000
2087 9836 4095 10000
0 11 6064 140
0 5839 907 6927
0 8383 439 9836
1171 953 2103 1057
5981 8862 7192 9145
