2293 3907 8843 3918
5996 3818 6174 3877
613 9519 7907 9816
2514 4390 2732 4975
3980 4099 8843 4290
2486 2933 8299 3079
0 7141 1173 7587
1388 4986 3980 5146
2177 5185 2658 5474
6076 4290 6576 4715
4874 812 6366 1883
5567 6968 5597 9178
6366 812 6681 2138
1804 6684 5397 6726
3999 251 4874 771
5029 5910 6612 6033
6681 1200 7642 1856
2016 3907 2293 4986
584 5574 972 6820
2293 4099 2514 4986
3488 3465 7022 3753
5060 7651 5437 9519
876 7590 1175 8176
6225 6078 6681 8025
8294 5956 9257 6533
1804 6606 5397 6684
6576 4364 7881 4817
1804 5574 2055 6520
613 8179 1035 9453
4269 3294 7022 3346
1423 7141 5437 7265
0 8176 613 9817
2035 7651 5060 7913
2161 471 3999 771
2110 5578 2231 6585
0 6820 5397 6858
3980 4782 4798 5580
3443 6078 5397 6392
2293 3918 8843 4099
584 5146 2177 5574
793 251 1767 771
6681 5910 7488 6534
0 6968 5437 7141
8000 9178 8129 9746
7539 4817 8294 6589
1423 7265 2035 8683
3443 5321 3979 6078
609 771 1438 929
5029 5219 6027 5906
4874 251 6681 812
1961 2761 2486 3502
609 167 791 763
7022 3378 9276 3816
6058 4817 7539 5910
0 5146 584 6820
5397 6078 6225 6968
1821 988 2102 2085
8294 4290 8733 5956
0 988 486 4488
8015 9823 9312 9877
2514 4315 3371 4390
7022 3129 9276 3378
2993 5736 3443 5873
2035 7265 5437 7556
486 2138 9276 2170
7586 8025 7593 9071
6647 2256 8844 2603
5029 4290 6034 5217
1803 471 1967 757
1175 7141 1423 8683
486 3502 1067 4488
2535 3104 8838 3126
9276 2138 9602 5542
2486 3129 3381 3444
2339 5623 2937 6176
9483 2092 9602 2135
5437 9178 7433 9465
1482 3502 3287 3653
1175 8683 2574 9519
1067 4470 2016 4981
8843 5542 9828 5956
0 9817 8000 10000
1767 251 3999 471
2235 972 2455 1765
95 7588 873 8139
486 3061 1961 3502
1961 2269 5206 2761
4588 7913 5060 8683
8733 4290 8843 5956
4064 7913 4588 8683
0 4981 1388 5146
1440 4981 1968 4986
2235 1883 6366 2138
8149 907 8523 2092
7695 907 7990 1999
5437 6968 5567 9178
2305 6392 5397 6606
9589 6589 9600 7200
9602 2092 9828 5542
972 6726 5397 6820
2486 2761 5513 2888
8843 3907 9276 5542
1067 3816 2016 4470
9828 4193 9892 5736
5597 6968 5970 7094
793 167 9828 251
486 2170 8874 2256
8874 2257 9273 3129
609 108 5128 167
8024 947 8149 1533
2574 8683 5060 9519
6779 6672 7581 7775
2035 7556 5437 7651
0 4488 1067 4981
8523 907 9413 2018
2016 3877 9276 3907
6681 251 9828 907
486 2587 1961 3061
1067 3753 7022 3816
3635 8037 4064 8450
2055 6399 2109 6606
3488 3374 6199 3465
0 0 609 988
2035 7913 3586 8512
486 988 1821 2138
486 2256 1961 2587
972 5574 1804 6726
0 6858 5397 6968
7696 7699 8925 8952
