6294 3545 7751 3992
5224 2803 10000 3168
3094 8147 3883 8585
4484 4616 5224 5201
270 1717 2600 1963
2600 5207 6734 5961
6748 0 7250 848
409 6961 1103 7185
3497 1454 4347 3596
2162 0 5745 386
209 715 1724 1488
209 5414 2600 6961
9558 3168 9886 4340
3428 9119 5134 9998
6294 3168 9558 3545
0 0 2162 252
7368 0 8578 1089
5224 1454 5627 2803
4343 5961 4701 6967
5134 9119 7467 9499
12 715 209 6310
1382 8587 2122 9970
5627 2188 7293 2803
0 463 3227 697
5937 0 6748 848
5071 5961 6621 8047
7546 7301 9855 9286
2249 8587 7034 9032
2600 3596 3576 5207
7250 0 7368 2107
7546 5207 8683 7092
1425 7374 1930 7520
8088 1089 8578 2435
0 252 2162 377
6734 5207 7546 8587
5224 4906 6890 5207
0 377 1662 452
1382 8375 1783 8401
8780 5207 9735 6308
2795 9119 3428 9798
7368 2435 10000 2803
209 4767 2223 5414
3497 848 5627 1454
2600 715 3497 2793
2600 5961 3094 6961
5307 3168 6294 4410
5224 4542 8527 4704
4347 1982 5165 2875
8780 6399 9889 7051
62 6961 409 9672
9257 0 10000 2435
8079 1300 8088 2320
6890 4906 10000 5207
2600 2793 3177 3506
7368 1089 8079 2435
8578 0 9257 2435
3576 3596 4347 5207
4227 5961 4339 7010
1930 6961 3094 8375
5226 9547 5307 9953
5224 4723 7356 4906
7214 858 7250 1829
4347 2875 5224 4616
3497 715 5901 838
