9583 1819 9663 5000
8732 2576 9091 3325
9091 2576 9512 3722
3719 1508 5559 2373
3407 7702 3731 9443
3731 7715 5364 8338
8249 2576 8732 3325
1046 8879 1645 9694
0 0 108 6430
7977 5664 8724 7381
3407 7351 5577 7702
7040 4050 9451 4360
1471 1986 1730 2540
5577 7381 6275 9321
9300 5285 9579 8113
225 6430 4758 6753
5521 5018 6219 5365
1210 0 1277 331
6275 7381 7044 8711
1645 7351 2258 9837
5686 1185 6492 1681
7746 7381 8325 8620
2998 1220 3653 4251
108 2768 648 6430
5794 6838 6087 7366
6231 4200 6990 4729
648 4816 2998 6430
3653 0 3719 5664
6087 6430 7977 7381
4378 4050 5519 5114
5577 9321 9985 9442
6231 5285 9300 5521
8866 5521 9295 6076
4378 2373 5686 3201
50 7351 849 8592
5686 0 8129 655
8724 6762 8840 7899
5686 1762 6940 2963
648 3768 2998 4251
6670 670 8254 1762
5686 655 6670 1185
1696 3164 2738 3768
3719 2373 4378 5209
0 9837 2102 9938
6942 3722 9583 4050
108 0 1210 1220
7782 2576 8249 3626
3731 8338 5577 9443
3407 9443 9484 9963
9512 0 9583 3722
0 7236 5577 7351
8249 3325 9091 3722
7040 4955 8774 5285
0 6852 4722 7236
108 1547 2327 1966
648 4251 2998 4816
4378 3201 6942 4050
2258 7351 2868 10000
6942 1762 9512 2576
8129 0 9512 655
3800 5209 5323 5424
1730 1966 2998 2768
2998 5664 5647 6017
2998 4251 3653 5664
7044 7381 7561 8604
5521 5521 8724 5664
2868 7351 3407 10000
6457 8711 8598 9206
