3964 9599 7264 10000
0 0 163 3208
8823 8586 10000 10000
7815 3125 8608 4639
2123 1475 3009 1922
207 8603 2098 9504
3118 2939 4631 3591
6089 6588 6508 7788
163 163 1406 1490
2971 163 7922 784
2669 8603 3243 9727
6073 5522 8032 6408
1406 2621 1998 6951
3118 1123 4628 2445
2123 4528 2883 5522
1998 163 2971 832
163 0 8687 163
9240 3788 10000 8586
7868 832 8098 2672
5105 2871 6115 4639
2883 3591 3780 5522
2123 1922 3118 3591
2123 3591 2849 4202
9067 2305 10000 2915
0 7197 2301 8161
4672 8586 6084 8845
3964 7197 4672 9599
5577 5356 7402 5473
9031 832 9067 2915
34 4734 798 6044
1998 832 2123 6951
8608 3125 10000 3788
460 3208 531 4111
8098 832 9031 2915
6084 8586 7651 9599
1406 163 1998 2621
3269 7526 3835 7739
3224 2445 4670 2854
3780 3591 5105 4639
6508 8121 9240 8586
5577 4639 8608 5356
2484 9494 2669 9819
4672 8845 5510 9536
6918 832 7815 4639
2123 1083 4302 1123
6115 2445 6918 3809
8608 5236 9240 7263
1406 6980 4302 7180
6115 3809 6904 4629
0 9559 2266 9992
163 1915 1385 2094
8134 5522 8593 8004
2648 5522 4392 6869
3780 4639 5577 5522
8687 0 9912 776
8098 2915 9916 3121
4628 832 6918 2445
7264 9599 8823 10000
8608 7263 9002 7415
6508 6925 8110 8121
798 4437 1406 7197
9067 832 10000 2305
4672 6391 6062 8106
7651 8662 8803 9599
8608 3788 9240 5236
3269 9658 3964 10000
