49 1136 128 4446
605 3255 1206 4065
6125 1751 7801 2176
913 6793 1377 7938
8268 6035 9874 6319
891 5615 1487 6793
2522 9452 4979 9706
4979 8168 6273 9136
9251 1132 9874 1628
1206 3394 3533 3646
2522 9054 4308 9116
4110 8012 8997 8168
2522 9116 4308 9452
7589 286 8284 488
4260 4174 6583 4564
267 708 1930 930
8240 488 8345 3821
558 4564 4195 4853
9404 8010 9459 9136
7182 6327 7801 7716
1487 4853 2805 5899
1206 3255 8240 3394
9234 1649 9803 3137
288 1302 419 4853
2643 3646 3350 4029
9234 3137 9827 5401
4044 5586 5158 5970
558 2957 5140 3084
6983 6035 8268 6216
2654 5899 2793 7279
5574 1751 6125 2612
3533 3394 8240 3821
8641 9136 10000 10000
6273 8255 9300 8510
8327 9136 8641 9737
4035 114 4627 2758
7701 3821 8066 4153
7390 4174 8289 5536
2382 9134 2522 9599
822 8700 4308 9054
1206 4174 2674 4564
6012 0 9234 265
822 9054 2414 9115
288 4853 1487 5615
3533 3943 7701 4174
2822 7491 3148 7550
2805 5260 4530 5586
4219 8168 4525 8665
5574 966 6764 1751
128 2003 288 3296
6012 265 7115 966
5156 0 5384 1457
288 5615 891 6362
3788 96 4035 1619
9459 6319 9591 9136
4308 9073 4756 9452
5788 5586 6254 7980
23 4446 288 6609
9234 0 9335 1132
822 9115 2376 9334
6254 6035 6983 8008
419 2758 5140 2957
6583 4174 7390 5586
7115 502 7650 1689
1377 6793 2654 7944
1487 5899 2654 6793
419 1302 1118 1522
3833 8419 4110 8700
5384 0 5574 3084
8345 1598 8380 3409
6273 8510 9404 9136
4530 4564 6583 5357
1426 9334 1437 9827
4195 4564 4492 5001
3148 5713 3955 6282
6983 6216 8185 6283
288 6521 859 6773
0 1 4444 96
2674 4174 3923 4503
1238 1302 2997 1939
2805 4853 4195 5260
891 7944 5155 8010
2376 9852 4979 10000
6755 5909 9874 6035
6764 966 7115 1751
3533 3821 7701 3943
8176 488 8240 2612
419 2957 536 4542
9591 6319 9663 9006
5275 5586 5787 7972
6498 5586 6755 5888
6755 5586 8345 5909
822 8070 891 8700
8268 6319 9459 7060
558 3084 5574 3255
9874 0 10000 6319
6125 2176 7363 2532
5574 1 6012 966
5574 2612 6546 3198
8660 7060 8694 7591
8026 488 8176 1215
3148 6282 4044 7370
4644 0 5126 2741
3148 7673 4467 7806
8366 5522 9643 5894
0 8070 822 9334
4530 5357 6312 5585
2120 96 3589 1161
288 1161 3200 1288
128 96 2120 708
9335 0 9644 627
2522 9706 4979 9852
