777 7905 1306 8346
4102 503 6355 595
2953 3823 3278 4386
411 810 1084 845
777 8816 4160 8817
116 3157 4396 3341
401 9573 6382 9579
1189 152 1950 484
6938 4439 8169 4480
2621 2214 3874 2626
116 3098 9038 3157
6031 7905 9886 8231
372 152 1189 484
2312 4447 4177 4949
6925 2139 9273 2313
2619 7155 3400 7459
6031 8231 7713 8631
777 9076 1981 9242
0 9774 4002 9882
5638 3512 6355 3577
661 8518 777 8711
6746 5509 8809 5585
7713 8231 8542 8631
3400 7155 5439 7231
9686 80 10000 4288
9480 4288 10000 6611
777 5063 6639 5182
7405 598 8046 863
2953 4391 4239 4447
1034 6977 1605 7459
3454 9244 9148 9281
3278 4288 6716 4371
1682 9882 3367 9995
777 5302 1681 5665
7641 2701 8057 2927
8492 9311 9148 9701
1441 2121 3100 2213
777 9300 2657 9383
777 6977 975 7899
1730 3341 2312 3980
9122 4288 9467 5582
3659 1378 3777 2214
3174 900 3659 1404
1336 7594 6298 7795
6056 3587 9146 3823
9886 6834 9983 9528
2651 9383 4204 9445
4387 4386 6136 4445
8541 3823 9416 4243
5748 2701 6309 3086
3574 8817 6193 9001
3474 9076 4837 9244
3411 2701 5271 2914
2504 6628 2961 6688
5772 6079 8152 6130
2356 0 3446 322
8046 598 8131 1787
777 8817 3574 9001
6073 1423 6542 2192
4177 4544 7097 4720
4061 1378 4939 1769
586 3341 1032 4010
2084 6971 7797 6977
3700 5779 5259 5838
6309 2927 9428 3098
3700 5693 8459 5752
9673 8231 9873 9589
8400 6781 9886 6977
8182 7155 9190 7879
7097 4544 7991 5020
5439 7155 8182 7459
8893 4288 9122 5046
3411 2914 5271 3098
5968 9001 7461 9244
8152 5779 8400 6130
9148 8231 9673 9701
1605 6977 2619 7119
3878 1378 4061 2701
4414 3157 6480 3512
1032 3341 1730 3980
6776 6130 8400 6971
1365 4010 2312 4949
6639 5112 8009 5182
2071 5838 5266 5944
2232 484 3820 887
3446 145 9447 333
4449 5944 5287 6628
7273 8631 8542 9001
8752 9001 9148 9244
5772 6130 6776 6243
7462 3157 9038 3333
7961 3844 8541 4187
3777 1378 3878 2214
586 4010 1365 5046
7089 7524 8172 7833
2235 1887 3174 1997
8809 5302 9122 5693
777 8631 4082 8784
3002 5944 4449 6085
777 8349 3094 8631
3940 32 5314 133
5924 6977 9886 7155
4177 4720 7097 4949
777 9011 5968 9076
586 5046 9122 5063
777 5233 8009 5302
0 2671 1202 3098
8145 1509 8400 2132
8542 8231 9130 8970
9428 1071 9431 2174
4306 8631 7253 8812
1034 7833 8182 7905
5266 5838 8006 5943
372 0 1950 152
6639 5063 8009 5112
5314 80 9686 145
8192 4544 8893 4987
116 6822 332 9673
7461 9001 8752 9244
4122 416 6568 484
3446 333 4576 416
6925 484 8145 598
777 9001 5968 9011
4939 1718 5912 1794
2343 5302 2485 5787
4837 9076 5968 9244
1441 1437 2202 1914
1950 71 2149 322
1946 5302 2071 5773
5772 5944 8152 6079
4102 595 6673 900
9614 2107 9645 3570
8009 5063 9122 5302
4207 4448 6306 4544
7922 4270 8515 4288
3518 3829 7569 3846
2312 3823 2953 4447
6722 9701 9886 10000
3454 9281 9148 9311
2657 9300 3395 9383
9345 5779 9480 6378
6173 6243 6695 6812
3454 9311 8492 9383
2071 5302 2343 5838
5259 5779 8152 5838
8057 2701 8627 2927
19 1815 943 2522
1084 484 2039 1149
8145 927 8395 1509
2896 2783 3411 2986
4533 5769 5330 5779
5314 0 10000 80
777 9244 3454 9300
3659 973 6673 1378
6309 2701 7641 2927
1034 7518 2758 7551
1319 7905 1958 8341
6193 8817 7273 9001
6690 484 6811 811
5287 5944 5772 6971
2312 3390 3321 3719
4134 7905 4169 8584
4888 7905 6031 8631
6480 3352 9213 3512
1034 7459 7948 7511
3325 6652 5204 6934
8400 6611 10000 6781
8400 659 9149 2135
3659 921 6178 973
14 4223 116 6193
9038 3098 9428 3352
777 5697 1254 6039
9449 1093 9614 3727
9149 659 9418 2093
1950 322 3446 416
2619 6977 5924 7155
2084 6936 5218 6971
777 6134 3829 6587
277 1532 752 1726
3174 1404 3659 2214
6673 2319 9421 2701
2163 9078 3474 9244
777 6628 2084 6977
0 9701 933 9750
5271 2701 5624 3085
1988 7905 3094 8349
3400 7231 5439 7459
0 0 372 1437
992 1795 1441 2517
4061 1769 4939 2701
8145 416 9237 646
415 4294 586 4511
9213 3352 9405 3805
9447 145 9678 339
1441 2214 2458 3060
1032 3980 2214 4008
2459 2214 2591 2653
1605 7119 2619 7459
1365 4949 7097 5046
777 5182 8009 5233
