6564 5417 7676 6642
1204 2291 1245 3250
2724 2195 3027 4885
3162 8765 4412 9411
9674 2060 9774 4846
600 3742 667 4163
8117 5963 8687 7728
896 5948 1537 7339
8371 8871 10000 9201
3422 3687 3488 4628
139 8640 4932 8765
2282 7402 4284 8083
4240 162 4885 602
2421 9411 3198 9967
667 2195 1204 3075
8687 6355 9365 7728
5402 5473 5453 7905
7862 6866 8094 7949
3020 485 3679 1641
2282 8095 3289 8332
2237 485 3020 1641
896 5663 1730 5825
2247 8765 3162 9411
4412 8765 10000 8871
9510 6226 9685 7123
3198 9411 3883 9876
4932 5473 5402 8545
1667 5003 2997 5509
1667 5509 2997 5663
3679 602 3846 1131
9510 5417 10000 6226
1164 86 1266 485
1667 4885 6634 5003
8117 7728 9365 8765
4552 1178 5125 1589
6634 2988 6680 3857
5453 6642 5903 7905
7353 602 9021 1591
5570 6366 6027 6627
5424 1641 6653 2348
6686 602 7074 3019
6634 4567 8702 4998
3027 1641 4151 2423
771 8765 2024 9716
1418 818 2237 1641
667 485 2237 818
4564 8033 4818 8059
1667 2195 2724 3893
408 1233 520 1840
7392 6642 7676 6839
8967 4846 9675 4922
2997 5003 5453 5473
1537 5948 1624 7113
561 1790 656 3723
7108 8871 8371 9071
2024 8765 2247 9716
6523 6642 7299 7905
5903 6642 6523 7905
9365 5417 9510 8496
833 9716 917 9933
757 4291 1204 5663
7464 5003 8733 5417
8371 9201 10000 9619
667 1641 3027 2195
7360 2060 9554 3566
3488 3053 4057 4357
3488 4357 6634 4885
139 5651 621 5867
7676 5963 8117 6866
8687 5417 9365 6355
0 0 128 8282
684 4291 757 8486
5402 7905 7299 8545
5424 2359 6643 2845
4149 909 5916 1157
4149 610 4190 909
3198 9876 10000 10000
785 5663 896 6379
2196 3893 2299 4126
3679 6 8859 157
9510 7123 9685 8496
9365 8496 10000 8765
757 7339 1245 8382
7108 9619 10000 9876
9774 0 10000 4846
8967 3603 9661 4134
3027 2423 5424 2845
667 3075 1204 4291
5495 9026 7108 9146
7108 9071 8371 9619
2282 8395 3571 8640
6027 5003 7464 5417
8967 4176 9667 4790
7768 1781 9054 2060
0 8765 771 10000
8967 4932 9950 5398
8733 3603 8946 4529
1504 7339 2282 8640
7676 5417 8687 5963
3488 2845 6686 2988
6052 5417 6564 6569
4819 5884 4876 7915
9685 6226 10000 8496
680 818 1418 1341
1343 7339 1504 8196
896 5841 2327 5881
6686 3603 8642 4489
4151 1641 5424 2423
4412 8871 7108 9026
4038 9420 6796 9876
896 5884 4819 5948
4932 8545 8117 8765
7299 6866 7862 8545
9554 2060 9674 3603
2997 5473 4932 5884
1374 2195 1667 4264
560 527 658 1790
