3595 3258 3755 10000
5566 4637 7064 5926
7017 7807 8085 8853
2061 9383 2753 9982
7866 5605 8665 6831
2183 1354 2519 2729
3755 7807 4246 9679
7866 4129 8757 5605
8772 0 10000 3983
9690 3983 9998 9352
6355 7034 7056 7124
2183 1079 8132 1354
4716 6625 4976 7807
2183 3500 2888 4413
5566 3407 6766 4637
2796 6610 2930 9246
7308 3994 9645 4129
5062 1354 6897 2716
8757 5312 9566 8504
735 4413 1113 5636
6766 2729 7055 4555
285 2253 1080 3794
0 8429 551 9695
0 7435 716 8342
0 6455 716 7435
5014 5175 5535 7486
1219 6610 2033 8273
4233 6093 4716 7335
7064 2729 7165 4622
0 4413 200 6455
6338 7807 7017 8812
2183 2757 6015 3258
588 8342 2026 8839
3755 9679 10000 10000
2713 4656 3046 6610
3755 3258 5566 5175
0 643 8032 711
6355 7124 8359 7807
8085 7809 8357 8853
1371 981 2183 2253
5160 7807 6338 8471
0 711 1813 981
6094 352 7215 643
588 8895 1619 9451
200 4990 735 5792
0 981 1371 2253
7310 2729 8772 3974
2930 6610 3582 8469
2930 8469 3502 8582
372 5798 391 6323
2061 6610 2693 9383
716 7593 973 7698
4246 8812 7017 9679
5566 3258 6766 3407
7017 8853 8359 9679
5566 5926 6335 6618
7810 4539 7866 6760
8757 4129 9681 5212
1813 753 6418 956
7308 4129 7648 4641
6355 5926 6676 6792
3755 5175 4233 7807
8359 7124 8757 9679
200 4413 735 4990
0 9695 2061 10000
8032 213 8609 617
3582 3258 3595 8467
2188 981 7751 990
2519 1448 4376 2705
5566 6626 6355 7807
