6091 60 7858 439
5047 7993 6067 8163
517 1510 1174 3625
1839 8439 2263 8503
7858 274 8629 810
1192 630 4499 793
7494 2067 8525 2534
6709 3728 6812 5790
3513 4029 4331 4898
4051 181 4083 630
730 0 1192 1175
3858 2828 4514 3153
1174 1791 3686 2067
6043 2731 7422 3625
0 0 517 3625
5047 9368 6545 9769
2059 3625 3046 4262
3409 2067 6144 2305
8590 5253 8720 6108
0 9920 8369 9945
1192 0 9982 60
8526 2067 9679 2291
0 3625 164 9770
3140 4962 3636 5737
3046 3790 4167 3927
7494 2534 9679 3190
730 1345 4798 1510
8617 6141 9004 7683
2895 6194 5398 7130
3686 1791 9902 2067
984 1175 1991 1340
5398 6194 6854 7130
4499 60 6091 793
8148 7689 8527 8037
2263 8442 4739 9428
3046 3625 5797 3710
1767 7993 3896 8140
6812 4097 7047 5790
9002 274 9470 1508
5047 8916 7870 9081
8036 8047 9019 8427
829 6977 2607 7130
7254 833 8451 1504
4514 2731 6043 3021
9679 2067 9902 3691
8124 6141 8617 7683
4103 7130 6264 7364
4858 2305 5595 2619
8525 2386 9679 2534
517 0 699 1460
8508 833 9002 1429
6854 5836 8012 7993
4514 3057 5301 3142
4739 7993 5024 8336
4331 4078 6165 4471
9902 1643 10000 4097
6698 9368 7960 9805
1174 1510 3412 1791
164 6123 221 7884
2274 7522 5268 7834
7422 2067 7491 3610
4514 2305 4858 2731
7047 4476 8012 5790
2263 9428 4845 9625
2678 6303 2866 6649
1634 5837 6572 6000
2571 2141 3409 2828
2919 3153 6043 3292
6212 2067 7360 2724
5944 7835 6713 7943
8124 4476 9483 5253
9483 8883 9982 9713
1174 3153 2919 3625
225 7120 519 8151
2556 2828 3858 3153
718 8219 1507 8408
164 4262 2193 4361
164 7884 225 9383
3412 1643 9865 1749
1192 793 7858 833
5047 8168 7888 8759
525 7338 2844 7423
0 9899 6698 9920
8458 3190 9679 3625
2464 973 5057 1045
4331 4471 5150 4898
3046 3927 3513 4898
3513 3936 5997 4029
6484 833 7203 1507
0 9807 2812 9899
6846 439 6905 741
225 6194 2678 6977
7047 4097 10000 4476
3409 2305 3452 2812
6587 3927 6709 5790
525 7130 3276 7329
1335 5790 4971 5828
6053 7437 6560 7825
9483 4547 9989 8761
3130 3292 5775 3611
8154 60 9572 261
8012 4476 8036 9368
8036 4476 8124 8047
225 6019 6803 6194
7494 3190 8426 3624
5406 5511 6587 5789
1335 4503 1594 5254
164 3625 2059 4262
3412 1510 9405 1640
9004 7110 9059 7651
785 4503 1335 6019
464 8769 525 9362
164 9383 1762 9764
204 4503 698 5572
6812 3691 9902 4097
2263 8158 4516 8442
1174 2067 2556 3153
5150 4471 6587 5267
3636 4898 4997 5098
6812 3650 9009 3691
8036 8453 9483 9920
9473 274 10000 1643
700 4503 785 5671
