0 5577 4676 5775
6725 5577 8145 5728
1143 1907 5962 2148
2101 6550 2599 6883
5249 7362 7461 7791
0 5791 9165 5837
7481 7735 7499 8342
4179 9302 4219 9800
3212 4424 3836 4653
5590 2580 6263 2683
404 9895 6547 9906
1039 2203 1279 4549
1923 9507 2583 9682
0 2869 884 4652
6009 0 6107 323
723 5847 1143 6414
1923 7911 2758 8778
4792 1084 9523 1278
2599 7167 7481 7362
2950 3998 4225 4161
9601 4502 9689 5809
3407 8026 3854 8653
6125 208 10000 309
1923 9302 2610 9495
5873 8945 6142 9709
190 1737 1557 1794
0 4679 413 5577
748 0 1085 1059
4225 2683 4434 3265
1841 6559 2031 7236
0 518 505 1737
1279 2203 1514 3647
804 8531 1923 9233
6716 395 8339 500
7975 6412 8405 7777
9199 0 10000 208
1923 7876 5356 7911
413 5338 3879 5577
2440 2462 3082 3283
8339 395 9523 1059
8142 2266 9700 2538
7619 4348 8380 4476
8142 2148 9436 2263
4497 4426 5830 4854
8167 8594 9172 9671
6291 6412 7481 7167
505 1084 2744 1737
5913 3614 6058 3915
4022 1691 6928 1907
4497 4854 4907 5573
2031 7362 5249 7811
8405 6886 9165 7777
7578 6847 7975 7363
236 8531 358 9978
413 4679 3456 5338
1923 9853 4159 9894
4597 2462 6316 2538
2744 1084 3359 1907
6125 309 6716 961
6928 1691 7253 1907
1583 2203 7469 2462
2653 3793 2950 4135
9165 6926 9676 7757
2240 0 2931 621
7405 2538 9597 3291
6716 309 10000 395
7469 2148 8142 2538
3607 3012 4180 3793
2758 7920 2961 8005
723 5837 9139 5847
7253 1490 9523 1660
5427 7811 6532 8594
1923 9709 3241 9782
3607 2592 3943 2989
5094 7911 5427 9125
2529 4169 4730 4328
5051 3291 5913 4161
2950 3793 4225 3998
4676 5754 5763 5775
9165 3893 9521 6907
5744 5951 6291 6478
1143 6071 1844 6208
97 6116 723 7297
3456 4679 3873 5273
8405 6406 9165 6886
6362 4161 7456 4307
4225 3291 5051 4161
884 2203 1039 4549
5427 8594 6864 8835
293 2203 884 2869
1923 9125 5427 9302
2529 4344 6658 4424
8380 3291 8560 5729
6291 5951 8405 6412
3368 5847 8405 5951
6532 7811 7481 8594
0 7834 1861 8531
0 1907 1143 2203
1085 796 6125 961
2240 621 6125 796
2931 0 4352 621
7253 1660 9700 1907
884 4549 3212 4679
8405 5847 9109 6326
2623 9302 4173 9703
4352 0 5194 621
4792 1278 9523 1490
4022 1084 4525 1408
3312 7010 4223 7135
505 518 748 1084
6822 500 6950 1017
748 1059 9523 1084
1085 961 6716 1059
750 8531 804 9724
8660 7777 9626 8564
3368 5951 5323 6414
0 5775 8560 5791
4909 4854 5283 5511
4199 8026 5094 8355
19 2203 293 2832
5962 1907 9700 1988
1085 0 2240 796
8560 3291 9103 5791
7119 2538 7405 3170
1279 4424 3212 4549
1279 3793 2529 4424
3879 4679 4490 5576
3359 1084 4022 1907
1143 2148 7469 2203
1923 8778 5057 8993
723 6414 1550 6531
9700 1660 9759 7777
9759 1660 9879 8594
6125 0 9199 208
804 9233 1923 9895
7456 3713 8241 4344
9523 395 10000 1660
4022 1490 7253 1691
5962 1988 9700 2148
9103 3291 9165 5791
139 107 736 518
9879 1660 9987 8031
