0 2 2003 461
2290 6767 4082 8044
1349 6767 2290 10000
172 6767 1128 7437
8325 443 9414 2122
0 8525 919 10000
7490 3537 9042 5480
0 7450 919 8525
3616 8044 5295 8436
9205 4313 10000 5480
919 7450 1349 9726
7490 5480 9665 7636
8161 0 10000 443
5943 9660 6788 9889
7187 705 7626 2102
8261 8459 8852 10000
5899 705 6275 2619
9665 5480 10000 8780
6492 2245 8075 3019
9205 2136 10000 4313
7490 3039 9169 3537
7835 7636 9665 8459
4933 9660 5103 9981
5 5202 172 7450
693 2682 2195 4296
2563 5332 3716 6296
7490 7636 7835 7947
381 1846 5684 2675
172 4812 2563 6767
2290 8044 3303 9660
2290 9681 3063 9813
6285 3361 7490 4266
5295 7947 7777 8447
381 2682 691 4698
3303 8459 8261 9660
919 9726 1288 9899
6047 4521 6261 6370
2138 0 5899 1668
8802 2449 9205 3012
5899 0 8161 705
8852 8780 10000 10000
2916 4390 3920 4811
6285 4964 6304 7947
2916 2682 4369 4367
4082 4390 5295 8044
5295 6370 6285 7947
9042 4314 9170 5480
2138 1668 4740 1817
8852 8475 9605 8780
0 461 2138 1846
6304 4964 7490 7947
0 1888 375 4812
6285 3150 7488 3361
7124 4266 7239 4780
