2537 421 2874 2779
90 3755 331 5487
5695 7199 6242 9804
7934 2340 9138 3762
3391 4789 5233 5590
3805 962 3880 4789
4835 5851 5156 6328
9647 3929 10000 7232
7208 5642 8501 6834
6079 5068 7202 5451
6533 6884 6666 7705
582 5369 3391 5858
8504 3930 9503 5890
3880 3204 5152 3865
1571 8661 4454 9088
1571 7156 4344 8288
6666 6884 6875 9967
7308 7042 9647 7544
2874 962 3805 1516
664 4208 1033 4700
9647 7232 10000 7544
6611 5451 7170 6862
5545 5451 5665 7612
1571 9088 4454 9132
9277 3753 9420 3852
3880 962 4002 3204
6875 6884 6979 8912
7308 7581 8108 9981
8122 7818 10000 7898
5196 2340 7934 3865
6714 889 7900 1347
820 0 854 2779
8504 5890 9647 6884
5551 1628 6542 1845
7208 5267 8453 5642
4906 3877 7807 3930
0 9967 6653 9999
854 0 1221 2779
5253 4789 5954 5335
2154 0 2537 1838
1571 5858 3391 6333
2874 1516 3341 3755
7900 889 8293 1628
3341 1516 3805 4789
32 0 820 3284
1221 1838 2535 2298
820 2779 2783 3739
582 9773 5545 9967
2537 0 6714 421
2874 421 6714 684
1221 2316 1841 2779
9503 889 9647 5889
1587 6333 2590 7063
5196 962 5551 2340
3880 4333 7208 4789
5233 7359 5505 8661
3391 5590 4835 6333
582 3755 2285 4175
7208 4333 8504 5267
4002 962 5196 1938
5695 5451 6611 6884
527 3755 582 8992
1221 0 2154 1838
4454 8661 5545 9271
584 8994 1198 9518
1229 4881 3391 5369
4002 1938 5196 3204
7308 7544 9745 7576
7432 6884 8496 7042
5551 1347 7900 1628
1198 9132 4454 9271
5551 684 6714 1347
8293 889 9277 2340
1198 5858 1571 9132
9647 0 10000 3929
6998 7042 7302 9964
3880 3930 8504 4333
1198 9271 5545 9773
6714 48 9585 889
2874 684 5551 962
