2981 8298 3081 9174
598 8298 1215 8460
0 40 3568 1060
8945 3047 9413 5308
3965 9529 7158 10000
6422 6486 7110 8092
0 8472 2961 9367
5545 3495 6599 6080
6370 1723 7660 3047
4615 6486 5962 8309
1749 1060 3644 1601
3194 5715 3822 8280
2300 4031 3093 7710
8866 6486 9084 7739
0 3105 1741 3156
3146 5715 3183 6968
4577 6080 10000 6486
4975 937 7497 954
0 5320 1773 6203
9706 3047 10000 6080
7660 1723 9164 3047
7194 5350 8084 6075
1773 4031 2300 7710
3093 8807 3965 9367
0 9367 3965 9739
3093 8309 4360 8807
0 6203 1207 7374
9546 6486 10000 8601
4557 1723 6093 3047
6599 4066 8945 5308
6599 3495 8471 4066
7158 9529 8069 9984
6599 5308 8053 5350
4086 0 4975 519
8276 8601 10000 10000
0 7710 3084 8298
4085 3047 4577 8309
8084 5308 9706 6080
5545 3047 8945 3495
3867 4031 4085 6194
1344 6461 1749 6637
7497 0 9164 954
1773 3047 4085 4031
4975 954 7183 1723
4716 8628 6727 8685
3144 1601 3649 2873
9088 6489 9539 7840
3649 1179 4557 3047
4975 0 7497 937
7222 6486 8276 8308
1335 1499 1718 3041
3649 519 4975 1179
3965 8807 7863 8885
0 9739 3965 10000
4577 6486 4615 8298
4577 3047 5545 6080
5962 6819 6404 7654
4557 1179 4975 1723
8276 6486 8866 7840
3204 4031 3475 5314
3965 8889 8104 9529
8471 3495 8945 4066
8110 8889 8274 9997
0 3156 1773 5320
9413 3743 9514 4812
7183 1104 9114 1536
3649 0 4086 519
9164 0 10000 3047
8276 7840 9546 8601
0 1060 986 2037
4360 8309 8276 8628
6093 1723 6370 3047
6599 5360 6990 5461
