7291 1215 8442 1907
747 4492 5186 5267
8442 861 9766 1907
3562 5267 5186 7757
4750 9319 8575 10000
813 8657 1219 9534
747 5267 3172 5496
1950 7272 3177 10000
747 6091 1654 7251
1659 5496 2422 7271
7098 369 8387 941
4073 0 6435 2037
3175 0 4073 1445
6894 6986 7493 8696
9443 1907 9766 9902
3177 5267 3562 7757
7291 989 8418 1215
5051 7757 5186 9311
770 2867 3048 4429
0 4771 747 10000
3177 7757 4750 10000
8229 6431 9404 6925
747 7304 1916 7543
8229 1907 8455 6419
5186 8978 7510 9317
1839 693 3175 1445
747 5520 1508 6091
29 1783 1605 2605
6481 6986 6894 8978
2422 5496 3177 7272
3111 2867 4017 4288
5186 4307 5599 5786
8576 9319 9440 9996
6435 0 7098 970
747 7543 1947 8652
3705 2246 6435 2821
4017 2867 6435 4307
4750 7757 5051 9319
8456 2830 9275 6216
6435 970 7291 4307
5599 4307 8229 5786
9766 0 10000 10000
3705 2037 6435 2246
104 2991 731 4637
1219 8657 1842 9405
1864 2037 3705 2818
7291 1907 8140 4279
1839 1445 4073 2037
6481 5786 8216 6944
7606 7126 8235 7320
7510 7333 9368 9149
5186 5786 6481 8978
0 693 1839 1783
0 2821 6435 2867
8442 0 9766 861
7098 0 8440 367
139 24 3074 693
3048 4307 5186 4492
