8532 481 9179 1329
5839 8570 7535 9157
7292 5734 7735 8231
5136 2485 7111 2553
7639 9250 10000 9617
6331 9250 7639 9505
0 2816 327 7183
735 721 4571 737
8424 2594 8645 2667
7535 8570 7685 9157
3823 411 4542 708
8336 5141 9334 5406
7878 6731 9871 6768
9334 4416 9871 5398
3069 6181 7278 6420
7685 8887 9443 9157
7111 1835 8424 2558
6839 4440 8408 4804
6287 9617 10000 9749
1884 1835 5861 1998
8196 7352 8588 8064
5520 2765 6215 2969
2113 3901 3922 4051
7759 5734 7878 6768
0 9796 792 10000
2113 3651 3259 3901
735 1134 2981 1321
9128 2145 9995 4404
5861 1835 7111 2226
3274 9157 9871 9250
6138 1703 6477 1835
3823 184 5677 411
870 2816 1013 4425
1884 1425 9842 1458
2695 1458 8671 1543
2729 5765 3069 6423
7685 8570 9443 8887
2005 4425 6467 5118
2005 5734 7292 5765
441 5765 497 6712
792 9907 6162 9979
1884 1630 2244 1677
7759 7352 8196 8231
3795 7113 5722 7494
4940 8919 5815 9157
0 1321 902 1425
792 9979 5854 10000
8153 9749 10000 10000
2005 5118 6467 5406
0 2668 3807 2816
0 0 735 1321
3274 9250 6287 9682
148 8570 1497 9459
6470 4425 6839 4729
7878 5406 9871 6731
4515 7732 5296 8129
2113 2998 3228 3629
1497 9157 3274 9907
9108 2145 9126 2609
7759 6768 9871 7352
2075 6798 2247 8570
6408 8399 9443 8570
6874 6545 7285 6751
4605 2558 8424 2765
5491 3262 7008 3674
4075 2374 4546 2950
1867 6545 3795 6798
849 5765 1178 8570
8884 4416 9322 5141
2247 8399 6408 8570
1976 1998 2674 2394
735 124 9442 184
3263 3397 3906 3901
6285 463 8294 1066
3795 6545 3880 6751
4374 4051 8884 4425
603 5765 849 7402
9842 437 10000 1452
1506 8570 5839 8918
2835 4051 2869 4266
3795 6756 6979 6874
5462 3849 7726 4051
4616 411 5677 1079
1867 6798 2075 8570
327 2816 870 5765
7032 9749 8153 9999
2247 6798 2856 8399
735 0 9697 106
148 9459 1497 9796
735 737 2981 1134
6287 9530 7624 9617
8588 7352 9871 8021
3922 2998 5109 4051
7726 2765 8854 3649
3978 1383 8476 1425
2856 6798 3730 7627
1301 6423 1867 8570
6467 4842 8875 5139
3274 9682 4680 9902
8346 838 8383 1047
902 1321 2981 1425
8196 8064 9443 8231
5677 437 6285 1079
3069 5765 7286 6181
9601 437 9816 1391
0 1425 1884 2668
3978 817 4429 1212
9443 8064 9871 9157
4605 2374 6518 2387
3807 2226 7111 2374
3263 2998 3905 3366
2005 5406 7878 5734
1867 6423 7292 6545
5677 184 10000 437
1884 1546 7521 1623
792 9796 1433 9885
870 4425 2005 5765
2326 2871 2348 2998
1301 5765 2729 6423
3807 1998 5861 2226
148 7331 520 7912
7085 5141 8336 5404
9108 1458 10000 2143
3893 6545 6823 6746
0 9090 148 9796
1497 8919 4934 9157
0 7183 148 9090
4616 1079 8346 1383
735 106 9933 120
2856 8231 9443 8399
735 184 3823 721
1013 2816 2113 4425
5109 2998 5462 4051
1178 5765 1301 8570
5462 3685 7337 3849
2981 737 3978 1425
2869 4051 4374 4425
8884 1458 9108 4416
9871 4416 10000 9250
7735 5734 7759 8231
