43 7898 76 8631
6371 6010 7323 6191
4863 6360 5732 7587
6371 6191 7566 7148
0 0 1548 845
1100 7587 1296 8727
3359 201 6918 235
9531 4391 9652 8890
640 5363 743 7272
9237 0 9415 1739
5010 7897 5425 8408
0 1263 614 3014
614 1263 1329 2435
1329 1858 2854 2087
5313 1016 6701 1497
4159 5115 5914 5930
4366 8727 4664 9944
7859 3632 8455 4391
154 5653 387 7192
1595 4309 3064 5115
2713 6360 4863 6605
1548 781 4342 845
2907 2539 3511 2783
6620 4478 7580 4828
6847 551 7253 1239
5732 5966 6101 7295
42 4309 743 5363
6306 319 6848 549
4664 8812 9224 8890
9173 5930 9339 8812
2713 5115 3869 5891
3064 4309 7859 4391
8019 1248 8631 3329
3064 4831 6206 5115
1296 8476 9127 8709
3161 7897 4787 8421
7390 4831 9531 5277
2717 3678 5310 3780
8455 3380 8556 4391
3511 2539 4820 3355
6009 926 6212 1000
1100 8727 4366 9500
154 7305 4623 7587
9339 5930 9531 8879
771 7587 1100 9500
7609 1449 7768 2543
1296 8438 5207 8476
3161 7807 5785 7896
4664 9617 6384 9944
4918 2442 5764 3371
8566 5966 9155 6719
743 4309 1261 5787
8446 8890 9751 9617
5779 1629 6847 3042
4295 845 4313 1876
76 5363 154 9500
6427 8975 6543 9034
9652 4297 9751 8890
170 3014 986 4309
5779 3047 7727 3348
46 3014 170 4242
3226 9500 4366 9718
4342 2258 4649 2493
1469 2539 2393 4309
9490 105 9698 3380
5470 7981 8312 8463
8556 4297 9652 4391
3013 270 3271 319
6101 5966 6371 7295
614 2878 978 3014
1296 7587 3161 8437
1296 8709 9173 8727
0 9764 2091 10000
1329 2087 2854 2435
3064 4478 6392 4831
3161 7595 7390 7796
1015 2539 1469 4309
2713 5930 4977 6360
1868 6605 4797 7065
6371 7148 7566 7295
0 9500 2091 9764
9703 1447 9751 3374
9703 353 9990 1447
5044 319 5692 1002
2854 845 3408 2539
743 7160 4358 7300
5732 7295 7566 7587
5732 5932 8226 5966
0 3014 41 9418
2717 3977 5935 4309
4342 1758 4805 1828
4918 423 5044 2442
1548 0 3069 209
1261 4309 1595 5787
154 7587 771 9500
7566 6320 8498 7502
1329 1263 2854 1858
6206 4831 7390 5930
743 5787 1868 7160
5044 1629 5765 2405
2717 3782 5330 3922
3408 845 4295 2539
7971 5277 8299 5878
6384 9617 9751 10000
7566 7547 8250 7897
2091 9944 6384 10000
0 869 2596 1263
4977 5930 5732 6360
7250 8952 8446 9617
2717 3380 8455 3632
1868 7065 4769 7132
1868 5787 2403 6566
7581 4391 9531 4831
7270 551 7492 2940
986 3014 1015 4305
9751 1447 10000 10000
1548 334 3451 423
2752 3932 4076 3977
5935 3632 7859 4309
4028 5345 4159 5807
2629 5115 2713 5732
614 2435 2854 2539
5700 551 6623 708
5914 5115 6206 5930
6392 4478 6616 4831
3064 4391 7581 4478
4664 8733 8277 8812
4797 6605 4863 7587
2091 9500 3226 9944
3226 9718 4232 9936
426 5363 630 7238
1548 423 4918 781
4664 9034 7250 9617
4664 8890 8441 8952
2393 2539 2717 4309
3147 10 8386 188
8556 3380 9751 4297
