8474 0 9303 1457
8133 7615 8284 8547
771 0 7761 96
857 2935 1368 4166
0 7833 2838 7954
7914 7274 8133 7954
5152 5444 7239 6289
2866 6453 3926 7227
5061 2735 5413 3260
2058 8997 2712 10000
1188 4170 1374 6453
2085 5829 3228 6057
8195 4229 8659 4737
0 3304 784 6177
7327 3677 8195 4737
8290 364 8351 1448
5413 2735 7463 3677
2444 8212 4223 8532
771 1451 4507 1535
2444 8532 2871 8831
1374 4575 2531 5382
5481 6904 5703 7600
2085 5382 3233 5829
7685 1448 7781 2226
1044 7954 1467 9973
857 4170 1188 6177
9300 7485 9725 8279
5703 6453 7914 6815
4547 2575 4748 3282
8474 1457 9303 2415
2432 457 3953 1090
2712 8997 3863 9892
4507 1448 7685 1535
9958 5838 10000 10000
857 2045 1557 2924
0 1983 2683 2045
5383 676 5597 1211
0 0 771 1067
5892 362 7139 943
1374 2935 2944 3072
9942 0 10000 4229
0 6177 1188 6453
2432 186 5385 270
1534 8864 1724 8980
3233 6156 3886 6453
2444 8831 9073 8997
2085 6062 3200 6453
7239 5444 10000 5620
5061 3260 5413 4370
5703 7463 6998 7954
9457 5838 9920 6441
5510 7954 6353 8532
4820 2965 5061 4367
771 96 1286 185
3217 2045 3421 4471
9073 7522 9121 9362
2531 4489 3213 5259
1581 2620 2427 2932
1478 1395 4462 1425
5385 186 6448 260
5111 1535 7685 1863
8646 6453 9958 7314
1467 7954 5510 8212
8195 2575 8884 4229
8659 4229 10000 4737
3886 4489 4547 4894
6426 9406 6776 9495
1478 186 2107 1395
6353 7954 7662 8831
5250 5190 7327 5444
7463 2974 8195 3677
3466 1899 3561 4393
3233 4489 3886 6156
5703 7144 7029 7463
4842 2735 5061 2962
8401 5727 9075 5838
7761 364 8290 1448
6998 7463 7914 7954
0 7955 1034 8360
9127 7314 9300 9357
0 1800 5111 1863
2531 4372 3213 4489
4547 2415 8884 2575
8351 0 8474 2226
7542 5620 8401 6453
0 6954 2838 7833
1288 96 7761 186
4507 457 5383 1448
8401 5838 9457 6453
8133 7274 8645 7613
2871 8532 6353 8831
7222 936 7761 1448
5757 944 7084 1409
8284 7615 8646 8556
7662 7954 8119 8544
3562 1899 4545 4223
0 6793 1711 6954
0 6453 2838 6793
4373 8997 8500 9284
4859 2575 5904 2731
3926 6453 5703 6904
5413 3677 6870 4186
8884 2415 9303 4229
0 1535 5111 1800
4547 1863 7221 2186
5250 4492 7327 5190
771 186 1478 1451
7761 0 8351 364
1374 3084 1717 4263
1374 4371 1929 4572
7781 1448 8351 2226
4547 2226 8474 2415
3926 6904 5481 7600
0 8360 979 9012
2107 186 2432 1395
1581 2055 2883 2407
1467 8212 2444 8864
4223 8212 5510 8532
2432 270 7742 362
7327 4737 10000 5444
0 1067 761 1087
6634 4370 7285 4481
4684 5444 5152 6289
7914 6453 8646 7274
5250 4370 6601 4492
0 2045 857 3304
8440 9365 9297 9770
7463 2735 8195 2974
1581 2514 2914 2620
8601 8558 8616 8697
3075 2620 3197 4129
0 1087 771 1535
1374 5382 2085 6452
5904 2575 8195 2735
2432 362 5722 457
3886 5444 4486 6453
4736 4370 4743 4878
5806 6817 7029 7144
1478 1425 4507 1451
1467 8997 2058 10000
7029 6815 7914 7463
0 1869 4303 1899
784 3304 856 6136
7662 8555 8245 8786
4486 6289 6668 6401
4081 9495 4760 9832
4486 5444 4684 6289
3886 4894 5250 5444
8772 7693 8947 8348
9303 0 9942 4229
7239 5620 7542 6453
2838 7600 5703 7954
1711 6793 2838 6954
