3922 2157 4434 2691
3168 7983 3729 9014
8909 9014 9800 9455
1623 1305 7164 1350
6599 2170 7108 2271
838 3556 960 7028
8576 2211 8674 3546
0 7691 1389 9504
8621 3546 8674 4273
1623 1391 1734 6194
3547 7086 6583 7729
3015 703 7237 976
1389 7192 1695 8362
0 391 1623 2759
0 9504 1373 9943
5173 6571 7070 6703
4434 2341 5738 2667
3547 6670 5090 7086
1075 3556 1544 6182
1734 1585 7932 1735
960 3556 1073 7084
4040 5587 5090 6670
3092 2157 3922 4217
5931 4636 8674 5587
353 3556 764 7034
0 7234 850 7691
768 3556 837 7148
0 2759 1623 3556
6560 2341 7258 4560
1389 9014 3022 10000
1389 8374 3157 9012
7932 2211 8576 4636
4122 8130 5801 9014
4434 2271 7932 2341
1114 6194 1695 7137
6583 8357 9137 9014
1912 7983 3036 8371
1734 5050 5931 5587
8674 3548 9155 5434
6970 9455 8030 9769
3015 0 5673 313
1734 3227 3092 5050
3547 5930 3995 6670
110 3556 234 7103
1623 0 3015 1305
8674 2211 9985 2620
9800 3299 9989 9769
2341 5833 3056 6194
7487 2341 7851 4625
3015 516 7991 669
3015 1235 6342 1303
6583 6712 8218 8357
9137 8357 9623 8858
5090 5753 8218 6571
8354 703 8932 2206
1695 7729 6583 7904
3022 9769 9989 10000
3922 2691 4715 4217
1623 1380 7811 1391
9171 3299 9775 4017
3729 8130 4122 9014
3022 9014 8909 9455
3022 9455 6970 9769
8674 2621 9986 3299
8932 0 10000 2211
7935 904 8353 1019
9989 2211 10000 10000
3015 998 7812 1232
5090 5587 9800 5753
1734 1391 7821 1584
0 0 1623 391
1695 7904 3717 7983
3729 7904 6583 8130
4344 351 8245 492
4715 2691 5806 3758
1695 6194 3547 7729
3092 4217 5931 5050
7358 2381 7487 4636
8030 9455 9762 9740
1734 1735 7932 2157
5090 6753 6213 6825
5801 8130 6583 9014
2029 2538 2487 3227
8674 5434 9800 5587
9007 6643 9754 8357
5931 2341 6539 4473
8218 5753 9007 8357
