600 115 1194 1001
4230 3746 6400 4355
71 5620 662 6636
223 5097 623 5615
2068 1846 5483 2156
1485 5097 2111 6417
5285 2460 6402 2968
1485 6774 3634 7058
1194 908 7188 997
8900 2995 9754 4197
2114 8300 4500 8555
8669 7294 9016 9988
9757 7724 9984 8877
7546 3613 7827 3798
2068 1589 5483 1846
9022 7291 9092 9318
1109 6839 1250 7052
6402 3798 7735 3859
8688 5572 9193 6581
7735 3798 8899 4226
4037 5572 7680 5666
4037 5666 5866 6064
9742 4286 9832 5342
9488 5353 9832 6699
3555 2460 4376 3419
8908 1440 9128 2659
235 8727 2518 8879
5648 1995 6659 2025
1362 8555 7500 8689
6402 3335 7546 3798
2286 8893 2696 9420
6327 4717 7815 5097
3744 715 8908 792
649 7749 977 8368
8176 8360 8637 8557
6190 9556 8669 10000
3966 5446 7815 5572
7680 5572 8688 6600
1039 7065 8909 7094
1485 6417 3966 6774
524 1842 883 3746
7680 6600 9196 6699
5033 2968 6402 3084
0 6776 1039 7749
4500 8124 7500 8555
0 8893 1405 9871
4895 7628 7500 7686
2462 5391 7815 5446
2068 2156 2854 2460
3744 367 8908 715
5483 1706 8223 1989
4500 7219 4895 8124
5020 6064 5866 7065
1902 8985 2243 9904
8909 6699 10000 7291
4416 3135 5033 3416
7827 2995 8900 3798
2111 5097 3966 5242
0 3746 1181 4910
2243 9592 6190 10000
4439 6318 4990 6355
752 1001 8268 1015
2854 2156 5483 2460
6402 3859 7735 4286
0 7749 649 8555
0 0 3744 115
5065 8727 8669 9238
9832 1440 9833 5863
3555 3419 6402 3746
5483 1634 7582 1695
2729 3746 3271 4636
1039 7094 8909 7219
3306 3746 3589 4350
7815 5375 9181 5570
9033 4286 9197 4717
2639 4910 3501 5039
5483 2030 7849 2169
600 1001 752 1842
4895 7686 7500 8028
3248 5303 7815 5391
7500 7291 8176 8727
9013 4226 9556 4274
3591 3746 4176 4355
2696 8727 5065 9592
3 4910 145 5610
9197 4286 9488 6699
2320 115 3744 792
9128 2193 9830 2986
3675 6778 3934 7061
4037 6388 4497 6851
1168 1842 2068 3259
6190 9238 8669 9556
5033 3084 6402 3419
2320 792 7722 859
9894 1440 9981 6501
2111 5391 2462 6417
9423 7291 9747 9229
5866 5666 7680 6699
3744 150 8908 367
662 4910 1039 6776
6402 2659 9128 2995
1093 4910 1485 6839
1039 8300 2072 8441
1168 3259 3555 3746
2462 5446 3966 6417
5065 9238 6126 9578
5483 2170 5946 2425
7815 4717 9197 5375
6402 4286 9033 4356
3423 4356 4865 4846
3744 0 10000 150
5024 887 6397 905
4176 3746 4230 4347
1039 7434 4500 8300
752 1015 2068 1842
1181 4866 4521 4910
1181 3746 2575 4845
1194 115 2320 908
4895 7219 7500 7628
7500 7219 8909 7291
7546 3335 7827 3613
5584 4360 6327 4499
6402 2995 7827 3335
9488 4286 9742 5353
6327 4356 9033 4717
4895 8028 7500 8124
2068 1022 6358 1589
8908 150 9998 1026
8908 1038 9994 1440
1039 7219 4500 7434
9092 7291 9384 9508
5866 6856 7353 6954
4376 2821 4717 3135
3966 5572 4037 7065
8268 792 8908 2659
1039 4910 1093 7062
883 1842 1168 3746
2068 2460 3555 3259
0 115 600 1842
0 1842 524 3746
5058 2460 5285 2961
6402 2170 8260 2659
