7759 6676 7908 9383
0 2644 2812 3599
2812 2630 7577 3185
7568 0 8317 2630
3728 3846 6401 5248
3728 5251 6375 5264
9383 266 9559 2190
1321 5582 1665 8120
1665 4104 2547 8120
0 9385 8317 10000
8317 8796 8860 9431
2812 5836 5506 7469
8317 2190 10000 4631
5910 5401 6914 5914
2812 7514 7759 8245
5693 6011 7237 6676
7237 3185 7577 6676
8403 295 9377 1166
5693 6676 7759 7514
0 5582 1321 8120
2812 2151 7568 2630
6401 3185 7237 5264
2812 8245 5816 9353
0 8120 2812 9385
0 1652 2665 2644
8317 8306 8887 8449
3728 5264 7232 5401
2415 10 3409 31
2547 4104 2812 8120
7577 2630 8317 6676
9271 4631 10000 8306
6450 8245 7693 9200
2812 1633 7558 2151
0 3599 2812 4104
0 4104 1665 5582
2736 31 4669 818
2812 3185 3728 5836
4683 0 6950 637
7908 6676 8317 9385
3728 3185 3994 3846
8317 4631 9271 8238
579 385 2660 1345
3728 5401 5518 5836
5518 5401 5693 7514
8317 8449 8887 8796
4999 842 7334 1004
8887 8306 10000 9455
3994 3185 6401 3846
8317 9455 9935 9937
9578 144 9988 1474
0 1475 3662 1613
2736 1050 6382 1345
