4697 6260 7897 6474
7808 6900 8065 7051
7705 1513 9466 1679
9312 5930 9988 7901
2632 8131 3084 8279
1811 7968 4948 7982
2248 4008 3893 4505
9146 9394 9873 9707
326 8077 1708 8408
4795 5169 5766 6028
0 534 2075 882
801 1918 1072 6125
127 9269 1116 9439
1072 2312 1394 2961
555 6125 1375 7990
6994 1811 7695 2280
1072 2961 1394 6125
5105 334 5978 1890
2656 5049 10000 5169
5984 8343 9358 8544
1375 6125 1811 7990
1789 3108 2105 6125
3672 1353 5090 1488
1789 3014 5437 3108
2075 251 5952 334
1394 2312 2912 3014
1647 1387 1671 1838
1811 7423 3941 7968
7295 5281 10000 5930
5766 5169 10000 5281
9299 251 9738 706
6994 915 7705 1811
8164 6640 8918 7050
3086 1059 3210 1411
3941 7423 8062 7703
9513 2417 9996 3210
7406 3226 9558 3992
9455 8581 9906 8730
5452 3409 6274 3559
4697 6640 7261 6831
7718 1978 7844 2913
6423 9417 8624 9828
3720 2312 6981 2651
7136 6028 7926 6125
1671 960 2451 1918
2427 4608 2656 5169
2248 4608 2427 6028
6340 3409 6673 4425
6674 3409 6831 4450
7295 5930 8918 6028
0 0 541 534
53 5437 55 6924
3411 4628 5639 5005
5723 4505 6753 5033
6994 251 7705 915
1811 6238 2269 6804
696 9439 1452 9899
2105 6028 7119 6125
2075 658 3618 854
1394 3014 1789 6125
3118 8343 5984 9004
1811 6804 2305 7423
2632 9004 4308 9417
55 1918 326 8408
5984 8550 7364 8708
2427 5169 4795 6028
1452 9269 2632 9417
0 1387 1645 1918
1116 9269 1452 9439
7705 1679 9509 1943
8918 5930 9312 7068
7930 6075 8815 6464
3124 2312 3720 2618
555 7990 9264 8077
2871 1411 3672 2312
4308 9004 8006 9394
5354 3571 6339 4486
1708 8077 2591 8378
3672 1488 5050 1874
8566 1978 9098 3154
1671 882 3672 960
7898 4683 8469 5049
6011 8730 9407 8958
2813 6257 4697 7381
696 9899 10000 10000
8301 7798 8599 7946
2075 334 3523 653
4697 6481 8244 6640
2105 4008 2248 6028
8476 4016 9860 4991
541 251 2075 516
1072 1918 2451 2312
541 516 1943 532
2451 960 2871 2312
3672 1890 6994 2312
555 1918 801 6125
2640 6125 2813 7422
7705 753 8912 1430
2105 3571 5354 4008
5766 5281 7295 6028
6930 2695 7402 4489
326 1918 555 8077
4308 9394 9087 9411
3118 8077 10000 8343
9103 1978 9484 3061
2813 7381 8059 7423
2813 6125 7930 6257
8006 9004 9976 9394
5978 251 6994 1217
7406 4016 7862 5031
2305 6125 2640 7423
6853 2695 6901 3798
4228 334 5105 1025
2105 3108 5437 3571
7414 2807 7691 3223
2248 4505 5723 4608
2912 2695 5437 3014
5437 2695 6217 3400
3 8408 127 9799
1452 9417 6423 9899
3893 4008 5354 4505
3941 7706 7952 7964
0 882 1671 1387
4697 6881 7280 7380
9264 7998 9998 8077
6593 1217 6773 1675
9554 753 9659 1940
127 8408 2632 9269
127 9439 696 10000
3672 1042 5105 1353
2632 8279 3118 9004
8639 7068 9079 7856
2656 4608 3408 5047
541 0 10000 251
