8267 4853 9998 5000
7589 3129 8907 3364
8925 2756 10000 3846
3649 2372 5379 3292
3529 8521 4708 9072
3529 7670 4726 8520
7589 2576 10000 2756
1246 8634 1689 9736
0 1255 1455 2768
7977 5811 9482 7898
4727 7670 5551 8618
7643 3846 8267 5000
1455 2539 2087 2766
5669 4925 6008 9402
9482 5811 9916 7629
3317 6308 5669 6918
6008 4925 6107 7365
1144 0 1211 331
6008 7548 6706 9222
0 7422 1771 8634
6085 698 6731 1307
7128 8118 8367 8697
2998 773 4927 2076
0 2768 2107 3782
6008 7365 6887 7541
5108 4728 7128 4925
26 4816 2794 6238
2998 437 4416 698
7132 5811 7977 8103
4522 3449 5108 5505
6008 9268 9988 9402
7643 5000 10000 5711
7643 5711 10000 5811
5379 698 6085 3449
0 6623 1241 7422
6731 437 10000 1174
7977 7898 8735 8072
6085 2421 7563 3440
0 3782 4522 4186
6085 1307 7589 2421
4416 437 6731 698
2107 3466 4191 3768
3459 4186 4522 6308
30 9636 1081 9838
8267 3846 10000 4853
0 437 2998 1255
7589 2756 8925 3123
1951 9075 4727 10000
4727 9402 10000 10000
6816 1174 9579 1280
1771 6308 1951 10000
7643 3449 8925 3846
7128 4728 7643 5811
3317 6918 5669 7670
1455 1255 2107 2539
0 4186 3459 4816
5108 3449 7643 4728
1951 7670 3529 9075
7589 1339 9631 2576
1211 0 10000 437
5108 4925 5669 5505
2107 1255 2998 3449
4522 5505 5669 6308
2794 4816 3459 6308
6721 7548 7113 9161
6107 4925 7128 7365
1951 6308 3317 7663
8597 8130 9907 8939
