5429 2224 5511 4168
8194 7936 10000 9011
2720 4630 3113 5653
3133 2037 3301 4772
6316 9776 10000 9882
5522 3380 6677 4199
1235 2037 2780 4630
4662 5494 5721 6443
4761 2821 5429 3939
7115 9286 9579 9776
4361 8892 5317 9011
4361 8653 7006 8841
9064 4322 9413 4508
1235 1704 4976 2021
4361 9286 6316 9625
2780 2283 3076 3752
7445 1675 9151 2909
4193 2821 4315 4861
1235 5710 2651 6082
4624 6929 9748 7040
0 6989 375 10000
2823 9625 6316 9882
3898 7426 5872 8276
7679 2957 8353 3090
2823 8856 3844 9191
5721 5494 6095 6204
4182 2116 5364 2816
3315 2361 3890 2822
9151 1675 9720 2884
1235 4630 2458 4870
7065 7448 8194 9011
6992 3378 7560 4195
5168 428 6237 574
375 9400 1420 9882
9007 4984 9061 5401
5872 7458 6506 8041
1420 7426 3709 8276
4662 5076 7727 5494
7731 3378 7767 5804
417 2313 617 6716
2823 9191 4361 9625
9748 1675 10000 7040
4182 6443 8731 6604
375 6989 1005 9400
7060 736 8779 1675
8731 5671 9748 6717
0 6717 4624 6989
4624 7040 4986 7426
8779 736 10000 1675
6097 5494 7552 6336
3432 0 6086 356
1195 6716 2951 6717
1420 8343 7065 8513
4597 1072 5522 1557
3709 7426 3898 8276
5872 7040 10000 7448
9156 7890 9999 7933
6334 13 8109 428
3315 4138 3941 4748
4624 6717 9748 6929
6316 9286 7115 9776
9156 7448 9304 7785
3315 4749 4182 6105
617 6105 4182 6604
375 9882 10000 10000
1005 6989 4624 7426
5522 862 7025 3156
8200 3187 8892 5671
2164 8513 2823 9882
5522 3156 7763 3365
4361 9011 10000 9286
6124 6354 8196 6441
9598 3156 9691 4725
0 2313 417 6716
1246 862 3860 1412
9579 9286 10000 9776
4315 4199 7727 5076
1420 8276 7065 8343
1005 7426 1420 9400
4183 5076 4662 6183
0 873 1162 2313
6808 8627 7065 8653
1420 8513 2164 9882
8109 0 10000 736
5872 8041 7063 8272
0 736 7025 862
4986 7040 5872 7426
8194 7448 9156 7936
8200 5671 8697 5714
617 6604 8731 6716
7767 3156 8200 6354
7025 736 7060 2378
777 2313 1235 4591
