3028 7697 3618 9984
5584 4252 6905 5741
7868 6487 9293 8508
2518 8629 2928 9640
7868 1147 8048 6487
2506 1085 3989 1411
3618 7815 6236 8847
8048 4129 8614 6487
8772 0 10000 3968
9293 6487 10000 8508
6438 6992 6916 7124
4745 1147 7769 1688
3618 7697 6245 7814
1281 4256 3866 4505
1281 3396 6999 3659
288 8496 2944 8629
8048 3968 10000 4129
4745 1699 7550 2590
9023 4129 10000 6487
683 4702 1258 5506
5584 3820 6823 4246
683 2253 4234 2598
288 9694 2621 9993
288 7122 4168 7697
391 5751 1157 6851
391 5519 5581 5751
1257 7697 2951 8496
4168 6972 4995 7697
6841 3859 7472 4162
0 2295 202 4969
6297 8508 8370 8852
1281 2941 7029 3275
288 7734 1246 8480
7424 9148 10000 10000
2570 5751 3046 7118
1281 4586 5571 5514
4745 227 5990 676
6916 4246 7850 8508
7424 8852 8370 9148
0 1002 2506 1460
6297 7126 6886 8454
0 0 4745 1002
6094 352 7215 643
547 8629 1103 9660
391 2253 683 5519
0 1460 4745 2253
8106 1219 8772 3952
3046 5751 4168 7122
2970 7697 3022 8940
296 6218 391 6323
1258 5751 2558 7122
288 7697 1059 7732
3618 8852 5949 10000
1281 3323 6542 3359
5949 8852 7424 10000
4286 5751 6025 6057
7850 1699 7868 8508
8614 4129 9023 6487
4745 737 8723 972
7491 3734 7831 4246
6025 5751 6916 6063
4168 6063 6916 6972
8370 8508 10000 9148
683 3075 1239 4584
0 4969 288 10000
7629 40 8033 617
3411 3888 3595 4256
6082 972 7751 1002
683 2611 7778 2940
4995 6972 6297 7697
