6516 2774 7065 3686
2979 6497 6138 7237
2099 7713 2289 9971
5218 1896 6387 2153
4067 67 7887 495
6138 6497 6320 7946
629 5256 2311 5285
373 2774 1005 2871
7561 2946 7992 4638
2628 5285 4838 6001
1320 835 4542 1259
9148 1181 9422 5195
4833 7713 5180 8502
9648 6236 10000 9996
943 7713 2059 9163
1005 2798 6439 3161
4067 589 5984 774
0 10 6505 67
373 6497 1898 6899
91 168 744 1951
1005 4691 2564 4987
8638 7016 9087 9367
1898 6497 2979 7100
2564 4824 7550 5285
4495 9845 9104 10000
6138 8769 8054 9278
2289 8629 2748 9971
1320 168 4067 835
3545 3520 6516 3660
9136 6236 9245 9998
919 1684 2160 2044
1868 6001 4535 6497
91 2044 191 9971
4535 6001 4838 6497
943 6899 1898 7713
629 2871 1005 5256
7550 4691 7994 7790
191 9177 2099 9971
2289 7713 2748 8629
8638 0 8682 5984
4495 9349 8626 9486
2160 2674 7052 2774
0 67 91 10000
4495 9278 8635 9348
9422 2822 9540 4948
2748 7713 4141 9971
3464 3978 7561 4258
373 5285 550 6497
5985 4706 6264 4824
6138 7952 8053 8769
3211 4258 7561 4346
4067 800 7969 834
2979 7237 6138 7713
919 168 1320 1684
6387 1881 6973 2081
191 6899 943 9177
1005 4987 2564 5256
8010 1699 8591 7935
9584 1181 9865 4364
4542 835 7992 1313
8055 7952 8637 9274
1005 4543 7561 4691
1898 7100 2979 7713
2429 9971 3088 9980
286 2774 373 6899
1005 3161 3211 4509
5236 7713 6099 9269
191 2044 2160 2774
6326 6497 7529 7885
4594 8237 4833 8661
1005 4509 7545 4543
91 1951 919 2044
744 168 919 1951
4838 5759 7550 6497
3211 3161 3464 4258
8697 1181 9138 4879
1868 5285 2628 6001
191 2774 286 6899
1320 1259 2116 1659
373 2871 629 5285
550 5285 1868 6497
8697 5210 9986 6195
7274 1560 7707 1743
4586 1354 7039 1753
6801 9486 9077 9843
8591 67 8635 3687
8010 67 8591 1690
3464 3715 7043 3977
4495 9486 6794 9843
3211 4346 7561 4509
8697 0 10000 1181
91 67 4067 168
4141 7713 4486 9564
9245 6236 9648 10000
7085 3239 7548 3978
2160 1259 4542 2674
4838 5285 7550 5759
