6606 9217 7377 9788
733 5436 2686 5874
5525 7840 6423 7914
6703 2724 7476 3296
3511 3830 4219 4525
5309 7632 6925 7838
6029 0 6950 1314
1951 4528 7135 4761
597 5278 689 7717
2487 8632 4794 8942
1200 7650 2019 8424
5607 2036 7199 2386
0 8123 1200 8424
597 5165 2776 5277
5961 3387 8882 3788
0 9862 2756 9939
37 8484 1015 9684
3363 7285 4720 7457
1844 6526 2294 7231
3821 8100 4626 8365
9423 9022 9473 9824
3157 4338 3458 4399
2087 0 4533 374
7437 9199 8212 9782
1541 4528 1951 5136
1844 6279 9421 6299
3226 7232 6859 7275
597 3859 3157 4528
5704 5359 9308 5527
9970 0 10000 6247
2421 6940 3932 7021
733 5882 5622 6082
5607 1314 7766 1690
5309 8089 7746 8192
9455 1670 9503 1896
1015 9240 2487 9487
5851 0 6029 969
3821 7955 5309 8100
5231 1214 6029 1314
1880 1234 4278 1310
733 5278 2782 5433
5309 7945 9283 8017
7219 6958 9964 7224
5113 8100 5293 8190
0 1669 1850 2268
1421 6264 1776 6484
2487 8365 7746 8632
2833 429 4533 885
5309 7275 6906 7571
8002 3830 9064 4104
584 969 1850 1669
1880 1314 2308 1667
12 2268 120 7294
1951 4868 6771 5136
1360 6082 2715 6244
5309 7571 9991 7631
5086 8632 5735 8874
9525 914 9899 4745
597 5136 4463 5165
9400 1565 9455 4555
1850 2126 5265 2236
5622 5922 9840 6081
2019 7232 3226 7775
8198 4761 9899 5143
7123 0 7588 379
0 239 584 1669
8002 4104 8462 4760
9562 5359 9775 5773
5559 6628 6236 6860
3091 6082 8214 6238
7786 6628 8135 6807
2313 1314 5294 1378
1951 4824 5840 4832
584 239 2087 969
3936 8990 4573 9149
673 3354 2911 3795
2019 7775 3226 8365
120 2427 673 3859
2487 9788 8220 9862
2087 885 4533 969
4533 0 5851 969
2019 8365 2487 8424
5309 8037 7748 8089
3932 6405 5559 7232
7245 1963 7676 2031
0 9939 10000 10000
664 4528 1411 5079
6926 7632 9991 7944
1015 9214 2487 9240
120 3859 597 8063
6950 400 7371 439
2756 9862 8220 9939
1850 969 1880 2120
5469 5527 9398 5871
1200 7232 2019 7650
7746 8089 7998 8632
1015 9487 2487 9684
9455 4390 9523 4746
2302 6526 3813 6940
673 2427 1754 2994
2911 3354 5961 3795
2087 374 4533 429
2901 2427 7771 2604
5607 1690 7215 2022
2487 8942 3834 9417
1951 4832 6724 4868
8462 4104 8960 4708
9067 1565 9400 4097
3936 9672 6606 9788
3604 1762 4217 1875
0 8063 733 8123
6993 9034 7212 9161
2519 429 2833 811
4794 9022 9276 9034
0 0 295 239
4463 5527 5469 5882
8220 9034 9387 9939
1880 1952 4346 2126
4219 3830 6760 4510
3399 7458 5197 7955
1951 4784 6160 4817
3157 3795 9067 3830
5622 5882 9471 5922
2487 9417 3834 9788
9387 9022 9422 9796
7135 3830 8001 4541
5704 5136 8028 5312
2784 5165 4463 5882
9525 0 9838 794
673 2994 2076 3354
870 6082 1200 8123
6771 4761 8198 5136
3936 9588 6606 9672
3834 8942 3936 9788
120 2268 5607 2427
789 6082 870 7795
1844 6299 3237 6523
6703 2612 7646 2724
7771 650 9270 986
295 0 2034 239
5559 6405 7738 6551
3226 7955 3821 8365
7135 4541 8002 4761
9899 0 9948 3463
8198 5143 9899 5359
7809 1266 9271 1565
7998 8089 10000 8632
1880 969 6029 1214
1511 3795 2318 3850
3932 6302 9781 6405
1754 2886 6703 2994
2034 0 2087 239
1754 2427 2901 2886
1205 6122 1302 7019
4794 9034 6606 9588
2901 2646 6260 2775
6906 7232 10000 7571
2076 2994 6703 3134
9471 5359 9499 5914
4463 5136 5689 5500
7597 0 7674 771
8135 6467 8393 6958
7648 2659 7769 2800
4626 8192 7746 8365
5735 8632 9483 9022
2076 3134 6621 3354
3936 9149 4794 9588
3414 1214 5231 1228
0 9684 2487 9862
2313 1378 5088 1667
7771 2993 9059 3305
9483 8632 9967 9568
1015 8424 2487 9214
