7088 1648 7822 3045
5148 6450 6240 9906
9783 4432 10000 7150
2397 1648 3365 2322
6463 614 7822 1648
1217 0 3641 1648
5716 2600 7088 3045
6495 4432 8673 5222
8982 945 9455 3583
6253 5222 8673 5602
0 3676 501 4881
5284 1648 5716 6450
7822 0 9634 945
5716 1648 7088 2600
9634 0 10000 4432
6253 7150 8436 8207
6253 8403 7968 8500
3109 8118 3358 9842
8709 945 8982 3583
6253 8500 8148 9992
1134 3676 1217 8672
2397 2322 4692 3954
3641 614 3739 1648
4367 4825 4627 7661
5716 3045 7684 3563
2397 4825 4247 7071
0 8672 1750 9987
5716 3583 9455 4432
6253 4432 6495 5222
1750 1648 2397 10000
2397 7986 4004 8112
3007 3954 3851 4132
3739 614 6225 1648
2397 4511 4547 4789
6007 4432 6253 5711
554 3676 698 5889
2977 4148 4548 4452
9455 945 9634 4432
3641 0 7822 614
4552 8118 5143 9713
6225 614 6463 1648
6253 5602 8673 7150
1537 1648 1645 8349
3365 1676 5220 1945
4692 2322 5148 8118
8163 8744 8435 8860
8477 7150 10000 9999
798 3676 1134 8672
5148 2322 5284 6450
8673 4432 9783 7150
710 7058 798 7473
3365 1945 5284 2322
0 0 1217 3676
7822 945 8709 3583
