2293 0 3328 1003
0 3401 820 3910
3922 9669 7754 10000
7900 2313 9389 3436
4012 5368 4888 7883
2885 4266 5934 4367
4949 6007 5426 6328
9751 4266 10000 9272
6316 5044 7609 6236
5946 5044 6313 6216
5946 7521 6767 7654
820 4451 2966 6072
9030 4266 9751 7042
3037 2721 4245 3417
36 8374 3909 8766
2168 7931 9271 8369
3922 9272 7754 9669
7094 7042 9751 7521
3013 1003 3328 2721
820 4367 2966 4451
9271 7521 9751 8672
5946 6246 7533 6743
4958 5368 5546 5809
1949 8766 2161 9385
5739 3848 9278 3852
3726 1501 3989 2721
5862 7723 6876 7931
7754 9272 10000 10000
7758 7585 8238 7898
4245 2721 7900 3436
6154 920 9647 1164
820 1972 1132 4367
8606 4266 9030 7042
5548 1501 6154 1848
7620 5044 7894 6748
4906 3877 7807 3930
0 9946 3922 10000
820 1003 1872 1972
5946 4900 8604 5044
828 0 2293 955
1390 6072 2168 8369
2885 3436 9041 3832
7900 1164 9389 1360
2966 4367 5551 5368
32 0 820 3284
1132 1972 1872 2721
1741 2721 2885 4367
0 9518 2238 9946
3328 0 6840 399
3328 399 3726 2721
1132 2721 1741 3192
9389 1164 9647 3930
2168 6072 2898 7075
3989 1501 5548 1848
5946 4266 8606 4900
4799 8389 6101 8661
3398 5368 3967 7914
1132 3192 1741 4366
7894 5044 8606 6750
3726 920 6154 1501
5551 4367 5946 7722
0 5359 762 5737
1872 1003 3013 2721
3922 8369 4799 9272
674 8904 1198 9518
2972 5368 3391 7886
3989 1848 6154 2721
8804 7521 9271 7688
7597 6855 8496 7042
6154 1164 7900 2721
2238 8766 3922 9946
5525 399 6840 920
7900 1360 9389 2313
820 6072 1390 8369
9647 0 10000 4266
5946 6750 7094 7521
2885 3930 9647 4266
4799 8672 9751 9272
6840 0 9556 889
3726 399 5525 920
