2394 8286 4962 8434
8708 3358 8816 3496
5317 1253 5822 2254
1770 3112 1943 3624
1486 2396 1658 4246
5822 0 6517 3775
6968 0 7954 3353
2817 6029 3110 6740
8138 3161 9350 3353
4591 1253 5317 2254
0 9671 2394 10000
2817 2254 3888 3697
8195 9664 10000 10000
9870 1873 9997 2580
5278 9864 6417 10000
0 6271 575 8654
7954 0 8116 2187
8195 8647 10000 9664
7330 5376 8228 5824
575 2396 643 7226
2817 3775 2889 5039
6517 3353 8054 4224
6694 9274 7539 9951
1972 1810 4374 2212
2394 8434 2710 9483
1972 2254 2699 3921
2416 7586 3329 8041
3329 7586 6690 8041
5278 9189 6428 9860
5065 8647 5271 9976
4962 8286 5065 10000
9459 0 9870 8041
575 8041 1383 8654
2394 9483 3110 10000
5278 8647 7220 9187
6763 6281 7330 6789
3860 9040 4743 9117
5065 8286 10000 8647
1383 8041 10000 8286
2817 5097 3069 6029
6436 7075 6690 7586
3885 5042 4556 7075
4173 579 5282 895
1961 79 3958 411
8377 3496 9047 6510
6517 0 6968 3353
575 94 1615 2396
9293 3353 9338 6324
8054 3353 8375 5169
2889 3775 6517 5042
1486 4246 2027 7075
6937 4602 7029 4916
643 2396 1486 7226
7330 6517 9292 6817
3110 5042 3879 6727
1770 440 5351 510
1383 8286 2394 9671
6690 7464 9350 7841
6517 4224 8041 4596
7541 9189 8195 10000
0 8654 1383 9671
1658 0 1770 4237
1487 7075 2416 7974
6690 6817 9135 7279
2027 4246 2817 6740
2416 7075 6436 7586
2006 579 4173 1795
3110 9483 4962 10000
6690 7841 9372 8037
9048 6121 9279 6425
2027 6740 3885 7075
9350 3161 9459 7751
7235 8647 8185 9174
0 1198 560 5365
6690 7282 9281 7463
4556 5042 8054 5231
2710 8595 3860 9483
8138 0 9409 2674
2710 8434 4962 8595
575 7226 1486 8041
3936 9209 3965 9431
4556 5231 6690 7075
9048 3496 9293 5967
4173 1253 4568 1781
3896 2254 5767 3670
0 5403 559 6271
