7674 8533 9186 8821
9689 2050 9970 6545
3799 4185 6596 4953
5025 5339 7510 5723
7510 5195 9689 6140
9365 3740 9445 3963
5249 2198 5409 3392
0 6370 802 7156
1216 1651 2484 2420
7073 2843 8601 3462
5249 2050 9663 2198
3735 7598 3802 9726
6706 2259 8386 2833
3559 1709 3715 3387
6306 1786 7858 1845
7073 3499 9689 3740
3802 7156 4995 9726
5249 742 8683 1258
3821 6918 6322 7156
6955 1483 7343 1631
1240 2420 1288 5062
2439 5994 7510 6140
802 4164 889 4748
582 8367 1798 9310
6988 8821 7310 10000
802 6148 1381 7137
5249 432 8397 602
6603 4185 7640 5179
7073 3462 8836 3479
8443 4185 8990 4487
9779 0 9970 1354
9685 7280 9930 8139
7674 6482 9186 7384
582 7156 1255 8367
1798 9373 3559 9661
3537 4185 3799 4954
353 79 586 3735
6988 7254 7674 8821
4567 0 5249 3657
0 7156 582 9310
7921 3740 9345 3938
3782 3392 4264 3655
2439 6140 9689 6482
2968 79 3216 2999
5493 2853 7049 3648
7073 3996 9612 4180
3216 1709 3518 3070
890 79 1216 5086
5412 2259 5493 3627
6322 6482 7674 7254
5249 1273 6766 1362
8603 2198 9582 2349
3331 446 3707 1225
7668 4872 9490 5187
2439 6483 3812 6578
7310 8821 8591 10000
2224 7598 3735 9373
2439 6578 3821 7156
9186 7205 9685 9179
2057 4955 6596 5084
2147 7448 3802 7598
6322 7254 6988 10000
309 0 4567 79
1255 7156 1798 8367
2439 5723 7510 5994
5673 8160 6322 8713
7668 4513 9350 4867
0 0 309 6370
7674 7384 8630 8533
2484 79 2641 645
8591 9179 10000 10000
6879 0 7738 370
2871 5495 5025 5648
1798 7448 2006 9373
802 5195 7510 5339
4995 8713 6322 8841
9048 1416 9779 1782
1288 2420 2057 5086
4049 1458 4567 2623
2534 5341 4513 5495
3948 518 3949 3237
586 79 890 4164
5654 7196 6316 8124
1798 7156 3802 7448
5721 1866 7270 2011
2729 79 2968 3097
4995 8602 5643 8707
1216 598 2436 1581
9186 6482 9689 7205
5412 2198 8603 2259
0 9310 681 10000
3537 3657 7073 4185
802 5339 2439 6148
5038 8841 6322 10000
3821 6482 6322 6918
681 9450 1666 10000
4995 8841 5038 9726
2484 1579 2729 3105
448 4164 780 6277
1666 9421 1769 9621
2147 7598 2224 9373
681 9310 1585 9449
1381 6148 2439 7156
2057 2420 2467 3077
5249 1631 8741 1764
2006 7448 2147 9373
2360 3105 3537 4706
802 5086 6603 5195
8591 8821 9186 9179
1666 9726 4969 9951
8630 7384 9166 8512
