365 4998 1356 5255
9019 5747 9337 8357
4307 8731 4780 10000
2633 4963 4392 5394
2747 8367 4780 8731
4675 4248 6203 4324
5304 3371 6958 3825
6307 6628 6578 7053
8066 761 8369 1975
2633 5394 3065 6019
3676 5394 3904 7247
5304 2509 10000 2843
9505 5309 9664 5920
4675 4324 6307 4963
1865 9481 1927 9773
3065 6018 3676 8367
3676 7370 4199 7540
7900 3371 8155 8614
7900 8614 8789 9060
8579 4109 8832 7848
3080 9481 4307 10000
9019 8649 9592 8940
365 3330 1356 4998
1388 8731 4078 8772
4780 6543 5194 6859
6958 3371 7278 7063
6479 7063 7499 9058
4078 8731 4307 9130
2947 119 5304 418
269 2580 2665 3330
9356 6632 9429 6827
5528 9915 6297 9962
1848 4122 3426 4210
5198 4963 6294 7041
0 661 2947 783
7587 8027 7646 8292
4780 9625 5579 9874
6479 9058 7646 9311
307 4090 365 5253
7499 8470 7626 8959
7947 9691 9547 9899
2747 6019 3065 8367
179 8731 1354 9714
269 5255 1353 6019
1373 9515 1388 9828
964 1173 2653 2059
1356 3432 2431 4110
5304 142 8987 409
8155 3371 8579 8614
7278 6513 7591 6715
5505 2331 8600 2509
6307 4324 6591 6628
4656 3825 6495 4086
6012 3201 8451 3371
5505 1444 7846 2301
5035 7063 6373 7630
2223 232 2822 640
8603 409 9378 2505
5086 7663 6479 8572
0 119 2223 661
4357 418 4613 3825
269 7631 2531 8629
0 0 9479 119
9389 119 9476 2408
9479 0 9976 1567
7947 9311 9897 9691
5317 409 5505 2274
8912 9082 9553 9146
4780 7063 4972 8472
9897 3371 9992 9614
778 2098 2557 2558
1356 4210 4675 4701
4613 418 5304 3825
4392 4963 4719 7545
1388 8772 4078 9130
3989 1455 4332 3494
114 783 778 2580
778 783 2947 1173
9019 3371 9502 5611
7646 5229 7900 9082
7878 409 8066 2331
5505 409 7878 1444
0 783 114 10000
6321 9322 7947 9916
7278 3371 7864 4629
3925 5394 4389 7362
2665 3036 3989 3825
2947 418 3921 1077
2560 6672 2747 8731
6297 9916 10000 10000
114 2580 269 8731
269 6672 2560 7631
6591 3825 6958 7063
1356 4701 4675 4963
269 6019 2747 6672
3065 6017 3389 6018
1388 9130 4307 9481
5304 2843 9989 3192
2665 1551 3595 2430
1394 4963 2633 5975
