260 8689 3249 8918
1904 8270 3249 8689
9557 5102 9645 6575
4715 917 4983 2876
3755 662 9897 917
202 461 912 1573
0 5945 260 9076
2935 7686 4425 7810
7170 0 9308 385
6823 3488 7047 5605
9306 4686 9392 8433
1267 4069 1348 4238
7011 8388 8694 9228
7507 3441 8214 3980
8626 2488 8802 6576
5590 6818 5889 9158
2002 0 2767 66
157 9307 1778 9319
260 8918 3249 9076
719 4407 1636 5585
6547 6680 7941 6819
8026 2187 8666 2454
5268 3821 6014 4010
7517 987 9674 2012
727 6110 929 7220
4425 6900 5120 9382
9557 9611 9985 10000
9897 458 9985 9611
5889 6576 6547 8680
2189 2576 2974 2991
3992 0 5810 121
5313 6110 5569 6442
8248 2697 8312 2966
4073 5945 4205 6016
1840 7220 2781 7810
7382 3488 7507 6076
3049 1606 3439 2876
2809 1606 3049 2576
260 6110 727 8270
1633 7220 1840 7758
3755 558 9897 662
260 6076 8384 6110
3672 5916 6598 5939
2781 6110 2935 7810
4054 7810 4425 9655
3755 458 9897 558
6547 6819 6839 9228
913 1758 1209 3065
9674 917 9897 7372
468 1996 913 2517
6839 8113 8694 8388
5889 6110 8626 6576
7047 3488 7382 5945
1917 9282 3249 9655
5812 0 6304 403
727 7810 3510 8270
3819 3013 3911 3122
4983 917 7517 1057
675 5605 7047 5823
4519 4407 4923 4822
7906 9655 9125 9997
1016 0 1586 1758
5273 9228 9392 9382
913 3065 1835 3488
7372 2488 7646 2965
2755 458 3439 1606
5764 3171 6533 3421
2371 3828 4844 4407
4983 1890 6784 2876
913 3488 1325 3962
1485 9664 1690 9757
3249 8270 4054 9655
0 9076 3249 9282
5302 4550 6393 4822
1586 410 7973 458
1835 458 2189 3488
9392 4686 9557 9382
8248 3560 8340 5953
260 8270 1904 8689
5889 8680 6547 9228
1705 4703 2676 4998
0 1573 913 1996
2577 369 3336 408
675 2517 873 3078
2189 3075 3048 3481
6839 7148 8593 8113
2189 458 2755 1606
1209 2082 1835 3065
9985 408 10000 10000
8500 3730 8555 4193
7391 1057 7517 2158
7517 2012 9674 2187
8694 6576 9053 8433
4923 4081 5295 4543
0 1996 468 4191
3510 7873 3768 8150
0 4191 455 4588
468 2517 664 4676
8346 3560 8377 5637
3936 131 5808 408
8802 4686 9049 6496
6847 8388 7011 9155
4983 1057 6784 1890
929 6110 1607 7220
2189 1606 2809 2576
8694 8433 9392 9228
2935 6900 4425 7686
4700 6159 5243 6900
3231 4407 3405 5533
0 9319 1485 10000
2751 4407 3199 5500
9535 2187 9674 4686
8377 3560 8492 6074
3405 4407 4519 4822
3405 4822 6823 4921
9053 4686 9306 8433
8802 2187 9535 4686
1348 3488 6823 3821
1586 458 1835 1758
686 5823 1559 5897
7507 3980 8248 6076
5120 6900 5273 9382
3439 917 4233 2715
1209 1758 1835 2082
2935 6229 4394 6278
6784 1057 7160 3013
1586 73 3854 360
9557 7372 9897 9611
4425 9382 9557 9655
1485 9319 1917 9655
7160 1057 7372 3013
3439 2715 3530 2873
3049 2876 6784 3013
4531 4921 6817 5514
7517 959 8536 987
3439 458 3755 917
1607 6110 2781 7220
913 0 1016 1758
1348 3821 2371 4407
4233 917 4715 2876
