3487 3887 4158 3996
5996 3818 6174 3877
513 9591 9828 9823
2243 4531 2670 4822
6174 3465 6930 4567
3297 2761 4158 3589
51 7425 2739 7588
1427 4986 2177 5725
2177 2551 2214 6308
6174 4567 8299 4667
2986 947 7327 1586
4158 7453 6544 7639
6172 1856 6581 2955
51 6655 2891 6935
4213 251 10000 371
4631 5878 5597 6070
5097 1608 7639 1856
1997 2976 2177 4986
51 5828 1498 6200
2243 1576 2577 4531
4631 2699 5097 5311
5056 7652 5437 9591
513 8175 1265 8408
6606 6256 7234 7923
8655 4908 8842 7879
2746 928 2891 6655
6174 4686 8849 4907
1780 5725 2177 6303
513 9452 4884 9575
6930 3227 8133 3346
4393 4848 4631 7142
51 7588 513 9823
3981 3996 4158 7652
2120 471 4213 772
1780 6303 2177 6605
3433 6535 3981 6920
3572 3996 3981 5592
4194 2945 4384 6392
5209 2172 5919 3919
327 4909 1240 5725
868 471 1966 928
6606 5878 7858 6256
1766 6935 3057 7425
7788 9184 8001 9528
7858 5878 8616 7846
51 6935 1766 7425
3433 5873 3981 6535
247 437 638 772
4631 5311 5831 5878
1966 772 9601 928
1454 2976 1997 3667
638 471 868 928
6930 3378 8279 4121
5831 5311 8655 5878
0 0 51 9823
4631 6070 5597 7142
1864 1155 2577 1576
6930 4159 8838 4567
51 1155 490 3667
9220 9823 9655 9984
2670 3533 2745 4390
8838 1276 9049 4567
3433 5761 3981 5873
4384 7142 6606 7453
2891 928 2986 3887
7254 8012 7777 8026
8535 1276 8790 4159
5209 4908 8501 5191
1966 471 2120 772
513 7768 1483 8175
327 3667 929 4909
8790 1276 8838 4159
9153 1276 9599 4567
2577 1155 2662 4472
2891 4122 3052 6176
9601 2050 9720 2093
5938 8181 6512 9179
2986 2761 3297 3589
513 8429 3433 8798
929 3667 1427 4909
9060 4686 9155 9061
0 9823 8972 9992
638 251 4213 471
1938 1576 2243 2148
513 7588 2739 7768
490 2976 1454 3667
2986 1586 4158 2761
3981 7654 4926 8057
8842 4908 9034 5886
3981 8057 5056 8449
1240 4909 1427 5725
1967 4895 1996 4986
4158 1586 5097 2699
7924 928 9601 1276
7434 928 7924 1585
5437 7652 5938 9184
2243 4822 2746 6655
9599 1276 9600 7997
9601 3035 9811 8773
3057 5761 3433 8429
5097 1856 5209 5288
9157 4686 9568 8857
1427 3667 1967 4986
9828 4193 9892 5736
5597 6906 6343 6969
51 167 10000 251
6930 2255 8249 2816
9049 1276 9153 4567
51 108 4570 167
7924 1276 8174 1569
513 8798 5048 9276
7254 6268 7841 7775
2739 7425 3057 8429
51 3667 327 5725
6930 1856 8535 2255
3057 3887 3487 5761
4213 371 10000 772
490 2551 2177 2976
2986 3589 4158 3887
3981 8449 4630 8722
1831 6605 2074 6651
5931 2102 6112 3465
51 928 2746 1155
1483 7768 2739 8429
490 1155 1864 2153
490 2153 2243 2551
51 6200 1780 6655
3433 6920 3981 8798
7880 7879 9060 9184
