64 9830 2157 10000
6405 133 8735 171
2148 9379 5559 9830
1447 8637 9629 9015
1142 6312 1447 9015
2157 9830 9729 10000
0 3781 6484 4014
5495 6673 6450 7206
0 128 1294 2527
4580 4014 4995 5286
6986 6220 8083 6334
4995 4027 6383 4722
4580 5286 4905 6523
8267 1583 8747 1999
64 4587 296 9830
8480 8014 9582 8637
1993 284 6405 835
1993 1910 6261 2177
4995 5535 7588 5586
9595 0 10000 3220
618 5419 3964 5971
1993 2363 3570 3357
5559 9015 7469 9830
8234 6496 8785 6578
1993 2191 6466 2363
8480 7213 9610 7979
8253 3220 9067 5212
3760 3639 4483 3781
4995 6578 5495 7213
0 3504 3760 3781
8806 9015 9252 9706
8753 128 9595 3220
68 4407 290 4587
618 5971 1142 9830
4995 6220 6201 6340
0 4014 64 10000
1993 128 6405 284
1142 9379 2148 9830
7368 1437 8267 1853
9729 6220 9964 9778
2799 7201 4887 7676
1993 835 3815 1910
6484 1910 6989 4014
7368 1853 8023 1984
1142 6303 2083 6312
9067 5140 9935 5326
0 0 9595 128
3964 4349 4580 5971
6989 1910 7368 3760
7936 2339 8253 5212
4684 2363 6463 3781
5111 9016 5306 9379
7273 3760 7644 4755
7368 3319 7881 3512
3815 1437 7368 1910
9629 6342 9727 9106
6405 171 8267 1437
3815 835 6405 1437
3352 7710 8318 8601
5737 5212 9067 5535
4995 4722 5737 5535
4995 7213 8465 7709
8317 2339 8753 3177
7469 9015 8806 9830
0 2527 1993 3504
5737 4722 6903 5207
1447 6312 2799 8637
296 4349 618 9830
618 4899 1979 5419
2799 5971 4580 7201
9067 3220 10000 5140
64 4014 4580 4349
1294 128 1993 2527
