6837 3545 7397 4708
8511 2465 9558 4905
2657 8409 3095 9198
5012 4015 5462 4977
2509 1881 2618 7021
2618 5455 7004 6306
6333 390 7273 848
910 5574 1022 6962
1044 1454 5261 1881
910 100 6333 347
253 100 480 5259
1496 1881 2509 7021
9558 2465 9716 4898
3573 8432 4867 9591
7631 2772 8511 4905
209 0 7273 100
7273 0 8081 2124
5261 1454 6837 2649
4338 6397 5054 6900
5307 9168 7433 9585
40 0 209 6522
1463 9616 5692 9858
5261 2649 6837 3247
1001 463 3004 840
4947 347 6333 848
1463 7938 7546 8409
7546 7510 9531 9819
5307 8409 7546 9168
2756 2558 3356 5455
6347 108 7273 390
5899 6640 9037 7323
209 7510 7546 7520
8081 0 8511 2772
480 100 910 7510
1463 7520 7546 7938
4385 5012 5983 5427
910 347 2295 437
1450 7574 1463 8376
8667 5012 9517 6249
3095 8409 3546 9362
8511 1696 9748 2465
1153 1881 1496 5680
910 848 7273 1454
2618 1881 5261 2558
2618 6306 3587 7005
5261 3247 6837 4015
5473 4189 6512 4704
3356 2558 5261 2918
5948 6397 9176 6621
0 8476 1069 9356
9748 0 10000 10000
7944 2253 8081 2320
7004 5012 8667 6306
2618 2558 2756 5455
6837 2124 7631 3545
8511 0 9748 1696
3356 4015 4965 4922
4338 6341 6436 6397
1044 7021 5782 7444
4901 9467 5307 9548
5473 4905 9298 5007
7059 1646 7250 1829
3356 2918 5261 4015
4284 392 4947 838
