1108 7864 2728 8005
4668 487 5373 781
2728 4187 7954 4287
1049 565 1084 1238
3184 8618 3201 8817
2596 3231 4342 3718
3946 9573 6057 9590
1532 150 1958 1508
7130 4397 7738 4480
2596 2226 3136 3182
5277 2567 6176 3673
5661 7795 6209 8223
26 150 1005 534
3064 4387 3363 8005
7531 1965 8705 2313
2728 7258 3064 8005
5661 8223 7249 8565
1035 9105 1616 9449
0 9774 2001 9990
6176 3474 6395 3687
391 8653 777 8711
8418 5584 8809 5985
7697 7365 7867 9573
3759 6960 4416 7214
9778 2174 9997 8305
8286 6121 9638 6747
5449 5113 6882 5691
6557 697 8978 767
3363 4391 4649 4447
1112 6890 1434 7802
4231 9151 5440 9573
2960 4293 7219 4360
3109 9244 3367 9982
461 5270 945 5948
6938 2801 8705 3474
8970 8379 9136 9995
2156 1726 2459 2226
1994 9105 2775 9571
116 6892 1038 7090
1922 1726 2156 3980
9122 4355 9601 5287
3694 1903 4562 2028
2797 782 4596 1219
5440 7365 7249 7795
5272 3692 9398 3845
9305 9527 9887 9976
4170 8042 4231 9573
2960 4360 6782 4387
3473 4059 8958 4126
6176 1777 6309 3401
3363 5113 3661 9001
3936 8097 4170 9573
3974 2028 4342 3231
2960 5057 2977 6670
5771 5838 6069 6294
1991 81 2797 1219
6810 550 8523 609
777 8372 1970 9001
6309 1777 6479 3474
5093 4558 6601 4950
2914 1677 6479 1777
408 2835 825 3664
3672 6960 3759 7354
5258 5779 5771 6676
8705 1915 8976 3692
3661 5138 4166 5694
8966 7921 9742 8271
8548 6747 9638 7214
8182 7214 8801 8393
6601 4558 7685 4950
4249 7365 5440 8042
8896 4129 9122 5240
4342 2028 4572 3718
5661 8945 7249 9237
8286 4822 8373 6062
9136 8379 10000 9527
1990 6559 2344 7864
3694 2028 3974 3231
6479 1915 6938 3474
1687 1726 1922 4927
5771 6294 8286 6747
1441 1726 1687 4927
7954 5124 8097 5941
4487 5694 5258 6103
3155 487 4668 782
3447 140 5407 487
4487 6103 5258 6676
7406 7365 7680 9215
8833 8314 8966 9100
6069 5839 6852 6159
8976 1915 9179 3158
5111 4129 8541 4187
3694 1777 4502 1896
586 3664 1339 4923
7249 7365 7406 9237
2936 1777 3174 2211
8896 5297 9626 6042
3661 8097 3936 9573
4416 5694 4487 6970
1970 8372 3184 9001
3155 81 5407 140
4925 6970 7799 7214
3363 4480 5093 4950
777 9001 2775 9105
7954 4187 8115 5124
2728 4287 2960 7258
239 1508 408 4545
7147 1756 8146 1915
8182 8446 8673 9331
9179 2164 9510 2174
5661 8565 7249 8831
6209 7795 7249 8223
6854 5838 7826 6134
0 0 1958 150
7685 4480 7750 5530
5407 81 6557 782
8290 4226 8893 4741
26 9571 2775 9774
5440 9237 7697 9573
6557 81 6810 697
3167 140 3447 475
6981 330 7720 546
4231 8042 4279 9125
4925 1777 5457 1916
2076 5303 2344 5560
5440 7795 5661 9237
408 1624 7257 1677
1958 0 1991 1508
945 5270 2728 5303
8115 4187 8286 6294
4885 782 6557 1219
9638 3229 9771 3570
8373 4798 8895 5580
5093 4480 7676 4558
7905 4287 7923 4880
3518 3845 7569 3862
1922 4129 2728 5270
3661 9728 8001 9982
3367 9244 3661 10000
2775 9244 3046 9470
8286 6062 9638 6121
6069 6159 8115 6294
7867 7365 8182 9728
1990 5560 2344 6559
5771 5694 7954 5838
7967 2349 8252 2801
942 1726 1309 3506
1084 150 1532 1508
4561 1508 8390 1546
3174 2985 3689 3188
5258 5696 5354 5779
1991 0 9613 81
1616 9105 1994 9571
1991 1219 8577 1488
6938 2313 7925 2749
1434 7550 1865 7682
116 8281 3178 8372
5661 8831 7249 8945
6810 195 6931 522
5771 6747 7799 6970
2596 3718 5210 3845
3759 8042 4170 8097
4279 8042 5440 9151
6395 3474 8705 3692
3759 7365 4249 8042
4487 6676 5771 6970
7799 6747 8548 7214
6557 767 8978 1219
4596 782 4885 1219
31 6192 116 8556
8976 3158 9398 3692
945 5303 1108 6192
9613 163 9930 1534
8978 994 9577 1638
2797 81 3155 782
2344 5303 2728 7864
4468 6970 4925 7210
3661 5694 4416 6960
408 1678 2328 1726
3174 1777 3694 2985
9179 2174 9778 3158
2775 9001 3661 9244
1108 5303 1433 6858
5 7532 26 9709
4793 2584 5272 2867
116 8005 3363 8281
3759 7214 8182 7365
26 565 770 1322
1340 1726 1441 4927
4572 1967 6170 2563
8978 550 9545 993
415 4294 586 4511
9398 3276 9616 3675
9550 81 9610 828
2156 2226 2596 4129
1922 3980 2155 4122
2459 2041 2792 2215
1434 5303 1990 7550
3363 4950 7685 5113
586 4927 1922 5270
