667 6330 7690 6553
794 3249 1472 3307
2952 2654 3827 3668
3162 8115 4000 9254
9730 0 9763 8495
649 2703 667 4270
8389 1046 8611 6200
667 6032 4143 6323
8680 9027 9763 9501
3422 4515 3488 5456
800 7968 1504 9716
2429 6761 3162 8332
4240 574 4885 1014
3162 9254 4293 9576
667 2080 1466 2925
3162 6996 9730 7301
5402 5848 7695 5903
7147 7759 8024 8037
3020 207 5363 561
2279 6761 2429 8332
1987 574 3088 2346
1201 5639 2035 5801
2410 8656 3162 9576
7147 8037 8024 8920
7704 6693 9730 6761
2158 9576 4213 9731
4966 4621 6144 5848
1544 3249 1995 5556
2284 5473 2666 6032
3088 748 3719 888
9029 5305 9730 6200
1253 157 1274 2080
1997 3249 2268 5496
8024 7556 9523 8495
4714 1046 5125 1619
6564 2852 6635 3415
3162 7301 5895 7515
4885 574 9054 929
4656 6553 6027 6640
6067 1965 8384 2340
3088 1791 8389 1965
6144 4621 7704 5071
3088 888 4149 1791
1504 8656 2158 9888
1466 574 1987 2346
1466 160 3014 574
4539 7805 4565 8059
2355 2346 2952 5473
250 1790 559 2010
6579 6625 7676 6676
9383 3987 9431 5108
3827 4621 4966 5473
839 5859 1538 6004
282 2212 656 2703
7147 8920 9763 9027
2158 8656 2410 9576
3162 7556 8024 7759
5902 7329 9461 7556
8024 8495 9763 8920
833 9716 917 9933
794 3313 1544 5639
8611 929 8733 6200
7252 9501 9763 9755
561 0 1253 2080
9054 157 9651 3402
2952 3668 3827 4515
3827 3904 6614 4621
142 4903 250 5867
7704 2346 8219 6200
8733 3987 9029 6200
0 0 112 9465
667 3249 792 5699
5478 7759 6416 9027
3827 2654 6819 2852
4885 929 8611 1046
4149 888 4190 1187
1504 9888 10000 10000
794 5642 1162 5858
2284 3519 2348 3894
1253 54 8847 157
9523 7301 9730 8495
9763 4770 10000 9755
112 7570 1434 7955
5478 9027 7252 9755
9763 0 10000 4770
9054 3402 9651 3987
2952 2375 7385 2654
667 2925 2284 3249
6416 8765 7147 9027
7252 9027 8680 9501
2279 8332 3162 8656
6144 5071 7704 5466
9034 3987 9382 5222
8734 939 9054 2060
112 7968 799 9713
9431 3987 9730 5305
8733 3023 8946 3949
1504 6553 2279 8656
8219 2346 8389 6200
3827 2852 6304 3888
6144 5466 7688 5848
4819 6032 5318 6264
7704 6200 9730 6693
1274 157 1466 2080
1343 6713 1504 7570
1900 5859 2260 6018
6823 2654 7704 4621
3088 1965 6067 2346
4293 8059 5478 9576
2158 9755 10000 9888
3349 5848 4814 6025
6416 7759 7147 8765
3162 6761 9730 6996
9651 0 9728 2656
2666 5473 4966 5848
1466 2346 2355 2925
408 981 561 1790
