4792 7386 5467 8911
6396 3271 7901 3996
601 2961 835 7158
3437 3222 4281 4975
4774 2400 8886 2808
2119 5799 3754 6746
0 2961 368 7554
1192 3232 1367 3244
3583 1473 4827 2033
9202 586 9366 9942
2119 8624 2571 9369
4774 2167 8637 2400
4774 6609 6262 7386
5520 3388 6373 3624
4972 514 9361 586
1288 2150 2444 3058
9366 0 9969 951
8693 4800 8880 9886
2119 6822 3928 7906
4679 5175 4774 9797
4174 6746 4465 8323
7901 2808 8880 4800
5279 4800 8245 5330
4774 2808 7827 3265
0 7991 1829 8273
8245 4800 8681 8578
9368 7175 9688 9696
1192 2048 8106 2148
4972 586 9095 1226
0 492 950 2961
0 191 1599 492
2906 2150 4304 2999
8886 2048 9202 2808
9366 5271 9433 6442
2119 7906 4174 8624
835 5175 1829 7572
4774 9942 10000 10000
5425 4016 7862 4258
3583 1270 4302 1432
4774 9016 7906 9942
4972 1230 5388 2043
950 492 1192 2961
7075 8614 7524 8822
1862 6832 2119 7768
1378 3222 1692 4973
370 2961 589 7226
1192 492 1599 2048
9486 5283 9999 6907
1818 3222 3335 3890
1829 5562 2071 5751
0 9369 4679 9797
5725 5330 8223 5369
4309 2150 4578 5056
5467 7386 7075 9016
1975 4084 2537 4833
8880 2808 9202 9942
7075 5369 7662 8614
7906 8614 8682 9942
0 0 9366 191
4972 335 9352 514
0 9797 3702 9982
0 7572 1829 7991
9486 987 9973 5098
1599 1014 3583 2048
4774 3271 5203 5106
7662 5369 8080 7422
6262 5369 7075 7386
835 4988 4309 5175
5725 5369 6262 6609
6446 191 8743 315
2571 8624 4679 9369
5388 1230 9202 2048
835 2961 1192 4988
0 8273 1829 9369
1599 191 4972 1014
4774 5330 5725 6609
