5638 2999 6896 3397
2979 6497 4255 8091
2253 8091 2515 9667
6130 1768 6387 2937
3033 0 10000 219
5432 6816 6139 7189
283 5212 1367 5257
283 2813 1855 2852
7551 1382 7706 5899
2912 5202 4583 6139
965 428 3079 1125
9119 1091 9254 9238
4753 6679 4909 8434
9650 6133 9995 9969
1850 7131 2253 9971
646 3108 2688 3997
3475 409 4474 764
0 0 169 2194
444 6497 2554 6794
192 0 799 1881
283 4891 3137 5052
8238 8403 9099 9629
283 6794 2253 7131
4640 1768 5259 6100
6150 9784 9255 10000
6972 8370 7419 9658
2253 9667 4255 9971
3475 801 9504 1091
5638 3412 6724 3795
6150 9658 9255 9784
965 1480 1862 1980
444 6139 4565 6497
0 8318 501 10000
4565 6139 5011 6480
1547 7131 1850 9971
283 4094 1375 4891
7107 1768 7551 4867
501 8318 1490 9888
2253 6794 2554 8091
8644 5720 8925 6657
5313 8109 5769 9350
4166 1382 4385 3616
0 2204 192 7131
7419 8380 7726 9324
9504 4944 9726 6074
2515 8091 4255 9087
3475 1607 3945 4094
293 5257 444 6689
6233 3884 6264 4946
7086 5899 7706 8370
3972 4345 4559 5001
3475 773 8213 801
4255 6497 4726 9799
965 219 4258 407
6900 1768 7000 2940
0 7131 1547 8318
283 5052 3137 5202
7799 1382 8238 9635
9507 219 9710 4625
3475 1091 9119 1382
8238 6552 8644 8403
1375 4345 3137 4891
2554 6497 2979 8091
2429 9971 3088 9980
283 3108 646 4094
1375 4094 4166 4345
4909 6497 5298 9949
192 1981 1866 2802
6150 6689 6972 8628
4751 8434 4857 9390
4583 1382 4640 5283
192 1881 965 1981
799 0 965 1881
5638 5181 6972 6689
646 3997 3475 4094
8644 1382 9103 4935
2333 5202 2912 6139
192 2802 283 7131
965 1125 1862 1480
283 2852 2688 3108
444 5257 2333 6139
9255 1091 9504 6133
7706 1382 7767 2681
4640 1382 7264 1755
6157 8628 6972 9625
8238 3127 8600 3567
6156 317 8242 769
2688 2852 3475 3997
5787 7359 6150 9620
3137 4345 3972 5202
9728 219 9999 5919
1136 0 3033 214
2930 9087 4170 9602
9255 6133 9650 9976
6974 3884 7086 6939
1866 1125 3475 2852
5301 1768 5632 6143
