6261 9491 7554 9804
2002 4817 3251 5491
6275 7394 6423 7843
7315 103 7468 2993
3028 4123 4602 4398
6632 6341 6845 7904
6059 401 7315 1649
4794 4383 5961 5257
521 5094 598 7972
3251 4817 3421 9852
1402 7700 2206 8453
5924 2303 6919 2863
261 7972 1085 8386
598 5201 2002 5363
5961 3107 7681 3788
1402 9852 2628 10000
594 8386 1085 9684
4628 5882 4720 8419
1380 6792 2428 7085
3850 5588 3930 8331
9423 9039 9483 9707
3028 4398 3329 4459
2035 103 7315 347
7554 9097 8377 9646
1615 4605 2002 5201
8013 6217 9245 6340
6563 6341 6632 8575
1851 3796 3028 4605
7194 4088 7533 5471
9958 4391 10000 8821
3930 4398 3956 9015
4720 6019 9329 6217
5039 1330 5924 2182
6632 8089 8217 8227
9456 1330 9462 3138
1877 8509 2313 9486
5924 347 6059 1649
5150 8086 5292 9658
5039 1236 5924 1330
1863 399 2081 1235
598 5363 1905 5606
8787 7571 8996 8940
8529 6520 8996 7571
5292 8086 5459 8183
167 239 294 7972
1226 6234 1776 6376
3956 5882 4582 8868
2104 757 3993 1196
6882 6341 7183 7913
8182 3438 8644 4068
896 1148 1699 2586
2077 1555 2147 3399
0 239 167 3079
5961 4088 7059 5114
1776 6234 3220 6386
8529 7571 8772 8727
5734 6827 5793 9489
9512 1330 9992 4315
598 5094 1615 5201
9398 1330 9455 4215
2821 1804 3984 2127
4720 5882 8462 6019
1402 7085 2428 7700
9462 4391 9774 5730
7587 103 7742 1240
294 239 521 2416
7782 4102 8380 4607
9774 4568 9883 5377
5150 6603 5822 6827
598 5979 3251 6234
8078 6520 8135 7616
4714 1236 5039 1823
3956 4779 4543 4832
521 103 1699 1148
3930 9015 4361 9250
2147 3154 5961 3399
2428 6792 2850 8453
521 1148 738 5094
2850 6832 3248 9852
4094 757 4529 1232
2833 381 5924 757
2206 8254 2408 8394
6632 7994 7967 8089
4720 6217 5150 9305
6840 2030 7271 2098
261 8386 594 10000
884 4605 1615 5094
8217 6520 8529 9039
1384 7085 1401 9362
0 3079 167 10000
6530 362 6951 401
2628 9852 3663 10000
1741 1228 1851 1542
4794 5471 7533 5882
1085 7085 1369 8324
7241 8575 7747 8850
1085 8518 1361 9680
9467 3853 9512 4391
1085 6517 3251 6792
884 2806 1575 4363
3303 3399 4602 4123
1851 347 5924 381
2491 2182 5924 2428
5924 1649 7315 2030
3663 4398 3840 10000
4602 4383 4794 5257
8462 4102 8628 5914
8681 1595 9354 2848
5822 6603 6261 9804
3604 1659 4217 1772
177 7972 261 8496
7211 9039 7430 9166
2451 381 2833 695
8529 8809 8768 9034
0 103 521 239
3956 5471 4794 5882
3840 9804 9483 10000
2147 1772 2491 2993
4602 3399 5961 4383
5150 6827 5734 8086
2002 4610 2673 4817
3028 3399 3303 4123
8665 5730 9285 5981
2313 8946 2850 9852
8786 9749 9388 9794
5961 3788 7782 4088
5961 5114 7059 5471
2002 5491 3251 5979
9397 0 9615 1140
738 1148 884 5094
598 6788 1085 7972
7533 4088 7782 5882
3840 9658 5623 9804
3840 9305 5150 9373
294 2416 519 7551
598 6517 1085 6788
598 6390 3055 6517
7468 1005 7530 2708
7771 650 9270 986
0 0 4115 103
7212 6374 9391 6520
3421 6498 3592 7981
7059 4088 7194 5471
9702 218 9900 1075
7815 5170 8449 5751
7587 1319 9364 1565
9483 6520 9958 8821
4529 757 5924 1218
2153 3527 2318 3796
5150 6217 6563 6603
1699 1542 1851 4605
1976 103 2035 318
2491 2428 5190 2993
1085 6792 1380 7085
6261 8575 7211 9491
5190 2428 5924 2993
7212 6520 8036 7855
2147 2993 5961 3154
9329 5730 9738 5768
3956 5257 5961 5471
6896 0 7667 77
8136 6520 8217 8084
7587 2767 8104 2800
6632 8227 8217 8575
8996 6520 9483 9039
1851 1235 2077 3399
3840 9373 5150 9658
4529 1218 5924 1236
594 9684 1402 10000
2077 1235 4529 1555
7782 2993 8150 4085
9483 8821 9967 9757
2313 8453 2850 8946
