2106 3115 9685 3277
6358 0 9106 1146
2106 4014 7360 4898
4378 2584 6416 2647
0 3115 224 4943
5274 7773 5918 8275
707 1812 2630 2104
7975 8850 7994 9035
6623 9388 7025 9879
1311 2234 5620 2384
6358 1146 9106 1563
224 3261 1327 4099
2452 9341 3685 9995
607 4943 1317 5359
0 0 377 3115
377 0 1115 1563
4890 2384 8090 2584
6270 7168 6546 8812
2960 1812 5620 2234
7340 5176 7390 6467
7224 6532 8903 7034
1389 3115 1915 4799
123 4943 604 8029
2075 8519 2452 9999
1115 1068 4015 1563
2267 781 3966 965
8978 5734 9547 7479
607 5359 1317 5941
607 5941 1316 8197
6264 9035 9434 9388
9106 0 9358 1563
4919 5176 6304 6408
6654 5835 7119 6568
2405 5248 4217 5712
1311 2104 2630 2234
2405 5771 3060 6157
2405 6544 6546 7168
5620 1812 9585 2103
4919 4898 9644 5176
2452 8519 6264 9066
123 8519 2075 9371
123 8275 5918 8519
9434 8402 10000 10000
8090 2438 9123 2497
9358 614 9491 1800
9585 0 9812 2800
7360 4144 9629 4362
377 1563 9358 1812
7634 7168 8478 8402
3591 6190 4168 6251
0 4943 82 10000
1311 2384 4887 2582
2630 1812 2960 2234
9644 4898 10000 8402
377 1812 707 3115
3060 5771 4461 6024
2995 7773 5274 8275
6573 5176 6654 6607
2106 3948 9153 4014
224 4099 1317 4943
7360 4436 9997 4898
7025 9388 7830 10000
3687 9349 4860 9471
1311 2800 9589 3115
4015 0 6358 445
707 2104 1311 3115
2405 7191 6256 7773
2452 9066 5372 9341
82 4943 123 9361
4015 1119 5634 1436
1389 4898 2405 8275
5918 7773 6215 8506
6546 7168 7634 9035
6833 7095 8440 7168
4015 445 6358 1119
1228 912 2267 1068
5620 2103 7942 2370
4520 4898 4919 6544
9812 0 9997 3972
1700 2683 4711 2777
82 9371 2075 10000
3687 9471 5281 9923
8478 7168 8978 8402
2419 4898 4520 5240
5377 9066 6264 10000
1115 1 1800 906
2106 3279 9704 3938
2405 7773 2995 8275
1317 4099 1389 8275
7830 9388 9434 10000
