7641 7066 9981 7197
1464 8142 4294 8193
0 3436 4202 3655
1940 7200 9295 7235
4729 8748 10000 8799
0 8312 4759 8387
0 9712 5987 9734
1973 2779 9730 2810
385 8440 7399 8492
0 6498 9483 6509
801 6654 7641 6682
0 9734 10000 9801
9211 290 10000 519
1023 2481 10000 2514
3592 4189 10000 4252
0 5110 10000 5167
0 4745 8853 4754
340 5181 375 5628
8853 4267 9894 4910
5677 5812 10000 5969
1458 3049 2246 3258
1220 2109 4603 2331
1220 2334 6501 2401
6501 2334 10000 2401
1023 2575 9121 2591
4187 1000 5960 1071
0 7341 10000 7454
4132 2698 6331 2741
1220 1457 10000 1534
1220 1801 4260 1860
3592 4477 8366 4531
1470 7162 1613 7195
9318 8109 10000 8748
3626 8932 6181 9018
3522 3049 6553 3263
1023 2537 6276 2560
2581 3723 10000 3798
0 4044 5985 4091
0 442 4512 519
0 4956 8853 5043
0 4531 8366 4586
1603 1277 3492 1292
783 389 5892 442
8740 290 9211 442
1632 5181 9112 5188
0 3377 10000 3436
385 8495 7225 8544
1220 1860 10000 1916
6001 884 9150 996
5892 387 8740 442
685 4189 3000 4402
2723 1534 3996 1735
2581 4004 10000 4044
0 5812 2331 5958
2815 9284 6964 9355
0 6729 634 7240
0 5969 4221 6278
1399 4766 8853 4845
0 7568 8668 7659
0 7734 9083 7768
0 347 8740 387
1458 2962 7003 2988
155 8793 217 9466
1299 9643 9136 9667
1458 2810 9506 2932
4221 6242 9791 6278
0 1074 3467 1111
1023 2401 5485 2481
5485 2401 10000 2481
0 7330 9927 7341
0 338 6511 347
0 5103 9326 5110
0 5167 10000 5181
0 7454 10000 7568
6267 3798 9794 3954
8320 8222 9272 8529
5322 6321 9791 6424
1220 1379 7878 1449
1399 4754 8853 4766
1410 4616 8366 4745
1220 2050 8835 2109
1545 975 5992 1000
0 6585 9483 6615
4221 5969 10000 6056
112 1151 1023 1535
190 549 4529 571
1458 3258 3522 3263
1220 1363 7878 1379
0 3655 10000 3711
4446 8829 5495 8844
2246 3049 3522 3258
0 6509 9483 6537
5406 6682 7009 7198
5870 9018 8712 9273
385 9385 4298 9484
0 9801 10000 9967
1220 1534 2723 1801
385 8799 8915 8828
0 8021 8682 8068
0 8387 8320 8440
0 3723 2265 3960
1632 5242 9349 5264
2581 3798 6267 4004
1632 5420 9890 5507
0 303 8685 334
0 7915 6818 8003
3592 4278 8366 4477
4260 1555 8261 1599
880 8222 8253 8270
0 6450 8056 6498
7878 1363 9984 1451
0 4093 9958 4159
1632 5265 10000 5361
0 3711 10000 3723
3592 4252 8853 4278
1866 4177 8113 4189
0 4754 1399 4845
2815 9018 4455 9284
0 9974 10000 10000
0 4586 1410 4682
0 672 9154 803
4729 8544 9318 8613
4221 6056 5993 6242
2630 7693 7956 7729
721 8862 9965 8876
1632 5544 3455 5584
2920 1978 9001 2046
0 25 759 94
1023 2606 4933 2644
5322 6278 9791 6321
1235 1449 5213 1457
4202 3436 10000 3655
0 2810 799 3284
0 4682 1410 4745
843 6936 1470 7177
0 5063 9615 5097
5200 6615 7362 6648
4604 2217 9902 2334
5993 6056 9725 6242
1023 2645 8588 2683
0 7240 10000 7330
4413 7671 5580 7690
1632 5361 9753 5419
1023 2514 10000 2537
4294 8142 8411 8221
0 6424 9791 6450
0 6278 1150 6424
4729 8613 9318 8748
0 9967 9511 9974
1220 1292 10000 1363
1458 3358 10000 3377
4455 9018 5870 9284
3831 4602 5182 4616
0 519 10000 549
8468 6724 9346 7066
8366 4278 8765 4732
6553 3049 10000 3358
1150 6278 5215 6388
1632 5188 9745 5241
4512 442 9211 519
0 6537 9483 6585
0 254 10000 290
2208 847 7266 880
4206 8544 4521 8751
249 5736 7736 5812
9791 6056 10000 6654
385 9018 2815 9385
801 6682 5406 6936
1458 2988 10000 3049
9136 8876 10000 9668
0 94 10000 254
9483 6450 9791 6654
385 9486 3095 9635
437 9668 9483 9677
0 8109 8955 8141
1220 1916 10000 1978
1105 1151 1220 2350
0 4856 8853 4956
3446 1151 3931 1208
1033 7771 9976 7887
3889 7891 9497 7915
1458 3263 5684 3339
0 5043 4577 5046
0 4845 8841 4856
1470 6936 5406 7162
