0 1322 9602 1359
119 9003 10000 9060
6812 5801 9420 6226
2480 2505 7111 2534
7639 9091 8800 9463
5786 9100 7639 9280
0 5693 10000 5734
1844 720 2464 819
7476 2650 8425 2667
733 9060 7536 9073
0 439 6673 471
0 5379 9797 5406
6241 6745 9490 6768
8816 4744 9834 5262
0 6302 10000 6377
119 8962 9401 9003
0 2195 10000 2293
6468 4744 8816 4915
0 9617 10000 9666
0 1895 8486 1972
6778 7401 10000 7493
2045 2818 6215 2852
0 3904 3712 3979
0 6421 8836 6435
0 9766 752 9995
0 3849 3319 3904
0 1139 9602 1184
0 4252 10000 4360
0 2146 10000 2195
8800 9091 10000 9463
5799 1769 6477 1835
735 184 10000 197
0 2862 1370 3031
0 1411 8476 1442
205 1444 8671 1504
0 6377 6387 6413
7246 8600 9281 8879
0 4541 10000 4744
2311 5734 6702 5772
0 6269 1607 6302
752 9882 10000 9919
1705 1630 1885 1724
519 8175 8073 8231
709 7493 4743 7675
119 8921 5198 8962
0 1306 5893 1322
752 9987 10000 9995
752 9919 10000 9987
0 5182 8816 5341
0 2667 8610 2713
0 120 735 439
119 9463 10000 9605
119 9280 7639 9463
935 4522 6839 4541
0 5406 10000 5554
5295 7775 9662 7846
554 3031 2347 3239
752 9846 10000 9882
9085 2363 9109 2711
0 6768 10000 6790
1867 7115 10000 7151
119 8424 8040 8492
5683 6652 6876 6723
0 2713 8610 2765
3974 3468 7008 3674
1720 2408 4546 2504
1867 6790 10000 6829
0 6550 10000 6652
2321 4464 9224 4510
119 8496 8004 8591
0 2113 8376 2146
735 124 9442 184
3319 3852 9933 3901
0 1047 10000 1139
0 6546 8753 6548
0 4360 10000 4464
0 7198 1867 7401
9602 1139 10000 1504
119 8600 5896 8861
0 4251 7309 4252
5440 6829 10000 6876
3774 3904 10000 3979
0 829 9942 901
1867 7248 5396 7353
0 3031 554 3279
0 9995 10000 10000
1867 6829 5440 7039
0 0 9223 103
0 9686 9981 9737
0 917 9055 1037
0 9605 9693 9617
119 7913 9985 8000
0 3674 9411 3809
0 2765 8610 2818
0 1391 9446 1411
1867 7151 9829 7242
0 6790 1867 7198
2211 4744 6468 4912
0 9666 10000 9686
614 1046 8347 1047
0 1359 7793 1387
3718 8119 8235 8166
949 644 6137 720
231 5801 6752 6070
0 1190 9602 1205
0 1835 10000 1895
0 1205 9602 1219
9401 8231 10000 9003
3662 2363 5575 2376
0 2293 9476 2345
554 3239 6612 3278
0 5554 10000 5693
0 6436 9528 6506
735 271 8088 420
0 1504 10000 1547
752 9819 2865 9846
0 4915 6851 5168
2347 2858 2358 3112
0 6070 6615 6232
0 2034 5999 2113
119 7859 4197 7912
0 5341 9970 5374
9088 1547 10000 1835
0 6506 10000 6546
119 9076 7150 9091
119 9091 4848 9264
0 7493 119 9605
0 1184 9602 1190
0 104 8048 120
1982 8231 8300 8423
735 197 10000 271
0 3979 10000 4166
495 3279 5211 3358
0 7401 4256 7488
0 3818 9919 3849
0 1219 9586 1299
0 4166 7652 4242
199 1547 9088 1622
1867 7039 10000 7115
6700 6876 7759 6933
