0 5143 10000 5168
0 8328 9397 8388
4609 8700 6083 9130
0 5348 9318 5450
0 8388 9397 8443
5329 4222 5937 4413
0 3684 8620 3800
0 7040 10000 7051
560 1926 8067 1975
0 5470 8123 5523
0 5529 9602 5573
0 2670 7994 2867
2033 5907 9506 5920
3358 4610 10000 4703
1343 9451 1927 9482
0 6127 10000 6227
1062 7337 3677 7371
0 6313 9952 6477
782 8560 7991 8615
282 7799 8580 7913
0 9594 9948 9658
4859 8615 9247 8653
0 4799 10000 4962
1609 8615 1830 9117
0 6834 5233 6859
0 6479 10000 6611
0 7051 10000 7233
3013 8727 4097 8812
0 157 8630 244
0 2917 9885 3099
8408 6812 9357 6827
5528 9869 6297 9916
0 4180 4208 4213
0 6943 10000 7040
0 661 10000 697
0 8290 7817 8292
3929 9828 5508 9954
3048 9221 7412 9289
0 5252 7495 5261
3847 8470 7500 8487
0 9659 10000 9692
0 6227 9955 6306
0 9324 9872 9441
0 5703 5596 5851
0 9826 2347 9828
2346 1022 5579 1352
0 3937 4213 4110
0 294 8551 409
0 8292 9397 8328
4530 6714 7279 6737
3682 2192 6036 2426
0 5263 8630 5340
0 3810 8571 3866
7817 3100 9347 3371
0 1444 6942 1733
0 7233 8621 7321
0 638 10000 661
0 697 10000 853
0 7638 7914 7798
0 409 10000 418
0 418 10000 491
0 7403 9858 7632
0 65 10000 157
0 907 10000 926
0 0 10000 65
634 9482 8240 9580
1428 1352 5505 1438
9489 8442 9553 9083
0 8177 5881 8223
57 5083 9942 5143
0 2557 8895 2649
0 4610 3358 4703
0 491 10000 638
0 5168 10000 5252
1951 8812 4609 9130
0 3493 8529 3575
0 926 10000 1022
0 1022 2346 1352
349 3371 9441 3490
0 8443 9397 8470
2475 1855 7978 1922
5579 1022 10000 1352
0 4962 9974 5083
6297 9692 10000 9916
0 4519 8101 4610
0 5920 9612 6015
0 3575 9670 3683
0 853 10000 907
0 6624 8005 6673
5508 9916 10000 10000
0 7928 4055 8169
0 6859 10000 6943
0 6673 10000 6714
0 4703 9659 4799
0 6018 10000 6127
2742 6017 3066 6018
0 9130 10000 9221
1307 3100 7795 3352
0 2429 8790 2522
0 5573 9873 5700
