0 5655 8205 5689
5973 7856 7565 8001
6396 2578 6913 2616
0 1565 9516 1607
0 5251 10000 5306
0 1831 10000 2075
4220 6494 7311 6758
0 6758 10000 6870
2652 2727 9624 2765
0 2431 4786 2564
0 9259 9707 9290
0 4820 10000 4883
5489 7698 9354 7823
1779 8651 4079 8944
0 5340 10000 5390
0 3889 3118 4251
0 3141 10000 3182
0 4316 10000 4323
0 1317 10000 1339
0 1506 10000 1565
6175 414 7062 479
1467 5763 6992 5867
0 6870 6316 7007
0 4607 8375 4637
0 8508 6955 8573
0 4288 10000 4316
90 9686 8101 9720
0 4701 3077 4722
86 1827 8572 1831
0 6252 7509 6302
5420 4530 7797 4554
0 1371 10000 1451
0 5306 10000 5340
0 2669 10000 2727
0 5637 10000 5655
1726 2995 2994 3004
0 5689 8530 5751
0 6324 7558 6392
0 4725 8539 4820
1183 3182 9000 3435
0 1339 10000 1371
0 1451 10000 1506
0 2625 10000 2669
8101 9686 10000 9915
2 8001 4729 8089
0 8425 8248 8487
7111 876 7113 1131
0 8487 10000 8508
3559 3788 9936 3811
5133 3665 8904 3774
4487 7303 6505 7586
0 5490 10000 5637
2837 8102 8966 8103
0 161 9109 232
0 5944 10000 6191
0 3052 9920 3094
0 6494 4220 6758
0 8309 10000 8425
0 3467 7985 3545
0 1609 9906 1808
0 6191 9961 6252
0 6392 10000 6494
0 7093 8523 7298
0 5390 10000 5490
0 9189 9070 9248
3018 4883 9788 4933
0 4323 10000 4491
6966 4934 8241 4986
0 4491 10000 4530
0 4986 9915 5040
0 9132 9981 9178
0 9507 10000 9686
7113 830 9656 1250
379 335 1048 405
0 5115 8458 5251
7311 6494 10000 6758
0 9340 8900 9507
0 2075 10000 2300
8248 8425 10000 8487
0 0 4821 73
3559 4065 8537 4288
1600 7303 3556 7637
4753 3820 6044 4053
0 8124 8835 8309
0 9915 9340 9954
0 2808 10000 2995
1216 9954 9821 9997
0 9290 3565 9327
0 5867 10000 5944
0 8944 9090 9121
0 2770 9036 2808
0 2616 10000 2625
0 4645 876 4676
0 3094 2214 3141
0 3004 8520 3045
0 5046 9719 5114
0 9720 8101 9915
0 577 6956 776
0 1250 10000 1317
0 2300 5008 2409
2214 3094 10000 3141
