0 7890 10000 8158
0 2614 10000 2648
0 1643 2613 1750
0 1922 10000 2224
0 6277 10000 6416
0 7144 2594 7197
1749 7837 8962 7890
0 5357 6452 5613
0 4269 8058 4292
0 4292 5078 5218
0 1895 8013 1922
0 198 10000 273
0 4096 10000 4269
0 6735 8739 6898
0 7245 10000 7516
4619 5218 7420 5312
0 9302 10000 9411
0 6118 3714 6202
0 6416 10000 6496
0 6496 8447 6595
0 3095 9769 3161
7844 4300 9147 4805
0 2793 9835 3090
0 5961 1697 6095
0 1305 10000 1452
0 9142 10000 9302
0 7006 7858 7143
2431 9812 8582 9899
0 6219 7428 6277
1756 1134 9339 1191
0 8929 10000 9012
0 9012 10000 9142
0 8488 10000 8682
0 421 10000 577
0 273 10000 319
1231 3877 7554 4096
0 8460 10000 8488
0 9411 10000 9528
2764 6648 7589 6735
0 2224 10000 2614
0 8761 6619 8796
0 9528 10000 9538
2916 7516 8230 7517
0 5698 3397 5783
0 5 9301 56
0 2648 10000 2793
0 8158 10000 8460
0 9538 3253 9721
808 7241 3869 7245
0 319 10000 421
8962 7517 10000 7890
0 1191 10000 1305
0 1452 9722 1630
0 8682 10000 8761
0 56 10000 198
0 8919 9073 8929
0 577 4622 841
