0 9688 10000 9794
0 1436 10000 1514
0 9981 10000 10000
0 3528 10000 3590
0 1883 9001 1927
0 9145 10000 9277
0 3590 5542 3768
0 6663 8522 6722
0 1123 10000 1220
0 677 8091 1057
0 8912 2769 9145
0 5514 10000 5649
1997 5761 8462 6220
0 1220 10000 1314
0 5075 10000 5146
0 349 3823 658
379 0 5505 289
0 8259 10000 8472
0 2188 8464 2238
0 3933 10000 4096
0 4618 10000 4855
0 2959 9668 3143
0 4096 5615 4175
3149 2735 9702 2873
0 7417 7979 7695
3400 8607 5578 8785
0 9277 10000 9393
0 5356 10000 5377
6701 1062 9067 1094
0 5761 1910 6285
0 1629 3838 1842
0 3143 10000 3229
0 3776 1491 3819
0 1514 10000 1629
0 9393 10000 9526
0 1314 10000 1406
0 7708 3889 7739
0 2445 9539 2507
0 3819 10000 3933
0 8472 10000 8607
0 5236 10000 5356
0 9818 8589 9825
0 8800 9651 8860
0 3229 10000 3467
0 1103 4358 1123
0 3467 10000 3528
3267 6817 8694 7095
0 7100 7240 7180
1193 4500 6676 4618
0 9794 10000 9818
0 1989 1222 2168
0 5649 10000 5761
0 6319 7184 6646
0 5377 10000 5514
5623 131 9756 361
815 2874 9732 2916
0 1406 10000 1436
0 9619 10000 9688
8108 7188 8896 7264
0 8106 10000 8259
0 4855 10000 5075
281 2239 9890 2427
0 7756 6811 8106
0 9526 10000 9619
0 5146 10000 5236
0 9826 10000 9981
