0 8628 9994 8731
0 3688 10000 3786
0 2967 4197 3201
0 4288 10000 4425
0 2515 10000 2696
0 6745 6791 6973
0 4619 9390 4799
0 3243 2099 3244
2029 1471 3584 1919
0 3641 10000 3688
0 9324 10000 9358
610 2266 7327 2400
0 6609 9564 6733
4667 3506 6373 3624
5909 524 8808 633
0 2881 10000 2957
0 0 10000 52
1835 7273 8880 7408
0 7881 10000 8031
0 8387 8693 8438
0 7522 5099 7612
0 3633 10000 3641
0 5019 10000 5152
0 2790 10000 2881
0 8272 5806 8361
0 6404 10000 6440
0 8031 10000 8107
0 2025 10000 2092
0 740 9920 1006
0 2696 10000 2790
0 52 1668 335
0 2092 10000 2207
2781 2207 9202 2245
0 6440 9807 6448
0 8107 10000 8272
0 6449 10000 6526
1535 9907 4876 10000
0 4231 10000 4288
0 1431 4314 1458
0 9400 10000 9603
0 1980 7515 2025
0 2405 5508 2515
3692 8742 7151 8769
577 7612 2119 7768
0 4425 5338 4528
0 2957 10000 2967
0 1303 6447 1407
8919 5152 10000 5750
0 3786 9651 3891
1236 5750 1830 5827
0 9603 10000 9797
7120 5368 7593 5574
0 4537 9533 4619
0 8977 10000 9163
286 4044 2537 4231
0 5152 8919 5368
2119 5844 7620 6238
0 9358 10000 9400
1668 52 10000 216
0 335 8082 432
0 9797 9255 9871
0 7777 7423 7881
0 3624 10000 3633
0 1014 9066 1281
0 4809 7092 4920
3557 7035 7663 7244
0 6238 10000 6344
0 4938 8042 5019
0 6344 10000 6404
1668 216 10000 249
0 9163 10000 9324
3584 1471 9992 1958
0 3912 8648 3998
0 8769 10000 8977
1668 249 10000 335
0 6526 10000 6609
