0 8743 8721 8880
0 8270 6626 8398
0 1480 9810 1506
0 5447 10000 5477
3625 7904 6856 8078
0 6265 9399 6416
6899 3049 7915 3087
0 5953 10000 6013
0 2697 3633 2839
0 6425 9953 6584
0 6114 9283 6139
0 2911 10000 2944
0 1262 8329 1480
0 1509 8823 1575
0 8226 6148 8266
0 6013 10000 6091
0 8417 7270 8440
7169 6821 9312 6876
7158 284 9099 391
0 5347 10000 5373
0 1123 8205 1168
0 2121 9883 2325
3254 1796 8554 1799
0 5531 8090 5695
0 5373 10000 5447
0 1596 10000 1675
0 2592 9685 2695
5329 7233 8487 7473
0 7233 5329 7614
0 2839 10000 2911
2303 392 5680 418
0 8078 10000 8103
0 9930 8744 9982
0 8440 10000 8523
0 736 10000 791
0 1720 10000 1796
0 7880 9685 7904
0 3287 6299 3389
317 2455 5475 2588
3597 5477 7807 5510
0 819 10000 876
0 9410 8011 9416
0 3525 9800 3628
0 4527 10000 4748
4449 7054 5976 7201
0 4915 6334 5112
0 3629 10000 4146
6467 472 8880 736
0 1799 10000 2005
0 6676 9595 6754
0 8884 9914 8942
0 8159 10000 8226
0 5700 9963 5827
0 9439 9754 9581
0 2944 9853 3021
0 4465 10000 4527
0 5827 9945 5953
0 9004 9990 9247
0 4748 8258 4881
6354 5264 9859 5307
0 5307 10000 5347
0 876 9985 896
0 1575 9688 1596
0 9840 9823 9924
2031 7208 9648 7233
0 3389 7724 3452
6856 7904 10000 8078
672 8634 8336 8708
0 896 10000 1078
0 1675 10000 1720
0 4171 6862 4415
0 7614 10000 7880
0 9595 8819 9635
0 6755 9313 6810
0 3087 8791 3244
0 6614 9488 6676
0 9925 7686 9930
0 791 10000 819
0 1179 7662 1231
0 9635 10000 9840
0 9252 9284 9384
0 8103 10000 8159
0 6091 9275 6114
0 0 7309 171
0 4415 10000 4465
0 8523 10000 8634
0 2005 8143 2081
0 3460 9252 3523
0 7904 3625 8078
3316 8942 9850 9003
0 1078 9899 1123
