0 263 10000 275
0 8052 10000 8068
0 3239 10000 3280
1415 8471 2263 8503
0 275 9392 319
0 656 9013 758
0 2498 10000 2544
0 5595 9031 5702
0 4477 10000 4508
3634 598 4083 630
0 81 10000 241
0 2906 7725 2972
0 1851 7903 1961
0 3073 10000 3138
0 2626 10000 2646
3583 9380 10000 9410
0 4037 10000 4115
0 2232 5471 2360
2870 5235 8720 5254
7811 9838 9968 9935
0 0 6488 81
8526 1873 9679 2097
0 9430 10000 9712
0 5702 8542 5747
0 3908 8083 3927
0 2646 10000 2660
0 1399 6047 1510
7810 6195 9752 6529
0 6651 10000 6813
0 1961 8480 2097
0 1182 2915 1239
0 6529 10000 6632
0 241 10000 263
7011 7950 8527 8037
0 8863 10000 9073
863 3623 5448 3674
0 8068 9780 8100
2091 4381 6985 4468
4166 320 9188 435
4858 9073 7681 9238
0 8037 10000 8052
0 6977 4318 7040
0 833 9795 915
0 2845 7524 2906
1044 3566 9834 3621
4842 6977 9410 7163
1522 7186 5997 7299
2002 2394 4859 2475
4867 2459 9314 2498
0 1306 3851 1375
80 1140 9002 1173
0 6194 7810 6529
0 3138 9556 3145
0 8217 8887 8228
0 4468 10000 4476
203 2660 9903 2685
0 9362 10000 9380
0 1722 8972 1806
0 7853 3238 7884
0 7678 5988 7834
3165 2987 7423 3012
0 2610 10000 2626
0 5254 10000 5411
0 9410 10000 9430
0 6644 9292 6651
0 5924 8845 6015
0 2743 6773 2828
0 3200 10000 3239
0 2544 10000 2610
5175 7889 6713 7943
0 4476 10000 4477
4698 9712 9688 9795
0 3148 10000 3200
0 8107 6889 8151
0 3012 10000 3073
0 8407 5523 8434
0 4262 6087 4295
0 8230 9956 8407
0 1648 9634 1719
0 771 4595 833
0 8526 10000 8672
0 7310 6797 7339
0 9899 7811 10000
1947 3445 8975 3528
2464 973 5057 1045
0 4795 7189 4847
0 4115 10000 4162
0 4015 10000 4037
0 1077 7944 1138
0 9853 5624 9899
0 439 8909 441
0 6813 10000 6977
0 4162 10000 4262
0 2705 7267 2708
1154 5411 6600 5470
0 7058 4679 7175
800 5790 2012 5904
4067 7339 6054 7438
0 8672 10000 8863
0 3280 10000 3345
6488 0 10000 81
0 6632 10000 6644
0 7444 8315 7483
0 6049 7939 6194
1199 3345 7723 3407
0 5756 9949 5789
1335 4610 3136 4718
0 3927 10000 4015
0 1510 10000 1582
8464 7596 9005 7651
0 4610 1335 4795
0 9353 4019 9362
0 9380 3583 9410
0 5084 3617 5230
0 3713 9978 3905
0 8151 9844 8216
0 2097 10000 2232
0 4508 10000 4610
0 4898 6481 4940
379 3684 6813 3698
0 8503 10000 8526
0 1582 10000 1648
0 4861 2920 4895
