0 8278 10000 8623
0 7553 10000 7633
0 6609 10000 6666
0 4595 6044 4813
0 9740 10000 9759
0 3881 3867 4239
0 8767 10000 8862
3784 5157 9590 5217
0 8035 9729 8278
0 3752 1397 3846
0 2747 9194 2757
0 2400 8187 2467
0 513 10000 563
0 2956 7487 3126
0 1454 10000 1638
0 7176 10000 7262
0 9658 10000 9740
0 4840 7362 4991
0 1638 9600 1719
0 7262 9900 7263
0 9051 10000 9403
0 978 6017 1144
0 79 9915 221
0 7263 10000 7292
0 7292 10000 7339
0 8623 10000 8767
0 6123 10000 6140
0 9796 10000 9863
0 2757 10000 2848
0 424 10000 513
0 1719 6351 1806
6116 4307 7101 4535
3337 5347 9459 5639
0 7633 10000 7708
0 239 9224 424
0 9422 10000 9658
0 9012 9371 9051
0 8944 9843 9007
0 9863 9391 9963
0 9759 10000 9796
0 6948 10000 7007
0 7339 10000 7390
0 6440 10000 6512
3872 3881 7143 4023
998 6239 6749 6320
3453 1415 3833 1454
5245 2848 6589 2946
411 3515 3718 3697
0 2626 10000 2747
0 8862 10000 8922
0 8922 10000 8944
0 7752 10000 8032
0 6367 8710 6440
0 6666 10000 6784
0 6140 9579 6238
6435 563 6466 740
0 563 1928 978
4678 1811 9965 2125
0 5834 9063 5893
4472 2191 7283 2353
0 7053 10000 7176
0 2141 9420 2191
0 7708 6225 7747
0 0 9959 75
0 6512 6373 6575
2409 3135 2661 3413
0 1155 3137 1402
2582 3850 9401 3861
0 4991 10000 5157
0 7390 10000 7553
0 9403 10000 9422
0 6784 10000 6948
0 2191 4472 2400
0 6598 9313 6609
0 7007 10000 7053
0 2505 9922 2626
4876 5971 7523 6123
