0 2085 10000 2176
0 5805 5842 6451
394 5327 9923 5392
0 2255 10000 2321
0 1065 10000 1196
0 1413 10000 1561
4012 2606 6655 2868
0 4356 10000 4433
696 3469 9159 3642
5415 5440 9896 5654
0 3955 10000 4011
0 1945 10000 1972
2834 510 9588 831
0 2027 10000 2085
0 1972 10000 2027
0 7150 10000 7358
0 8482 9242 8500
0 8378 5172 8461
0 1561 10000 1635
0 8500 10000 8672
0 8228 3619 8343
0 2440 10000 2554
0 1400 8459 1412
0 7358 9217 7438
0 2907 7334 3046
0 5091 10000 5327
0 8672 10000 8859
0 4011 10000 4356
4160 5002 6327 5091
0 4547 10000 4734
368 8032 2899 8112
0 3936 7907 3955
0 1196 10000 1400
0 4492 10000 4547
0 4462 10000 4492
0 5625 2213 5769
0 4433 10000 4462
1346 3383 9464 3465
0 131 9458 510
0 8112 9718 8209
3822 970 6463 1065
0 6451 10000 6803
0 4734 7699 4828
0 1898 10000 1945
0 2321 10000 2440
8150 8859 8266 9131
2909 9298 9444 9962
0 3676 7964 3887
0 2554 10000 2606
0 6803 10000 7150
383 7450 798 7538
0 2176 10000 2255
0 3046 10000 3383
0 1635 10000 1898
