2675 988 10000 1055
0 3853 7323 3910
0 9679 10000 9804
0 3086 10000 3227
0 5451 10000 5553
0 4230 4052 4306
0 6320 10000 6333
106 7094 9777 7232
0 5579 10000 5732
0 5406 9558 5451
0 7530 9927 7541
0 5857 10000 5985
0 5818 10000 5857
0 3227 7311 3342
0 8765 9795 8920
0 7975 7118 8416
0 9526 10000 9679
0 7232 10000 7334
2675 1100 10000 1164
0 4398 6724 4425
0 7469 9880 7530
0 6428 7441 6534
0 5553 9974 5579
0 9100 4101 9132
5739 3848 9278 3852
0 2139 4917 2206
2820 7898 6876 7950
0 9804 10000 9892
6871 7778 8123 7898
0 2781 10000 3086
2675 1055 10000 1100
0 2455 6781 2569
6403 6566 9010 7021
0 1628 6937 1659
0 5229 9934 5276
0 3912 8542 3930
0 9967 8516 9992
0 1192 10000 1295
0 4982 8699 5026
0 734 10000 815
0 5985 10000 6111
3139 3384 8782 3816
0 1164 10000 1192
0 4429 5551 4900
0 988 1327 1164
0 1866 4003 2017
0 2722 10000 2781
0 9892 10000 9967
0 127 6827 397
0 518 6134 684
0 2660 4630 2722
0 2067 10000 2112
0 6333 7873 6426
0 1529 6245 1621
0 4306 10000 4398
2700 8525 5304 8661
0 6111 10000 6216
0 3384 1703 3804
1730 5027 8026 5222
0 946 10000 988
0 5753 10000 5818
0 5732 10000 5753
1327 988 2675 1164
0 8661 9853 8743
0 9495 10000 9526
0 5278 8648 5400
0 2017 10000 2067
8804 7544 9271 7711
3073 7026 8496 7057
0 1295 10000 1529
0 9132 10000 9271
0 684 10000 734
0 2261 8727 2427
0 6216 10000 6320
0 2112 10000 2139
514 7334 7094 7469
0 3941 8508 4209
0 9271 10000 9495
0 815 10000 889
0 889 10000 946
