0 8286 8276 8333
8402 3460 8816 3496
0 1731 9913 1782
1079 3556 1771 3684
0 4147 6341 4198
0 2623 8790 3040
0 2029 10000 2154
2916 6050 4364 6194
7184 3177 8412 3367
0 1782 9685 1857
0 9702 7780 9777
0 2377 10000 2395
7805 9642 9732 9982
7681 2579 9871 2620
0 9865 5533 9893
0 7277 10000 7372
0 1918 9841 1954
0 8823 10000 9041
5137 5823 7476 5995
0 6947 6493 6998
2200 4373 2841 4515
0 4029 10000 4147
1875 9897 7539 9998
0 1954 10000 2029
0 8558 9511 8594
0 2284 10000 2377
0 7924 10000 7965
0 8017 10000 8137
0 9777 7780 9865
0 9671 7780 9702
0 8340 8080 8362
0 7600 10000 7924
0 8377 4427 8498
0 9554 9992 9593
0 8629 10000 8654
2448 6788 7330 6847
1028 9116 3861 9140
0 8594 10000 8629
0 8137 10000 8286
623 6028 2818 6135
0 7372 9995 7385
1429 4660 4556 5097
3175 683 4284 999
0 278 4985 411
0 3730 9755 3937
0 0 9749 157
0 2395 10000 2579
0 4016 10000 4029
0 3496 9880 3555
0 3937 10000 4016
0 5579 9988 5734
6401 4559 7029 4605
0 6301 10000 6621
0 6716 10000 6767
0 5404 10000 5508
501 509 4082 579
0 9642 7780 9671
0 7502 10000 7600
0 4224 8999 4287
0 9593 10000 9642
0 8654 10000 8823
0 1863 9492 1913
0 7206 10000 7277
0 6998 10000 7083
0 6621 10000 6716
0 7083 10000 7206
0 1469 10000 1731
0 9442 9584 9545
0 7965 10000 8017
6715 6273 9223 6301
0 6767 10000 6788
2698 5740 9459 5814
0 9041 7947 9104
0 5267 10000 5404
0 7385 10000 7430
0 5097 10000 5158
0 9147 3949 9441
0 411 10000 509
0 8498 9507 8537
0 7430 10000 7502
3964 9209 3993 9431
0 5158 10000 5267
332 5508 9235 5576
608 1412 4267 1469
0 2154 10000 2284
0 6201 6932 6271
