8070 7070 9845 7230
4233 7759 4516 8269
1220 1806 1629 4100
8070 7230 9845 7365
4521 8436 5336 8787
2003 7568 2361 8565
4141 9733 9868 9756
9666 2372 9918 3240
1046 8392 2001 8774
6677 4853 7120 6709
5775 6498 6677 6709
1637 9472 4067 9756
9342 53 9979 451
7698 1599 8363 2741
8857 4189 9325 4943
8380 4643 8694 5975
7402 4643 8380 4766
150 5190 895 5211
8694 4189 8857 6493
8857 5437 9708 6255
1878 2620 2050 3585
2717 1222 3166 2710
2021 1222 2416 2590
7532 847 7698 2570
6058 1645 6153 3000
5859 533 5991 1449
6406 7357 7361 8050
6153 2664 7381 2741
6058 847 7132 1526
3651 1292 3901 1976
5333 3096 5520 4509
1460 7162 1473 7525
9430 8058 9993 8836
5870 8884 7375 9030
6058 3000 9210 3240
2614 1365 2717 2538
5583 3792 6085 6104
4007 4044 4140 6159
150 94 796 902
6085 4853 6677 6104
7402 4189 8335 4643
3184 1200 3492 1292
3166 441 5991 533
9210 0 9258 1549
4618 5088 5175 5182
3885 2710 3990 8835
5580 7507 5792 8884
3166 1781 3651 2710
8681 884 8944 2225
8681 0 9000 884
2953 4100 3561 4911
3166 1292 3651 1781
8113 3779 9060 4095
269 5524 1046 5962
2369 9258 3799 9464
150 5211 267 7980
310 5962 914 8356
2080 4688 2520 6080
1046 7568 2003 8392
4233 7522 5536 7759
3166 334 5991 441
1629 1879 1759 2988
34 9465 217 9693
5519 9635 9136 9687
6153 2741 9210 3000
8857 6255 9708 6493
1189 955 2258 1075
3651 2236 5583 2529
5583 2236 6058 3589
917 6114 1006 7341
2389 283 2466 1044
926 5109 1599 5206
8857 4943 9325 5437
8070 7365 9918 7861
6085 3589 6519 4853
8669 8058 9430 8404
7120 4189 7361 6709
4508 708 5048 1976
1256 4688 2046 5109
1222 4100 2520 4688
3651 1976 5048 2236
5991 523 6058 2182
4233 6338 4485 7507
8070 5975 8694 6909
800 311 1184 1222
4508 533 5048 708
1629 2988 1878 4100
7698 945 7957 1378
6519 3589 9708 3779
5214 8787 5495 8843
2717 2710 3565 3746
4485 6498 5775 6709
4485 6709 6406 7054
5870 9082 7923 9435
150 9258 2049 9462
217 9756 7914 9973
800 1222 1629 1806
5792 8772 8001 8884
7361 7861 9248 8058
2953 7769 3846 8707
604 2886 800 5190
5321 4610 5583 5258
4233 2710 5181 4269
1679 5211 2046 7162
3166 283 8014 334
5792 7507 6406 8050
3565 4453 3884 7737
8014 914 8271 1599
5829 8222 8253 8368
4485 6338 6677 6498
9489 451 9666 1498
1878 3746 3565 4100
9325 3779 9708 5437
5583 3589 6085 3792
4310 4269 4618 4730
7100 4115 8113 4189
262 1904 604 4791
4141 8787 5134 9436
7914 9798 9955 9979
800 1806 926 5190
8363 94 8681 2741
5792 8404 8001 8772
4233 5618 5090 6104
7736 7322 8070 7861
9724 8875 9965 9412
2046 4688 2078 6967
9000 0 9204 2027
150 25 909 94
1906 1328 2021 2620
7736 4766 8070 7322
5165 1449 5213 2112
4141 2710 4233 8787
604 903 795 2886
926 4100 1222 5109
1046 6764 1673 7005
8070 5096 8380 5975
7361 4454 7394 6616
9666 451 9918 2372
4233 6104 6677 6338
6909 1756 7232 2646
6406 6709 7361 7357
5561 7507 5580 8674
3171 5050 3402 7089
3651 2529 5583 2710
5792 8050 7361 8222
2080 6099 2340 7082
0 0 150 9465
8001 8404 9430 9436
0 9973 3329 9993
5048 533 5859 1449
4008 2710 4141 3973
5134 8884 5870 9436
5181 4583 5279 4776
6058 523 7698 847
8070 6913 9845 7070
8335 4189 8694 4643
6058 3240 9845 3589
1046 5526 1596 6339
292 5211 1679 5521
5991 334 8014 523
8694 6493 9708 6913
2468 283 3084 884
7232 847 7513 1441
4274 8506 4521 8770
7541 4766 7736 7684
9845 3240 9918 7365
150 8774 3860 9250
2520 4100 2953 7568
3565 2710 3885 4453
4141 9436 9721 9624
800 94 8014 283
9708 3589 9845 6913
217 9465 1619 9753
9136 9635 9993 9730
7361 8058 8669 8222
3901 1195 4508 1976
967 1806 1220 2351
8070 4766 8380 5096
3874 710 3931 1195
9918 451 10000 8058
9248 7861 9918 8058
2052 2620 2370 3630
1222 4688 1255 5104
6633 4588 7000 4853
4485 7054 6406 7507
