3556 4947 3944 5666
7383 6756 7565 8001
6912 2615 7330 2662
7113 459 7401 1847
7565 5032 7782 8102
0 1414 3207 2273
4487 6427 7565 6756
6155 6756 7383 8001
9623 2615 9955 3413
3207 815 3514 2888
6976 9289 7719 9694
7565 4619 8966 4985
9169 7822 9794 8595
3556 8425 4371 9182
1292 4947 2985 5944
0 3117 110 10000
5989 459 6199 3760
9458 3880 9623 4317
3514 1338 5160 3006
7401 35 8005 1847
6175 394 7062 459
6609 5285 7565 5867
110 5537 384 8695
6609 4387 7692 4619
617 5058 748 8509
7698 3856 9453 4371
7808 9415 8701 9720
110 4676 467 4857
8005 1830 10000 1847
404 5537 535 8403
7796 4442 8437 4531
0 817 3192 1414
9169 4372 9760 7763
6199 2615 6912 4372
5630 5304 6198 5649
2677 2960 2994 2996
4241 5649 6609 5867
3556 5867 3740 8425
1292 4677 4241 4947
7698 2615 9623 3642
8967 35 9245 1340
8005 1340 9245 1830
0 2444 3026 2629
6976 9720 9820 10000
3740 8001 7565 8102
6976 8486 9169 9289
6603 1130 7113 1131
4371 8425 6976 8520
4241 3615 5084 3789
7698 3642 9619 3856
4487 6756 4926 8001
7782 5032 8555 8024
8939 8102 8966 8329
0 39 5258 162
1292 5944 2974 8160
0 2889 1860 3113
3740 6427 4487 8001
3740 8102 7871 8425
110 3272 653 4419
9245 35 10000 1830
8604 5032 8889 7164
3740 5867 7565 6427
4926 6756 6155 8001
5302 35 5630 5649
3556 9182 6976 9326
9763 4372 9962 6073
750 3272 1292 9326
7565 4985 8966 5032
1292 3272 3466 4677
6199 4372 6609 5649
4371 9015 6976 9182
750 9507 6976 9724
8051 84 8967 1250
838 162 1048 385
4241 4424 5215 5605
8966 4372 9169 8425
750 9326 6976 9507
7113 1847 10000 2615
6976 8425 9169 8486
0 0 10000 35
3466 3272 4241 4677
3408 4947 3556 9326
5989 3760 6189 5264
1292 8166 2938 9159
750 9915 5809 9987
5630 35 5989 5304
9820 7915 9999 9982
1322 9230 2696 9326
2985 4947 3408 9230
4371 8520 6976 9015
0 2703 2008 2874
5228 1338 5302 4021
626 4457 750 4676
110 3117 5160 3272
2038 3006 5160 3117
6609 4619 7565 5285
750 9724 6976 9915
0 422 3514 815
3514 162 5302 1338
0 2273 3192 2444
6912 2692 7698 4372
