4993 7516 8229 8671
9338 2621 9552 4248
0 773 321 1644
2380 1714 7830 2343
4356 3096 5769 7244
2385 5578 2461 7387
8405 7347 9109 7890
5866 3096 6378 6322
7830 1424 7881 5058
2380 3096 4356 5578
1497 1585 2139 1922
2791 227 9677 463
8405 4260 9112 7328
6490 6735 7881 7516
2461 5783 3868 7516
7410 5218 7830 5845
6618 8983 8359 9765
1502 4345 1670 6202
9839 558 9976 6417
3868 5578 4356 7244
3504 2413 4448 3096
9112 4260 9675 5429
8405 1146 9338 4260
865 2701 932 6095
7881 1146 8405 7516
8405 7890 10000 9813
1223 3214 1497 7143
6618 9813 9591 9993
5769 3096 5866 7516
9338 463 9671 1761
1670 1922 2380 9414
2502 7516 3181 10000
345 2695 845 8648
2791 463 9338 1146
932 227 2791 498
7410 2343 7830 5218
4878 7516 4993 10000
5093 8928 6573 9941
7410 5845 7881 6735
6490 2343 7410 6735
2380 7516 2502 9414
0 9414 1189 9625
8229 7516 8234 8579
2461 5578 3868 5783
0 5 9301 56
4550 2343 6490 3096
3181 7516 4878 10000
1494 9414 2502 10000
3868 7244 3947 7399
9677 227 9837 7879
9112 5429 9677 7890
2791 1146 7881 1424
2380 1424 7830 1714
4993 8671 8405 8928
845 56 9839 227
6618 8928 8397 8979
1497 498 2791 1424
