9583 4787 9663 7968
8597 2729 9114 3325
9114 698 9574 3266
3653 1762 5720 2530
1771 8521 4512 8758
1771 8257 5322 8521
7782 2405 9114 2729
849 8879 3844 9042
0 120 108 9837
5322 5620 8886 6510
4487 6832 5322 7731
7689 3587 8267 4787
1471 2539 1730 3093
5322 6510 5979 8856
9218 5620 9563 7907
4487 3743 4929 6832
5322 5311 6327 5552
880 53 1211 120
6086 7601 8299 8129
898 6354 1771 8813
6208 799 7241 1186
6086 8276 8307 8599
2571 443 3653 2530
108 2539 630 6354
6086 6838 6379 7366
5814 4573 6364 5303
1244 4816 3269 6354
3653 443 6830 561
7045 6510 8597 7601
4929 3743 6364 4573
7762 9059 9388 9387
7689 4787 9583 5620
8886 5620 9081 6841
2571 2530 5720 3325
563 6354 849 9821
7782 443 9114 2405
8597 7141 8771 7899
5720 1762 6671 3325
630 3743 1244 6354
3668 1186 6671 1762
5139 583 6208 1159
1244 3743 3678 3984
3678 3743 4487 6354
0 9837 2102 9938
8267 3587 9578 4787
108 120 1455 2539
7782 2729 8597 3325
849 9059 7715 9436
849 9443 9483 9809
9578 443 9747 2176
1771 6354 2222 7731
7689 3325 9578 3587
7450 3325 7689 5620
3322 6354 4487 7731
1455 0 1804 2539
1244 3984 3269 4816
630 3325 7450 3743
1771 7731 5322 8257
6671 1186 7782 3325
1804 0 10000 443
5322 4573 5810 5244
1804 443 2571 3325
4929 4573 5322 6832
3269 3984 3678 6354
6465 6510 7045 7600
6364 3743 7450 5620
2222 6354 3322 7731
8597 7984 9583 9059
