49 4445 128 7755
605 3163 1206 3973
4263 1896 7115 2176
1215 6602 1505 8349
8694 4518 8831 7949
844 6325 1215 8349
0 9599 3092 10000
4309 8521 5363 9452
9744 488 9874 2865
1659 190 1929 3973
3096 8323 3205 9376
3092 7981 5361 8317
3205 8521 4024 9452
7575 308 8355 488
5363 4093 5742 9452
1929 190 2040 3516
8255 488 8427 3197
288 4445 2395 5197
8694 7949 9874 8510
6775 6216 7801 7054
521 5197 3092 5729
7391 2527 8255 3872
8427 2515 9642 3197
0 3296 419 4445
3249 966 3350 3647
9287 3197 9642 6458
3479 5617 4247 6174
1206 2558 1659 3973
8129 5084 8355 6622
1810 6375 2655 6602
4263 2176 5721 2527
5742 3098 6729 5084
5887 9217 9246 9788
6983 7993 8476 8510
6983 9136 9718 9205
3452 828 4263 2758
7391 3872 8694 3965
6739 2640 7391 4518
2521 9134 2661 9599
2365 6602 3092 9114
515 3973 2104 4445
0 0 10000 85
2244 9114 2516 9471
288 5197 521 9114
4263 3120 5742 4093
3092 7437 3255 7555
3092 5197 4263 5617
3531 8368 4525 8521
5254 1047 6931 1896
17 2434 257 3296
4035 85 10000 308
4491 401 5384 773
521 5729 3092 5899
3238 338 4035 810
8831 6458 9874 7949
4122 8544 4309 9452
5742 7060 7140 7858
129 4445 288 8050
8427 488 9642 2515
288 9114 2244 9334
5769 7912 6983 9097
3350 2758 4263 3935
6729 4518 8694 5084
7115 308 7575 1689
1505 6602 2365 8349
521 5899 3092 6325
808 190 911 1683
4024 8521 4110 9426
4263 2527 5742 3120
8255 3327 9028 3409
6983 8510 9573 9136
4263 4093 5363 5357
1408 9334 1437 9521
2395 4494 4223 4565
3092 5617 3361 7324
7828 6216 7962 6817
538 6325 622 8038
0 85 4021 190
2395 3935 3149 4480
911 1162 1659 2558
2395 4565 4263 5197
3092 7820 4840 7981
3092 9903 9092 9988
7977 5084 8129 7912
6931 308 7115 1896
3176 3935 4262 4490
7115 1689 8255 2527
419 2558 515 4445
9573 8510 9874 9136
5742 5084 6363 7051
6632 5084 6755 5715
6755 5084 7977 6216
667 8102 844 8349
8831 4518 9287 6458
2798 190 3096 3927
9874 308 10000 10000
5791 2176 7095 2514
5254 810 6931 1047
5742 2527 6729 3098
8687 5084 8694 7663
8026 488 8176 1215
3479 6186 4262 7433
4263 810 5254 1896
3347 7608 4233 7806
9642 4566 9874 6458
521 8349 2365 9114
4263 5357 5335 5736
2395 190 2798 3935
911 342 1362 1162
2104 190 2395 4445
8369 308 9696 454
3092 9452 5742 9903
