4962 6137 7862 6626
1204 3249 1341 3536
2766 2945 3773 3823
885 9239 3163 9658
9575 3144 9763 4691
656 3743 672 5506
8354 4707 8716 6199
788 5949 1510 7350
8128 9074 9767 9460
2766 4621 4769 4652
696 8332 2469 8758
2937 4652 3284 8276
4063 561 4923 891
3163 9239 4717 9517
656 2261 3638 2804
8354 6825 9365 7731
4962 5848 5731 6012
7862 6677 8094 7760
1266 207 3609 561
2282 6831 2441 8332
2133 783 3628 2261
561 5663 1510 5804
2766 4652 2937 9199
7272 7782 7991 8985
9227 6536 9767 6825
3163 9521 4805 9715
4808 4621 6317 5583
1510 3743 1995 5595
1510 5595 2298 5867
3638 783 3805 1312
9227 5305 9767 6226
1247 157 1266 2261
1995 3743 2298 5595
8128 7731 9365 9074
5097 909 5649 1330
6634 2407 6646 5738
4565 7095 6337 7425
6211 561 10000 980
4814 6626 7407 6672
5649 909 6211 2407
6211 980 6848 2407
6994 4176 8682 4704
3638 1330 4589 2407
696 8758 2469 9199
1466 783 2129 2253
1266 561 4063 783
4057 8046 4565 8059
2469 2945 2766 9199
408 1790 520 2397
7534 6675 7676 7069
9203 4707 9431 4943
3377 4652 4808 5579
255 5870 1538 5949
565 2261 656 4279
6234 8632 7184 8932
696 9199 6759 9239
6339 7095 7862 7782
4565 7425 6339 7880
9365 6825 9659 9074
250 9716 1907 9727
823 3743 1510 5663
8716 5305 9227 6199
8128 9460 9767 10000
561 157 1247 2261
6994 2060 9651 3144
2852 3823 3827 4584
3827 3823 6317 4621
142 4903 250 5867
6994 4707 7862 6137
8354 6199 9227 6825
0 157 107 10000
672 3743 823 5663
4565 7880 6338 8607
2469 2804 6634 2945
4063 909 5097 1330
4063 896 5006 909
107 9876 8128 10000
250 5804 1510 5867
2298 3661 2401 3894
0 54 7594 157
9659 6825 9767 9074
9767 5305 10000 10000
696 7570 1399 8294
6796 9199 8128 9876
9763 980 10000 4955
8748 3144 9322 3786
3638 2407 6634 2804
656 2804 1204 3743
5957 8932 7272 9054
3284 9054 8128 9199
2937 8276 3281 9194
6848 980 6994 5848
8999 3927 9550 4707
8496 1417 9054 2060
283 6691 696 9594
8716 4955 10000 5305
8694 3820 8936 4635
1510 5949 2282 8332
8128 4707 8354 7731
3773 2945 6634 3823
6317 3823 6634 5583
4814 5848 4962 6626
9227 6226 9767 6536
1266 783 1466 2261
750 7387 1504 7570
1600 5867 2298 5949
6994 3144 8693 4164
4589 1330 5649 2407
3284 8607 5957 9054
4822 9239 6796 9876
4497 5848 4814 6666
6339 7782 7272 8607
3584 6675 7435 7095
9651 980 9753 2985
3284 5583 6634 5848
1204 2804 2469 3249
408 981 561 1790
