7088 1145 7680 3045
3621 5165 5229 7358
9444 4500 10000 5545
1996 1817 3345 2321
6463 635 9771 1145
0 649 3621 1801
6463 1145 6668 4203
7301 3676 8789 4825
7301 3045 9444 3676
7301 4825 8789 5441
76 3676 317 6181
5322 0 5663 7190
6252 13 9783 627
6668 1145 7088 8198
9444 1145 10000 3383
7301 5441 7922 8500
6622 8255 7301 8500
3110 8111 3541 9107
7680 1145 9444 1562
4585 8500 7922 9298
459 7756 1168 8343
3883 649 4736 3954
3621 1015 3878 1410
3621 7358 4585 8111
7088 3045 7301 7831
1687 5239 3148 8083
1687 8111 2898 10000
8789 3676 9444 8859
6252 5090 6449 6069
1687 2321 3149 5239
2898 8111 3086 9188
3640 3954 3851 4666
5753 0 6225 7206
3149 2321 3306 6128
6252 4203 6639 5016
554 5136 698 7349
3851 3954 4666 4540
9444 3383 10000 4500
0 0 4736 649
4585 7386 5871 8119
6324 627 6463 2432
7922 5441 8789 8859
1545 3676 1667 9608
3675 1410 3883 3809
4736 0 5229 5165
8150 8859 8266 9131
2909 9298 9444 9962
317 3676 1540 5050
5229 0 5310 7215
9444 5545 10000 10000
797 7418 1461 7473
3441 1801 3615 6352
0 1801 1687 3676
7680 1562 9444 3045
