8804 2409 9077 3574
9125 2262 9263 5968
4849 3891 6467 4808
4849 1465 5876 2023
1499 775 1873 1919
3288 4573 3808 4930
6044 1795 7578 2140
0 7845 280 10000
0 7262 454 7536
4262 6280 6814 6627
1112 7000 2375 8876
0 5253 468 6903
6814 2399 7256 3296
7760 3246 8293 3795
7313 4847 8171 4928
4262 6195 6467 6280
0 2164 574 4246
7682 3246 7760 3679
3808 2507 3912 4930
4855 6859 5525 7917
7578 943 8502 2262
8574 3246 8784 7653
3872 5463 4262 9628
5335 9422 8572 9555
4695 6627 4840 8835
9497 4384 9986 7202
2368 943 2863 1948
128 0 1214 617
5335 8835 7870 9300
8784 3574 9125 8213
2574 5463 2878 8876
8572 8329 10000 10000
775 9494 816 9834
8418 3246 8574 7449
8738 50 8841 723
4262 5463 6467 6195
766 9050 3335 9494
2261 2164 2863 4246
5269 4808 5649 4926
9301 2262 9665 2500
7313 2140 7578 3803
766 4246 1112 6845
280 9891 3608 10000
3912 2507 4596 4930
1112 8876 3020 9050
5335 9300 7870 9422
5428 3493 6147 3596
6886 3460 6912 6496
4262 9566 7860 9628
3580 943 3990 2318
8410 7653 8784 8213
8243 9555 8566 9616
7578 2262 8784 3246
9125 7585 9467 7675
1214 0 10000 50
3288 4188 3536 4372
574 2646 1980 2900
1112 4246 2863 5463
4840 6693 5996 6859
1873 943 2368 1948
4849 3596 6467 3891
1873 775 10000 943
1685 6606 1869 7000
519 5253 727 7614
2863 943 3029 4930
280 8988 766 9891
7313 3803 8410 4847
3335 5463 3608 9891
7998 4933 8227 8017
7998 8380 8519 8619
766 7726 1112 9050
9301 2546 9496 7563
0 1948 2863 2164
3020 5463 3335 9050
4849 2140 6111 3455
6810 3596 6880 4998
2878 5463 3020 8876
7998 8213 9497 8329
8502 943 9044 2262
3029 943 3288 4930
574 2923 2098 4245
2375 6351 2574 8876
2098 3307 2243 4246
3608 5463 3872 9628
9044 943 10000 2262
8251 6866 8393 7633
280 8554 753 8988
1781 5811 2574 6044
4695 8835 5335 9555
1112 6071 1709 6351
1214 50 8738 265
4596 2617 4606 3554
4262 6627 4695 9555
2863 4930 6467 5261
3288 943 3580 4188
574 2164 2261 2646
7741 9628 8572 10000
7870 4933 7998 9422
5525 6859 7313 8552
6912 3460 7286 6829
3580 2318 3808 4573
766 6845 1112 7726
6044 1465 7578 1795
1375 9720 2528 9807
4145 9628 7741 9993
3990 943 4849 2318
4849 957 5676 1465
2863 5261 6467 5463
0 4246 766 5253
4840 8552 7870 8835
7313 4933 7866 8309
6204 2140 6806 3459
1214 265 8738 775
4011 2318 4745 2419
6467 3596 6805 6252
