2289 1002 3018 2460
90 2460 331 4192
5445 5636 5773 9867
5631 3209 8949 3725
4160 5203 5079 7555
3688 3930 4476 4318
5079 5203 5132 8092
9776 4318 10000 10000
6666 5629 8449 6434
6079 5450 8449 5629
6533 6716 6666 7537
2077 3599 2904 6333
9271 5450 9647 10000
3688 3227 5080 3831
3616 7555 4548 9143
331 6752 2520 8186
6079 7931 6975 9867
7290 7057 9176 7890
3018 1002 3367 2674
331 4235 1438 4399
9647 5450 9776 10000
6666 6434 8077 6993
5445 5203 6061 5624
583 9036 1950 9132
5739 3848 9278 3852
3699 2004 3989 3140
6666 7126 6928 7931
7290 8192 8453 9843
7290 7890 8229 8050
5631 2349 9409 3209
5551 889 9660 1164
331 2460 987 3599
8449 5450 9271 6853
5551 1271 5631 3874
6383 4967 7894 5276
4906 3877 7807 3930
0 9867 1717 9991
837 1249 2289 2016
4182 4928 5954 5144
2289 0 3390 1002
1541 3599 2077 6333
2904 2722 3390 6752
5551 1164 8291 1271
3616 4560 9776 4928
0 0 837 2460
837 2016 2246 2445
987 2722 2904 3599
1857 9867 9271 10000
4385 33 9449 397
3422 0 3688 3828
987 2567 2839 2722
9409 1164 9660 3930
584 6333 2590 6698
4385 1529 5551 2004
3390 4318 9776 4560
5145 7359 5417 8661
3616 4928 4160 7555
331 3599 1541 4190
7894 4928 9776 5450
3688 0 4385 2004
5773 5636 6079 9867
393 4399 582 5923
837 0 2289 1249
4548 7555 5073 9094
674 9142 1198 9756
3390 4560 3616 9143
3989 2004 5551 3227
9177 7057 9271 7887
8449 6853 9271 7057
5631 1271 8309 2349
2520 6752 3390 9143
4755 397 6393 886
8309 1164 9409 2349
582 4940 1532 6320
9660 0 10000 4318
6975 7057 7290 9867
4476 3930 9660 4318
2520 9143 5445 9867
6393 397 9660 889
4385 889 5551 1529
