831 190 5898 318
0 7327 1799 8396
4334 8929 9835 9035
4144 2740 4391 4356
2200 6068 2313 10000
66 1067 247 4496
3930 1364 7948 1769
6545 2155 6796 2456
2036 5662 6065 5961
8288 7297 9630 7939
8958 3712 9254 6116
1950 1872 3930 2370
5804 8342 9654 8502
2860 4678 6328 4892
3930 2155 6545 2720
7721 6116 8288 6666
7721 6666 8278 7947
1644 674 2296 1751
66 4496 831 4679
66 0 831 705
3 2069 66 3771
831 2720 2860 2961
2860 4670 7929 4678
0 9406 2200 10000
2951 883 3507 1725
4144 4356 6734 4457
7003 5280 7294 7024
7721 5342 8134 5740
8288 7939 9447 7959
5067 5961 5804 8503
2630 8371 3164 9464
6065 7032 7654 7953
1798 3207 2036 5085
2630 7446 5067 7904
7294 5280 7716 7031
7058 4944 7721 5243
2860 4944 4206 5182
0 8396 1367 8834
2618 5182 7003 5392
2296 796 8507 883
4144 2720 8928 2737
3930 883 8223 1186
2618 3207 2860 5164
0 8852 812 9334
0 6290 1442 7327
853 3207 1156 5849
3164 8503 4334 9464
8554 4504 8958 6116
831 8 7074 145
3596 883 3930 1653
2618 5392 5822 5662
1545 1751 3930 1872
8815 8503 9718 8842
2630 7904 5067 8371
9757 1520 9902 7941
3075 2720 4144 3457
1156 3207 1774 5655
4863 2748 5774 3706
8447 883 9079 2720
6065 5747 6703 5973
1545 1872 1950 2370
9079 145 9500 2732
6385 190 9064 322
5488 4504 6605 4519
5133 9378 7554 9717
3930 1769 7948 2155
4391 3712 8958 4356
5778 2740 6769 3712
1644 324 8199 674
8155 4504 8554 6116
3152 9464 4318 9971
247 2290 805 4447
1799 6068 2200 9406
9254 2740 9629 7016
2313 6657 5067 7446
6436 4684 8155 4944
4334 9378 5132 10000
4334 8853 9951 8923
2313 5961 5067 6657
2313 7446 2630 10000
8288 6116 9254 7297
2036 3207 2618 5662
1085 322 1545 2370
7721 7968 9640 8100
3075 3457 4144 4504
3930 1215 6170 1364
4334 8747 6247 8853
6769 2740 9254 3712
7948 1364 8447 2155
9630 0 10000 1520
4334 9035 4987 9195
831 2961 2860 3207
9630 1520 9757 7939
6493 8103 7994 8329
4391 2740 4807 3643
3164 8371 5067 8503
831 322 1085 2720
4206 5076 4939 5182
1545 322 1644 1751
7906 9572 9989 9658
66 705 831 1067
0 4679 831 5961
247 1067 793 2230
9506 0 9630 2740
941 150 8089 190
5804 6544 6028 7860
0 5961 2312 6068
2296 883 2951 1751
1085 2370 3930 2720
2860 2720 3075 4670
