6175 8053 6475 9194
5703 1655 6837 2465
4580 3963 5772 3995
4580 3248 5864 3963
3846 718 9643 941
9636 2144 9912 3472
5155 9287 6351 9540
3369 2978 3404 4252
7391 2978 8273 3436
4683 243 5338 263
2062 6805 5304 6888
5551 1361 9617 1388
1485 8153 2113 9850
5544 4404 8882 4527
5577 3998 7646 4131
1175 9780 1485 9794
2714 8153 3313 8224
3961 267 4414 506
4915 1655 5178 1726
2113 8334 2942 8414
2836 7004 5322 7702
8806 1621 8939 2791
690 2852 3997 2853
1872 5490 2062 6888
3958 9393 4602 9727
8456 3998 9924 4357
2062 4796 2325 6525
3366 718 3846 1394
63 7524 2195 8053
5551 941 8638 1327
4518 8485 4614 8708
703 4796 1761 5212
703 3103 1426 3741
9696 6708 9884 6883
8797 5490 9946 5948
2991 5266 3935 5561
3572 8156 5983 8328
9146 0 9643 717
492 3555 666 7524
9643 0 10000 941
4523 3998 4858 4101
4085 2978 4580 3998
2113 8708 3278 9748
1444 2992 3328 3416
3846 942 4698 1052
4958 9208 6431 9269
3997 2951 8806 2978
4190 4589 9924 4717
129 7015 392 7524
392 3555 492 7524
3935 5266 6182 5493
666 6938 2132 7458
9946 3472 9995 5670
97 718 690 2824
19 717 4648 718
9211 1520 9467 3472
19 122 2347 594
3464 1880 5671 2205
7169 6952 7579 7991
2195 6938 2568 7973
23 4712 249 6859
1851 1761 2948 1841
8977 8028 9750 8784
5304 5782 7606 6607
2916 4357 4190 4717
666 6888 9892 6938
4958 8813 5225 9067
1851 1500 2828 1761
8424 5490 8797 5948
6312 6607 9696 6888
3404 2978 4085 3998
1485 9850 10000 9963
8424 4796 9523 5436
2347 122 5634 243
3524 2465 6151 2805
9793 8028 9892 9197
4266 8725 4425 9173
7038 8053 7579 9232
2325 5266 2991 6525
8076 4892 8424 5809
1095 763 3253 857
19 594 9146 717
8418 5948 9900 6230
4614 8414 4798 9781
703 6556 1786 6888
6837 2098 8806 2805
8939 1621 9211 2791
7606 4892 8040 6191
1080 8053 6175 8153
5346 248 5634 564
3466 5120 5051 5240
6699 9827 8668 9850
7809 8028 8611 8867
1898 4993 1985 5490
7962 6938 8632 8028
8060 3472 9595 3789
690 718 1095 2465
2032 9963 3430 10000
690 2465 3524 2805
6485 8733 6912 9092
2828 1500 4851 1761
2062 6525 3056 6568
7036 3033 7391 3998
2747 6598 3338 6805
5329 6938 6945 7282
23 2978 1444 3103
0 0 19 9966
8882 4357 9924 4589
9467 1520 9912 2144
5329 7341 6578 7549
9924 5398 9946 5490
2991 5561 4118 6376
3466 4932 4284 5120
702 3555 703 5488
2062 6584 2711 6790
8228 5948 8390 6175
998 3759 1444 4772
9912 1361 9988 3071
2634 7779 4345 7979
5304 6607 6312 6888
5634 0 7757 594
7606 6545 9946 6607
24 6861 63 7838
4580 2978 6779 3226
3846 1054 5465 1353
3935 5493 6987 5560
7637 6938 7962 7878
8721 941 9629 1356
5304 5561 7606 5782
9892 6607 10000 9850
8746 6938 9454 7966
9467 2144 9636 3472
1786 4796 1872 6888
2195 7991 7860 8028
6485 8053 7020 8722
4851 1520 9211 1621
5906 3248 6869 3960
8208 0 9146 594
3997 2805 8806 2951
5308 8329 5795 9020
23 3103 703 3555
4190 4357 6067 4378
4414 267 5207 538
1259 910 3366 1394
3592 6939 5084 7001
7549 9568 8650 9815
2195 8028 7809 8053
3771 9173 4505 9387
5553 4252 5836 4356
1095 1500 1851 2465
7757 0 8205 579
2810 6949 3592 7004
1953 2214 3464 2275
6837 1655 8806 2098
6182 5120 7606 5493
1444 3416 2916 4182
8283 2978 9150 3467
6175 2466 6837 2805
8806 2791 9184 2964
19 3197 23 4345
3771 9478 3799 9711
703 5218 1786 6556
2916 3416 3369 4252
1095 1394 4851 1500
4851 1394 9912 1520
7646 3998 8456 4252
19 8 5218 122
4851 1621 8806 1655
8615 9202 9194 9283
262 8655 1080 9060
3738 8332 4894 8413
1444 4182 2916 4717
8632 6938 8746 8028
1851 2275 5703 2465
1444 4717 9924 4796
2369 4807 3398 5266
690 2853 3997 2978
690 2805 3997 2852
3466 4796 8424 4892
7606 6251 9929 6545
