7531 7968 8615 8564
2284 207 2763 2352
0 45 1658 766
6028 3715 7025 4260
3584 5248 5767 5873
12 766 124 9501
3921 909 4242 1660
8926 0 9908 359
5322 5873 9708 6069
2972 6956 3253 8703
5023 1870 5453 2215
0 9701 3253 10000
9779 7538 9954 8091
1932 8777 2250 9308
2284 2352 2763 2882
5767 4260 7027 5873
7109 2378 8658 3216
7613 399 9988 920
2320 5455 2732 8036
3253 9506 6280 10000
2284 2892 5396 3140
5013 6621 6514 6838
5322 6083 7520 6611
4242 909 5394 1548
8166 4350 9708 5873
3935 6956 4738 7481
1097 6903 2278 7056
5200 3216 5767 5248
8671 8677 8743 9336
1454 5455 2130 6452
2284 45 5394 207
1245 766 1658 2727
1489 4466 2826 5455
5816 1392 7658 1548
1473 9236 1913 9701
124 766 878 4466
5875 45 7613 925
2826 3864 3584 5998
5331 6838 6359 7447
5331 7501 5871 9200
4463 5998 5322 6611
9498 6069 9779 9579
3935 7481 4738 8974
2826 5998 4463 6838
8658 1548 9708 3715
9708 1548 9776 5736
7027 4350 8166 5873
5394 45 5875 1379
2741 5455 2826 8269
8615 7506 8803 7737
878 3864 2808 4424
4488 1870 4541 2295
878 766 1146 3182
7027 3715 9708 4350
6280 9506 8826 10000
1675 816 2284 2868
6512 925 9059 1340
3584 5883 5148 5998
3921 207 5394 909
8826 6069 9267 9530
5481 2181 7104 3144
124 5455 605 8777
124 8777 1862 9166
1658 3144 7109 3216
7531 6069 8615 7968
3253 6956 3935 9506
605 5455 1367 6891
2763 207 3921 1660
9147 925 9559 1355
5785 3295 6028 4260
124 4466 1489 4758
878 3275 3431 3864
6420 925 6512 1235
2763 2501 5023 2892
6028 3262 8392 3715
2826 6838 5331 6956
1658 45 2284 816
7613 45 8911 242
2763 1660 4242 2501
124 4763 1484 5455
124 9175 1208 9682
4738 6956 5331 8974
6537 7380 7531 8554
6514 8564 8671 9506
4119 3216 5200 5248
1149 2740 1637 3193
0 0 8926 45
7109 1898 8507 2378
3935 8974 5331 9506
3584 3216 4119 5248
6514 6611 7531 7380
4242 1548 8658 1870
