8474 341 9683 1436
7693 7742 8282 7981
0 0 6852 77
858 3552 1093 5580
868 7291 1268 8173
858 7274 9166 7291
5249 5406 7542 5954
3925 6079 5645 6556
5061 2696 5381 3275
2386 9316 4845 9624
858 5580 1385 6371
1385 5592 2480 5830
8419 4206 8957 4651
104 4338 858 6234
7285 3981 8419 4737
8350 451 8456 1080
5391 2696 7087 3884
2416 8218 3576 8668
1093 1530 2126 1847
2013 8668 2801 8833
1093 4959 2909 5473
5223 7291 5482 7889
2724 5580 3428 6283
7557 1417 8150 1544
1268 7291 2466 8004
104 3552 858 4338
9084 8004 9685 8560
2724 6791 9685 6904
3502 2696 4909 2797
8474 1436 9664 2142
2145 534 3666 1167
2386 8871 4701 9316
3321 1401 6851 1480
9979 1084 10000 9361
1093 2213 1444 3966
1093 1936 1453 2213
5369 1123 6670 1211
0 155 658 732
6675 77 8474 451
2799 2464 3113 3149
9724 0 9988 934
858 6371 1533 6663
3985 155 6166 269
1695 8864 1724 9624
2724 6283 3428 6556
6776 8864 7892 10000
1533 6371 2233 6663
8059 5406 8458 6629
4869 3315 5260 4318
5482 7291 6495 8004
8650 5868 9542 6181
5477 8149 6334 8668
3519 2797 4829 3055
211 77 1208 123
3122 2933 3475 4335
8938 9361 9080 9983
1093 4719 3281 4959
1878 2619 2301 3243
1571 1269 1922 1524
6185 77 6599 267
5600 1480 7079 1936
6495 7291 9166 7354
1268 8004 9084 8149
8796 2332 9685 3420
9164 3420 9685 4737
3925 4719 4287 5464
6741 8864 6776 9754
658 155 2959 451
6334 8149 7706 8864
6371 4809 7285 5406
7940 2742 8747 3387
1453 2079 3607 2189
3428 4719 3925 6556
5319 7166 9685 7235
4927 2797 5061 3168
8584 5501 8806 5838
7729 451 8350 1395
6495 7354 8006 7681
173 8218 960 8750
9166 7274 9657 7994
3321 1480 4082 1898
1093 4441 2756 4489
3203 2336 8796 2464
4519 2073 8391 2188
7542 5406 8059 6791
104 6234 858 8218
1208 77 6185 155
4313 566 5368 1397
8494 6185 9585 6784
8282 7354 8526 8004
3576 8218 5477 8668
7079 1397 7557 1936
7007 534 7722 1397
8526 7381 9151 7926
6530 7766 7663 8004
1453 1936 8474 2073
858 6794 2724 6904
858 6663 2233 6794
7892 8149 8615 9420
3122 2544 7003 2586
2724 6556 7542 6791
5391 3911 7136 4336
7940 3420 9164 3981
104 1530 1093 3067
4082 1480 5600 1898
1093 4514 6371 4718
658 451 2145 1269
6852 0 9670 77
1453 3372 1876 4328
1093 4490 5741 4514
7557 1544 8474 1936
2502 2204 8451 2332
1797 6904 5319 7235
0 8977 652 9956
2145 451 7704 534
1453 2332 2799 2619
960 8218 2416 8668
1268 8149 5477 8218
3985 269 6669 451
7285 4737 9685 5406
325 732 369 1078
7194 3981 7285 4775
4743 4718 5249 5497
858 7235 9685 7274
6371 4489 7058 4729
0 1269 104 8218
7892 9420 8502 9989
7362 2696 7887 3030
1453 2619 1838 2986
8615 8560 8618 9255
2939 3258 3122 4264
104 1269 1558 1520
1385 5830 2724 6371
4350 2592 7940 2696
2959 155 3985 451
3925 5497 5249 5954
1187 4718 4743 4719
5390 6904 7029 7148
3112 1397 3321 1782
988 8864 1606 9953
7029 6904 9685 7166
1093 1898 5396 1928
169 3221 785 3552
7706 8149 7892 8864
5775 6289 7096 6474
3461 9624 4140 9961
3925 5954 7298 6004
5249 4718 6360 5402
8659 8149 8947 8547
9685 1084 9979 9361
5797 6066 7532 6213
2466 7291 3943 8004
2233 6403 2707 6794
