3694 5655 4046 6427
6413 8000 8843 8095
6855 2522 7064 2616
6855 1523 7401 2255
7325 5031 7782 8000
352 1414 2534 2625
6413 6716 7298 7961
3069 6716 6413 7093
8960 2329 9624 2728
3477 424 3794 2432
5856 9136 7810 9290
7337 4606 9774 4976
8934 7395 9746 7990
2700 8943 4478 9322
1423 4522 3284 5341
0 1414 110 9915
5455 3015 6013 4309
9114 4316 9459 4525
4506 162 5301 3920
7401 1523 8571 2296
6175 394 7062 459
6320 5341 7325 5873
115 6071 375 9399
6729 4606 7323 5029
512 6282 715 8509
7268 3730 8391 4530
7825 9032 8101 10000
110 4675 467 4856
8571 1740 8944 1831
375 6071 506 8937
7268 4530 9645 4554
0 423 1923 1414
8476 5031 9787 6191
6201 459 6796 2769
5721 5341 6320 5655
2677 2960 2994 2996
4046 5655 6320 5873
3069 5655 3694 6427
3284 4522 4194 5341
8904 2728 10000 4316
8967 459 9286 1523
7113 1250 8967 1523
352 2625 3462 2805
9365 8486 10000 9844
4490 7129 4933 8068
8101 8486 9365 9844
6858 1129 7113 1131
5111 7093 5196 9915
3477 3727 4320 3901
8391 3730 8904 4530
3922 7093 4488 8102
7782 5031 8476 8000
8919 8076 9146 8103
3477 1 7494 162
1266 5655 2410 8130
1266 2996 1423 5650
3069 6427 7325 6716
6413 8103 9129 8486
110 3516 653 4663
9286 162 10000 2296
8476 6191 8865 7753
4046 5873 7325 6427
5196 7093 6413 8486
1423 5341 5721 5655
4642 8094 5111 9235
9787 4606 9986 6307
750 3516 1266 9326
7337 4985 9037 5024
1423 2996 3477 4522
5422 4615 6709 5031
5366 9032 5856 9969
110 9584 5111 9915
7135 667 8967 1250
838 156 1048 379
4194 4522 5422 5341
8934 6191 9735 7348
512 9326 5111 9584
7268 2296 8904 3730
9129 8155 9629 8472
0 0 3384 104
3477 3920 5301 4522
3069 7093 3558 8429
6013 4052 6653 4522
1266 8130 3069 8943
0 9915 5059 9987
5422 459 6201 3015
8101 9844 10000 10000
2043 9124 2696 9326
2410 5655 3069 8130
5196 8486 8101 9032
749 2807 1251 3491
5301 459 5352 4352
626 4675 750 4894
110 1414 352 3516
3559 2432 3830 3721
5422 5031 7325 5341
5856 9290 7825 10000
2534 104 3389 1723
3830 162 4506 3727
2534 1841 3406 2467
6013 3015 7268 4052
