2002 2572 4306 2691
3036 7904 3729 8734
7600 9181 9974 9350
1377 1305 2228 1598
7107 2211 7208 2720
803 3557 960 6255
8192 3249 9289 3369
0 7691 1441 9310
8446 3378 8674 3547
1377 2572 1925 3556
4624 6825 6677 7645
2305 186 3026 1766
1441 8009 1941 8725
0 0 588 3254
0 9310 1582 9691
5986 6571 7070 6802
4522 2341 5765 2683
3974 6571 4624 7645
788 1466 1377 3557
4522 495 5018 2341
960 5652 1297 6835
3460 5900 5083 6571
3092 3154 4709 4217
5083 4519 7365 5511
588 1305 780 7691
0 5850 211 7691
780 6307 960 7684
263 3254 588 7581
3092 4217 8192 4519
1669 9310 5980 9707
1441 8734 3627 9250
8331 3547 8564 8710
3935 8182 5473 9207
5018 2211 7066 2340
1441 5652 1695 7809
7600 4519 8192 9076
2260 8009 3036 8571
960 4519 3175 5601
8718 3917 9316 5434
5865 9707 7166 9970
3026 186 6691 413
960 3557 3092 4519
3526 6571 3974 7311
0 3254 241 5079
588 186 2305 1305
9499 2211 9969 3352
9478 6477 9990 8886
2341 5833 3056 6194
7505 2759 8146 4056
3026 495 4522 1000
5147 837 5714 1236
6677 6825 7600 9350
8331 8710 9162 9003
5083 5511 7365 6571
8931 0 9574 1351
3460 7645 6677 7904
7166 9707 9990 10000
1927 2694 4585 3150
7297 375 7364 1391
9378 3369 9982 4087
3729 7904 3935 9310
8031 9350 9990 9707
0 9707 5582 9955
8356 2211 9499 2989
5018 1391 9990 2211
8352 924 8858 1019
9990 0 9999 9794
5714 495 7044 1339
8192 3369 8331 9076
3026 1000 4522 1766
588 7 4275 186
1441 7904 2977 8008
3935 7904 6372 8175
7364 186 8290 780
4711 2692 5743 3820
1695 6194 3460 7904
3460 4519 5083 5900
7365 4519 7555 6050
6196 9438 8031 9707
1377 1766 4522 2572
4624 6753 5747 6825
5980 8182 6671 9209
1927 3150 3050 3431
8564 4244 8711 5466
8564 6863 9421 8357
5777 2341 7093 3326
8564 5466 9990 6477
