521 162 1392 774
3926 3630 5754 3892
144 5615 1088 6212
144 5195 623 5615
1874 904 2916 1925
1515 4334 2058 5874
5502 2057 5754 3630
1487 6756 3084 7126
1392 904 1874 1925
7727 3981 9832 4232
1719 8267 2873 8795
8444 9641 9757 10000
9757 7850 9984 9003
7727 3648 8076 3798
2916 1589 5285 1925
8444 7596 9183 7788
1109 6839 1250 7052
5754 3850 7727 3892
8688 4717 9239 5642
7727 3798 9832 3981
3802 5441 6095 5581
3802 5767 5523 6190
9620 4566 9818 5046
9260 5480 9737 6469
3623 2414 4376 3286
8766 1561 8967 2899
2062 8812 2518 9573
6040 1947 6659 1996
6464 8029 7982 8557
6722 3348 7727 3850
2598 8812 2908 9509
5464 4717 8482 4905
7247 441 8620 738
649 7771 977 8390
7982 8360 8443 8557
8444 8332 9149 9641
6095 5441 8688 5581
3802 5581 8688 5767
3084 6756 3707 7123
1487 6512 6040 6756
524 1925 758 5195
6073 6667 7839 6752
6023 2459 6305 3056
144 6905 1088 7771
5215 8029 6464 9175
0 8821 1088 10000
5215 7436 5820 7686
4166 5307 6905 5418
2652 2459 2843 3751
2838 420 7247 793
5285 1589 5502 3286
3060 7126 4514 7381
4062 6954 8444 7126
1719 9683 3137 9904
8444 6858 9769 7363
5008 2660 5285 3286
7792 2418 8758 3465
3537 4905 3802 5920
0 1781 144 8821
4426 9632 7773 10000
3291 6343 4990 6355
521 795 1030 1009
3623 1925 5285 2414
4178 3892 7275 4238
144 7771 649 8821
0 0 2838 162
5473 9175 7773 9632
9832 0 9833 4423
3926 3286 5502 3630
6977 1561 7241 2046
2187 3796 3271 4241
4514 7126 7982 7425
3271 3796 3738 4162
8404 4905 8688 5441
8441 4566 9057 4682
3290 4905 3501 5432
5502 904 5754 2057
524 1781 1392 1925
4835 7425 5215 9175
6905 5280 8404 5441
6464 8557 8444 9175
9555 4232 9736 4376
3156 3333 3926 3796
2929 8267 4835 9175
144 4816 499 5096
6055 6395 9260 6627
2838 235 9832 420
8967 2770 9669 3563
3796 6756 4006 7105
4062 6759 6377 6851
1088 1925 3623 2459
7773 9175 8444 10000
5754 3348 6722 3850
1894 252 2563 793
9833 2397 9926 6858
2078 6090 3187 6417
8444 7853 9755 8332
6042 5767 9254 6358
6097 0 9832 235
144 6212 1088 6905
8967 1316 9715 2747
1297 4334 1487 7126
1497 8300 1638 9333
1297 2459 2395 3790
2078 4665 3136 6080
4265 9175 5202 9560
5754 2121 6217 2376
4435 4983 8404 5280
3823 4271 6885 4334
2078 4334 7125 4474
2838 0 6097 235
5754 904 7127 922
3963 3892 4178 4043
1719 7425 4835 8267
521 1097 1392 1781
4041 4582 4496 4905
1088 2459 1297 6839
1392 793 7247 904
5966 7425 7877 8013
7982 7126 8163 7691
7410 3099 7727 3348
4302 4498 6327 4549
5754 3056 7378 3348
9260 4717 9620 5480
7727 4232 9555 4566
5215 7686 5966 8029
2916 904 5502 1589
9926 0 10000 7596
9833 0 9926 2397
1088 7126 1719 8300
9149 8332 9652 9619
4062 6905 7036 6954
4376 2794 4690 3135
2638 6434 4012 6512
6712 948 8744 1537
787 5195 1088 5581
758 1925 1088 5195
2843 2459 3623 3286
0 162 521 1781
144 1781 524 4666
4746 2414 5285 2625
6676 2055 7690 2951
