6999 6763 8165 9813
9478 2576 9677 4268
0 1498 1915 1644
3568 1452 4313 6552
4313 3096 5767 6552
2379 6982 2485 8279
8457 7133 8962 7890
5866 4229 6608 6455
7419 4269 8201 4506
2379 1452 3568 4973
1670 1644 2312 1981
5658 56 6634 1452
8230 4268 9146 6570
5071 6763 6996 7503
2524 4973 3568 7503
7419 5218 8012 5662
4707 8918 6999 9512
1598 1869 1670 6202
9146 5458 9983 6417
3568 6552 7419 6763
4313 2413 5257 3096
9146 4268 9887 5156
8230 2576 9478 4268
798 4398 932 6095
7419 1332 9677 2576
8230 7890 10000 9813
429 6135 1497 7143
6999 9813 9972 9993
5767 2239 5866 6552
9338 56 9677 1331
1670 2144 2379 10000
2613 8487 4261 9522
0 7143 1011 10000
6634 56 9338 1332
914 56 2284 429
7419 2576 8230 4269
4284 8487 5193 8804
2521 9527 6573 9897
7419 6156 8144 6735
6634 1332 7419 6552
2379 8487 2613 9477
1011 8340 1222 9529
8225 6763 8230 7826
2380 4973 2524 6978
0 5 9301 56
5866 2239 6634 4168
2524 7503 6387 8487
1497 3206 1591 9539
3838 6850 3869 7245
9677 56 9969 4249
8962 6570 10000 7890
4774 56 5658 1452
4360 1452 6634 2213
6387 7503 6999 8918
2571 56 4774 1451
8165 7932 8216 9711
241 577 2552 1105
