5677 7994 6431 8862
218 8393 914 8522
6156 749 6805 3310
4928 8252 5446 9531
3781 1197 5164 3367
7999 749 8947 1377
1699 3407 4836 3412
341 2392 1732 3354
9721 4783 9775 6210
2472 8393 3937 8954
2426 8323 2437 8364
73 7048 218 7536
0 8522 1323 10000
7566 2839 7823 2945
0 4646 2438 6435
6080 0 10000 186
8166 2826 8319 4044
6448 4037 6803 5081
3856 895 5149 1148
8556 8217 8826 9508
2438 5558 3308 7828
7410 6595 9067 8217
1323 8968 3982 10000
5677 4037 6448 7989
341 1576 1374 1852
6805 4044 7991 6191
1747 244 2914 895
341 3367 1699 4646
3310 4037 4085 4646
65 244 1747 1485
5765 8913 5938 9310
1699 4037 3310 4646
6080 186 10000 749
7991 4677 9081 5867
4385 9648 9469 9996
218 6435 2438 8323
1699 3412 6805 4037
6448 5092 6742 8434
6805 6191 9665 6595
6805 1377 8947 2826
1323 8393 2448 8832
1747 2456 3493 3360
0 0 6080 244
3308 5226 4085 8393
2438 7828 3232 8365
2059 895 3781 2456
6805 6595 7410 8217
4385 8393 4781 9631
3982 8531 4339 9805
2438 4646 4085 5226
320 3416 341 4345
1763 895 2059 2307
7126 9033 7786 9464
9128 749 9979 2790
4787 9546 7176 9636
8319 2889 9817 4035
4787 9647 7839 9648
7060 3026 8166 4016
9711 7066 9860 8775
8947 749 9122 2774
218 2574 275 3121
7991 4044 9830 4677
2914 244 6080 895
2438 5226 3308 5558
6805 8217 8556 9033
9067 6595 9711 9647
5164 895 6080 3367
5002 7078 5677 8252
4330 6715 4787 7136
4085 4833 5635 6490
6805 749 7999 1377
9830 2826 10000 6595
