1706 8367 3249 8919
1706 8270 6944 8367
9381 6084 9645 6575
4781 767 4950 4081
3317 767 4781 1050
482 71 912 1774
0 7213 452 9282
3053 7662 3508 8083
7372 0 9897 323
6854 4896 7283 6278
8776 8113 9354 8771
1321 3563 1348 4070
7539 8800 9354 9317
7686 3226 7987 4492
8722 5501 9333 6679
4719 8794 6177 9274
482 3 3287 21
1572 9282 1846 9353
2686 8919 3249 10000
0 4954 1705 5557
4736 6801 7099 6883
7372 2289 9508 2369
5737 3326 6014 3835
7803 987 9674 2289
540 7213 907 7865
3249 8794 4719 10000
9354 9547 9897 10000
9897 0 9986 10000
5346 6900 6373 8270
2401 2522 2704 3528
482 33 6271 71
5313 5870 5569 6202
8217 2537 8249 3075
4204 5924 4630 5946
2478 6278 3053 7300
5737 4501 7383 4699
3009 1696 3317 3528
3009 818 3300 1696
0 5557 849 6883
907 7213 2202 7299
6134 480 6362 3226
849 6109 4137 6193
6209 5916 6598 6089
2782 7300 3053 8270
3511 7662 4734 8270
3545 480 6134 767
6373 6900 6921 8224
481 2755 1315 3223
9674 323 9897 7572
481 1774 748 2755
7011 8113 7539 10000
3220 6278 7105 6615
7283 5398 8500 6623
1909 9282 2686 9994
5642 188 6321 480
907 7300 2782 8270
3888 2715 3911 3151
4950 767 6134 1075
1705 5395 3862 6050
4519 4281 4781 4954
8745 9317 9354 10000
1113 188 2102 939
7539 9317 8743 10000
1321 2755 2089 3321
7372 2437 8679 2537
2704 480 3009 3528
6014 3226 6783 3476
222 4277 2372 4943
6362 0 7372 2139
555 3796 1173 4112
1572 9404 1626 9757
3249 8367 6944 8794
452 8919 2632 9270
5031 3835 5303 4926
4659 188 5642 480
1276 1200 2102 2107
9354 8113 9897 9547
8021 4199 8451 4711
452 8270 1706 8919
6177 8794 6965 9257
1705 4954 2676 5249
79 516 482 1715
2907 407 3336 476
748 1792 901 2518
2144 2755 2379 4239
7011 6900 8383 8113
2102 188 2401 2107
912 2107 2346 2721
9986 0 10000 10000
8500 4135 8555 4598
7391 987 7517 2088
7517 987 7803 2289
4740 6623 8722 6801
4781 4081 4949 5104
0 1774 481 4191
3053 8112 3511 8268
0 4191 2125 4276
481 3224 1314 3732
8184 5003 8347 5398
2704 188 4659 407
8722 4778 9369 5469
6944 6900 7011 8777
4950 1075 6134 2720
0 6883 2478 7213
2401 188 2704 2522
7560 8189 8741 8800
3053 6900 5346 7662
3133 6649 4736 6900
2401 4669 3527 4843
0 9282 1572 10000
2401 4281 3693 4660
9383 4685 9674 5908
8021 3719 8716 4135
3710 4281 4519 4898
5569 4734 8464 4896
8383 6801 9670 7570
8722 2537 9674 4685
2401 3528 4781 4281
912 939 2102 1200
1365 5557 1559 5890
5303 3835 7686 4501
4734 7662 5346 8270
3317 1050 4212 2715
1018 1268 1276 2082
1527 6248 3910 6278
6362 2534 7372 3226
1113 71 6362 188
8383 7572 9897 8113
4719 9278 7011 9985
1628 9389 1878 9988
6362 2139 7372 2534
3349 2715 3440 2873
5004 2720 6134 3209
5569 4896 6854 5916
7372 959 8391 987
3009 484 3531 767
849 6278 2478 6883
912 71 1113 939
1348 3355 2137 4174
4212 1050 4781 2715
