6844 3947 7115 6474
8064 6852 8215 7109
8508 1346 8720 2725
9312 268 9477 8343
2159 8166 2751 8279
1797 7968 2895 8008
883 4077 3762 4383
6423 9408 9198 9490
55 8012 3305 8157
4951 5005 6269 5680
1444 438 2075 769
345 1555 1193 2995
55 9305 1708 9406
1193 1585 1347 2956
55 7405 909 8012
7115 838 7181 4965
345 2995 1394 4022
5128 268 6059 1420
3380 5005 4226 6028
7183 8343 9166 8685
1797 7405 2976 7968
1195 4623 2100 5420
2619 1420 4982 1501
1911 1865 2193 3098
3216 268 5109 438
1394 1585 1911 4022
1193 1565 1734 1585
2976 7405 5502 7781
7115 4965 7660 6852
7982 5245 8836 5824
9737 0 9764 7398
6882 838 7115 3605
8666 6463 8956 7529
55 1410 4420 1420
5502 7405 8579 7780
9664 812 9715 8322
7181 838 7585 3297
8841 8697 9513 8797
6273 3429 6573 3840
5932 5680 6348 6852
7843 2905 8473 3092
6423 9490 9677 9768
3720 2574 6118 3035
7660 5861 8025 6071
1932 769 4577 989
1933 4388 2481 4623
2248 5420 2500 6439
6626 3791 6819 5544
6626 2750 6783 3791
8079 5858 9077 6018
0 268 270 1410
53 5437 55 6924
3380 4663 5836 5005
5826 3429 6273 4623
6854 465 8130 838
1195 6767 3380 6885
767 9538 1778 9888
3386 6028 4226 6607
2075 645 4514 769
1195 5420 2248 6767
3305 8012 4667 9394
1210 6885 1865 7391
2751 8157 3305 9394
174 1420 345 7405
5065 8370 5985 8607
4226 5005 4951 6885
1708 9095 2280 9406
55 1420 174 7405
778 9406 1355 9505
7585 1346 8487 1874
9004 6071 9306 7558
7660 6463 8545 6852
3516 1987 3720 2881
909 7405 1797 8012
2196 1806 6429 1978
4667 8639 6656 9393
5096 3429 5826 4623
1708 8157 2096 8842
2629 1555 5025 1777
8724 1346 9312 2410
1197 769 1932 987
7660 4965 8802 5148
8288 8799 9656 9365
1865 6885 5438 7405
767 9898 10000 10000
8598 7405 8659 8128
2075 444 4456 638
6348 5680 6838 6831
2100 4870 2582 5420
8724 2574 9297 4929
270 269 3213 438
2196 1987 2726 3090
1360 438 1444 705
1081 989 3625 1410
3720 1987 6467 2501
345 4383 1195 5657
2248 6456 2979 6763
7585 845 9216 1346
3568 3098 5096 4022
4951 5680 5932 6885
7181 3297 7585 4965
345 5657 1195 7405
2751 9394 9521 9406
4667 8012 8598 8343
9483 812 9608 4113
5438 6902 5876 7405
7660 6071 9004 6463
7183 8697 8287 9393
6059 268 6772 1555
7585 3916 8213 4653
2582 5542 3097 6432
6648 2460 6854 2717
4577 438 5128 1410
1911 3098 3568 4022
7585 2905 7793 3459
2481 4383 3872 4623
2789 1987 3515 3097
5096 3098 6626 3429
55 9406 767 9631
1805 9406 6423 9898
3872 4022 5096 4623
2976 7781 8394 7972
270 438 1081 1410
5932 6852 8064 7405
9771 7811 9989 8077
6772 268 6844 1413
9483 297 9725 812
55 8157 1708 9305
0 9631 767 10000
3625 989 4577 1410
2120 8388 2734 8973
8666 7617 9301 8163
2100 4623 3380 4870
0 0 9737 268
