4313 8730 5467 9622
6373 3652 8023 4257
434 2769 968 4230
4175 2735 4405 7543
6373 2400 9486 3010
2537 5019 3108 7487
0 4627 1829 5525
1225 1145 1226 3244
3472 1431 3995 2735
8023 3652 9486 4949
2155 7072 2292 9641
4742 2210 9479 2400
4405 6587 5648 7541
6137 3623 6373 4476
7204 328 8808 525
1639 2735 3455 3313
9486 0 10000 1110
8294 7407 8880 9030
3108 5494 3921 7906
4316 7543 4774 8511
3987 5171 4175 7612
6373 3010 9486 3652
4405 4949 9366 5274
4979 2400 6304 3453
233 7881 1221 8404
7662 5274 8822 6694
9687 6441 9992 9086
1639 1303 2278 2385
4405 740 6724 1878
0 323 968 2769
0 0 1464 323
2584 1431 3472 2735
9035 917 9224 2208
9366 6441 9433 7612
2292 7487 3108 10000
233 5525 1823 7072
4175 9732 5384 9989
6373 4257 8020 4615
3995 1431 4157 2150
5467 9360 10000 10000
4742 1881 6245 2106
968 323 1223 2699
7070 7616 7151 8769
1807 7072 2119 7843
434 4230 1826 4625
0 2769 434 4627
1226 1303 1590 3145
9366 4949 9975 6317
968 3519 4002 3853
1829 5652 2291 5751
0 5525 233 10000
6460 5283 7593 5369
4405 2052 4710 4615
5467 7543 6976 9360
2350 4230 2537 6481
8880 5274 9366 9360
7151 5369 7662 9360
7669 7594 8265 9360
1464 0 8623 323
4405 323 6360 724
1683 8347 2155 9798
233 7205 1375 7881
9486 1110 10000 4949
2584 323 4405 1431
4405 4615 6769 4948
7662 6694 8869 7405
6035 5369 6907 7454
2676 4357 3660 5019
5649 5274 6013 7207
8623 0 9486 323
3108 7992 4174 9995
6724 525 9034 1876
968 3854 3149 4195
233 8440 1242 10000
1226 323 2584 1303
4462 5444 5649 6587
