1411 3723 2083 4194
709 5287 1411 5800
5536 2621 5729 3005
6853 8093 7769 8355
9399 8334 9693 9245
8729 3743 9308 6834
1241 3723 1411 5287
1003 6747 2178 7559
1888 201 2440 2950
5095 0 9860 602
1836 3047 4551 3133
605 375 709 6752
3411 1441 3949 2609
709 5800 1003 6586
4221 8524 4348 9457
1003 7618 2800 8369
709 9505 8990 9664
2178 4488 2763 4909
2809 7618 5287 8524
3041 4039 3184 4488
709 7681 1003 8371
0 8887 709 10000
5878 5924 7631 6648
5821 7096 9135 7399
5287 8425 6786 9451
709 9356 2809 9477
709 8804 1442 9356
1411 4488 2178 5800
2440 539 3284 1203
3248 5888 4169 6715
5372 3950 7691 4135
8859 943 9399 3743
1836 3145 4985 3636
2440 1203 3411 3047
7405 9282 7620 9409
6815 8355 7405 9505
7878 5226 8647 5372
5000 3743 8438 3802
7863 1401 8158 1712
5480 7998 6815 8381
6738 1856 7863 3402
709 6586 1003 7681
5000 3047 6738 3402
5287 7618 8223 7998
2809 8524 4221 9477
7431 5299 7714 5804
9860 779 9994 9665
5774 602 9704 943
9135 7096 9399 7618
4354 8524 5287 8694
1003 7559 8690 7617
5456 9665 9766 9978
5818 943 6645 2331
0 831 585 5592
1004 8371 2809 8804
709 9477 3013 9502
7769 8502 8223 9505
3184 3950 4174 5832
4612 3761 4755 3802
8223 7618 9399 9505
9704 3231 9810 3246
0 5592 605 6752
7863 2668 8859 2833
4176 3950 5368 5459
1003 5800 2178 6747
2178 5888 3238 7517
4176 5471 5246 5909
1009 277 1836 313
5000 3402 6957 3668
3411 2609 5536 3047
856 1930 1241 4713
1241 1930 1834 2462
7769 7998 8223 8502
3248 6994 3434 7488
3248 6905 4563 6966
5372 4163 7716 5272
1442 8804 2809 9356
9399 943 9704 8334
5927 5299 6613 5716
0 7666 580 7722
7863 2833 8859 3743
3248 6730 5213 6905
5462 759 5755 1433
709 886 1670 1290
3949 1441 5774 2609
4176 5924 5811 6718
7760 5372 8698 6867
7760 6867 9395 7080
5095 602 5449 1438
5787 6809 7716 7096
7863 1712 8859 2668
0 0 5095 201
774 8371 1004 8698
2094 3802 7760 3950
3466 6994 5539 7551
3411 201 5095 1441
6738 943 7863 1856
