4142 8843 8305 9130
5648 8289 7119 8843
4680 1152 5329 1545
1224 4982 1943 5455
5045 7371 5648 8843
2109 1831 2367 6425
7611 2960 7915 3087
9623 5484 10000 7232
21 1714 234 4136
2109 6425 2683 9182
8322 6091 9093 6392
1224 2939 1440 4698
1549 0 2367 1831
3873 1152 4680 1561
3639 8073 4219 8497
3692 5478 7196 6425
7119 8289 7846 8519
6083 6767 8226 6822
9093 0 9329 880
3936 4748 6568 5461
6449 804 7510 1152
6741 1152 8490 2208
8494 1533 8554 1798
2367 5478 3692 6425
8200 4432 9093 5478
2896 1561 6236 1931
2367 1931 3120 3255
4252 7201 8708 7371
2729 6425 4252 7903
9093 898 9331 6425
5679 107 5986 393
0 6794 1291 8450
980 8496 1291 9958
0 8450 979 9627
6144 68 8444 791
9623 0 9858 5484
2729 7903 4155 8066
2367 3255 3531 3807
5340 2012 6531 2588
7566 5255 8189 5478
9858 0 10000 4319
1552 9340 2229 9411
3563 3255 5340 3823
2367 3835 5299 4712
5562 7054 7089 7201
1549 1831 1915 4982
6741 2208 7566 5478
8558 0 9081 1218
3120 1931 5340 3255
5729 6426 8641 6683
1291 8641 2109 9287
4252 7371 5045 8843
7196 5478 9093 6091
1291 9418 3671 10000
5340 2588 6741 3099
1915 1831 2109 4982
234 5570 2050 6260
9121 6425 9623 9287
2367 4748 3884 5472
9858 4319 9999 5388
9331 0 9623 6425
7510 791 8312 1040
2367 1561 2896 1931
3773 9772 7424 9998
9623 7232 9921 7871
5441 3099 6115 3821
5648 7952 8708 8289
8305 8289 8897 9247
3873 0 5679 1152
8558 1248 9080 2201
286 2939 1224 4724
5648 7371 8708 7952
4635 9634 7503 9757
4503 6425 5198 7162
6115 3099 6741 4748
688 6290 1874 6786
3690 9463 3773 9926
2407 0 3873 1049
6236 1152 6741 1931
7503 9287 10000 10000
3773 9287 7388 9626
8708 6425 9121 8289
7196 6091 8001 6356
0 0 1360 919
7926 2208 9093 4432
1291 6794 2109 8641
234 1714 880 2672
7566 3087 7926 4432
2771 8073 3625 8988
9623 8006 9989 9095
891 996 1549 1673
