5130 9372 7829 9406
2421 5795 3448 7579
5079 3702 8489 4084
7251 1361 9086 1771
2421 1274 3368 4859
2421 4859 3082 5795
6985 2782 8605 3696
0 5713 284 9663
0 0 773 3840
5130 8595 8471 9220
3870 2767 5062 4596
284 5713 1686 7579
3368 1277 8365 1361
3368 1361 7251 1771
7048 6415 7795 6714
773 0 2421 2003
6866 4718 8449 4808
8779 4269 9446 4571
1686 6884 2421 7579
2421 0 4215 1274
3368 1771 6985 2767
0 4495 426 5713
9408 7797 9796 8093
1686 4495 2421 6884
6985 1771 8605 2782
426 4495 1686 5713
4310 5575 4807 5724
9032 1771 9083 3148
3448 6345 7019 6514
8110 5575 9245 5768
284 8852 3448 9663
699 4494 1780 4495
9086 1361 9443 4231
9443 728 10000 4231
7048 6714 9407 7392
3448 6515 5367 7385
5248 0 5641 690
8605 1771 8918 2698
284 8239 3448 8852
5079 2767 6538 3591
9935 6570 9978 8061
3368 2767 3870 4718
773 2003 1780 4494
4783 7393 5669 7465
3448 7393 4783 9514
393 9663 1174 9949
9408 8408 9934 9998
6184 6519 6911 6890
4310 4859 8331 5553
4783 7527 8997 8484
3448 5795 8172 6212
4786 8595 5098 9965
1780 2003 2421 4495
5641 193 7758 728
0 3840 747 4338
4215 728 7010 1180
284 7579 3448 8239
3082 4859 4310 5795
8449 4718 9935 5575
