0 2 2003 461
2214 6703 3631 8044
1201 8230 6221 8892
157 6703 1201 7303
9069 0 9872 2277
157 8574 1137 10000
7774 3576 9042 5513
157 7603 1201 8574
1718 8044 5295 8228
9069 4514 10000 5513
1201 6703 2214 8044
9110 5513 9726 8864
8002 0 9042 705
6050 9660 7550 9789
6229 1135 7626 1574
7780 8459 8486 9797
5899 705 8282 1007
9726 5513 10000 10000
7626 1436 8400 3019
9069 3012 10000 4514
7626 3019 9042 3576
7774 5513 9110 8459
4593 9700 5103 9807
157 7303 1201 7603
0 1846 1384 3586
2540 5143 3504 6296
7744 4059 7774 7826
1384 1846 5994 2793
157 4426 2538 6703
1201 8899 3931 9521
1518 9807 2291 9939
6275 3361 7624 4235
5310 6702 6302 7953
157 3586 1806 3965
6304 7826 7774 9660
1137 8645 1196 9727
6047 4521 6261 6370
2059 0 5899 1668
9069 2696 9787 3012
5899 0 8002 705
8486 8864 9726 10000
3631 3586 3822 5799
6277 4492 6304 6612
1384 2793 4446 3586
4446 2793 5310 8044
5310 4192 5988 6681
9042 0 9069 5513
2059 1668 5936 1768
8486 8459 9081 8845
0 461 2059 1846
6304 4367 7626 7826
0 3586 157 10000
6275 3150 7478 3361
6725 4237 7239 4352
