1939 7485 2424 8287
8762 3220 8816 3496
1659 1688 9684 1751
1659 3496 2351 3624
1367 3775 2234 4148
5926 1751 7537 3496
7537 1954 9870 3177
2841 5108 3033 6194
7652 3177 8412 3484
3234 1751 5926 1967
0 9671 2394 10000
1791 2384 3234 3455
9046 9041 9743 9981
9870 1873 9997 2580
5301 9753 6672 9866
15 0 260 8173
7537 1792 9724 1954
3860 8648 9762 9041
7475 4028 7699 5824
260 6769 1706 6998
2770 4148 2841 5430
6518 3496 7475 4602
7188 9041 7794 9985
3234 1967 5926 2266
1588 8287 2506 8648
1659 1751 3234 2384
2506 7458 3079 8187
3164 7458 5346 8174
2990 9690 5301 10000
3989 9456 5159 9690
3954 8193 5065 8353
9459 3177 9762 8648
291 7493 824 8498
2394 9358 2990 10000
3395 8363 7075 8648
7075 6033 7456 6789
3860 9093 6693 9117
9762 3177 10000 10000
7075 7429 9459 8648
2467 5580 2841 6194
5498 7289 6958 7378
3044 4694 6118 5103
4266 0 4582 1109
1961 79 3958 411
7831 3936 8866 5887
6245 0 9872 422
875 0 1367 4866
9035 3520 9304 4017
7475 3496 8812 3932
2841 3496 6118 4694
1367 4440 2725 5580
6937 4602 7029 4916
648 5580 2467 6768
7475 6177 8443 6785
3044 5103 4729 5872
1550 411 4082 510
0 9358 2394 9671
5498 7378 7075 8015
6163 3496 6518 5093
7850 9535 9018 9989
0 8498 1588 9358
1379 1683 1659 3378
824 7276 5413 7458
7075 6789 8743 7429
2467 6194 4732 6768
260 6998 6514 7276
1408 730 4173 1683
2990 8648 3860 9690
5498 8016 7035 8358
8887 6300 9223 6509
1706 6768 4491 6992
9277 4017 9459 6766
7850 9041 8929 9505
260 325 723 5365
8743 6789 9459 7429
6514 5103 6837 7160
1588 8648 2990 9358
6245 476 9610 1486
2538 8192 3375 8635
824 7458 1583 8453
3936 9209 3965 9431
4732 5103 6514 6998
8902 4017 9235 5835
4266 1468 5451 1644
3234 2266 5902 3259
260 5580 648 6768
