8402 6483 8607 8667
9689 3741 9997 7842
3803 3821 4512 5536
7354 4725 8906 5352
7565 5352 9230 6483
9243 3661 9466 3741
4653 2269 5250 2589
265 669 585 6834
1455 1621 2675 2420
7509 3092 9314 3616
4567 1677 5821 2198
681 9217 4235 9258
8214 2201 9334 3062
3714 1398 4553 1710
7414 1688 8135 1815
5698 3654 7074 4113
3862 5536 4728 8707
8553 102 9765 1564
5033 6483 5546 7661
7270 1058 7367 1650
962 2452 1288 2841
4728 5536 5000 8124
791 0 803 4234
681 8781 5017 9217
6921 8746 7310 9742
1228 6834 1547 8629
7164 102 7844 889
6412 4117 9243 4350
7414 3092 7473 3600
8906 4350 9637 4576
9779 102 9970 1456
9685 8064 9994 8745
8609 6483 9671 8028
716 6834 1228 8584
1879 9261 3116 9671
3537 4607 3789 5406
585 669 779 5060
4728 8124 7210 8680
4567 2589 7414 3189
0 7012 620 9295
9243 3741 9689 4350
3803 3654 4512 3821
5333 4117 6412 6483
3012 1608 3166 5536
5441 3189 7414 3654
7711 3776 9081 4117
3166 1710 3537 2714
803 0 1455 2420
4744 3189 5441 3348
7210 6483 7674 8707
5402 1058 5725 1476
8214 2050 9193 2201
3245 1058 3707 1692
8906 4582 9689 5315
2580 3397 2621 6578
7310 8746 8844 9800
3012 5536 3704 8117
2868 1608 3012 7273
8844 8992 10000 9800
4522 4247 5333 4969
2147 7597 2719 8036
6282 6483 7210 8124
271 0 791 648
1575 8263 3200 8699
6412 5352 7565 6483
1228 8707 9685 8746
7354 4350 8906 4725
0 0 265 6834
7674 6483 8391 8482
2507 509 3073 666
681 9800 10000 10000
3443 28 7738 102
5000 5536 5333 6483
1575 8117 3704 8263
6412 4350 7354 5352
5017 8746 5387 9209
9521 1688 9779 2725
1370 2420 2057 5328
4049 1710 4567 2875
4512 5029 5166 5495
3813 3217 3949 3237
803 2841 1370 4390
5000 7685 6282 8124
3704 5536 3862 8707
6169 1663 7270 1867
1455 102 3166 509
4728 8680 7210 8707
1455 509 2507 1608
9230 5636 9683 6483
7414 2230 7863 2664
0 9295 681 10000
3537 1710 3803 4607
585 5762 1575 6834
5394 8752 6909 9800
5546 6483 6282 7685
681 9381 1761 9800
4400 9221 5361 9261
2690 1608 2789 5387
585 5328 2057 5762
1761 9421 1864 9621
681 8749 4987 8781
681 9270 1813 9381
1575 5762 2147 7597
2057 2420 2147 5413
7414 1106 8212 1688
1575 7597 2144 8098
3166 2714 3537 5536
791 4390 1370 5328
8844 8757 9754 8992
3412 9322 5247 9727
8609 8064 9610 8668
