5866 8028 6273 8869
5680 1624 6354 2725
4253 3963 5140 4006
4418 3105 5835 3578
2428 766 9912 941
8474 2835 9912 3103
6350 9173 6856 9771
3384 4006 3515 4350
6854 2952 8474 3105
5238 243 5338 374
2952 6173 3902 6888
5676 1352 6095 1614
0 9394 2959 9760
7391 4376 9060 4622
7391 3472 7703 4354
0 9793 4339 9794
2714 8124 3313 8195
3961 450 4414 689
5107 1624 5178 1887
1285 8413 2114 8493
1786 7436 6062 7779
8938 1696 9134 2525
940 2551 3373 2853
1786 6165 2030 7436
3784 9395 4569 9669
8456 3731 9591 4370
465 5120 2194 5391
2428 717 9196 766
392 6967 1786 7865
5640 1052 8021 1352
4613 8485 4709 8708
62 4666 1829 4891
940 3103 1506 3918
9664 5886 9697 6883
9225 4376 9595 6077
3120 5120 3396 6165
5151 8028 5866 8608
9271 227 9912 766
62 6027 736 6967
5338 0 10000 227
4857 4006 4960 4341
4418 3578 5835 3963
0 9173 4268 9394
3124 3105 3446 3963
3468 942 4320 1052
4958 9173 5449 9356
6854 2854 8226 2952
9595 3103 9912 4683
196 6967 392 7650
62 5453 736 6027
3396 5416 4665 6165
2030 6585 2749 7436
9946 227 9973 4216
62 2012 940 2849
22 717 1565 720
6354 2525 9912 2725
102 0 1769 693
5178 1624 5680 2805
6600 7555 7577 7991
392 7865 3749 7980
23 1353 41 9059
1360 1624 1949 1773
9372 7351 9750 8897
6029 5627 9072 6147
62 4579 5349 4666
9237 6165 9301 6904
5027 9066 5789 9155
940 1500 3247 1621
6024 5554 8479 5627
7932 6165 9237 6904
3446 3105 4418 3963
0 9801 8667 9963
8479 4771 9072 5627
1769 138 5338 243
3373 2551 5178 3105
9813 7351 9892 8816
4328 9061 4964 9173
7397 7991 7803 9562
2194 5120 3120 5453
7900 4771 8424 5380
1029 856 2428 1001
5682 449 7564 717
9697 5814 9917 7100
4756 9529 6123 9713
736 6559 1786 6967
7770 1624 8938 2525
9145 1645 9833 2417
5533 6165 7932 6400
3313 8124 4400 8922
5338 449 5680 715
4371 5000 4971 5317
8667 9801 8920 9980
7809 8271 8611 9110
1984 5453 3120 5491
6600 7100 9860 7344
7716 3472 9595 3731
62 1353 940 2012
2032 9963 3430 10000
3464 1624 4195 2551
6426 8028 6600 8909
1949 1624 3222 2174
2568 6225 2710 6526
7036 3472 7391 4437
2749 6184 2946 6805
3061 7004 5330 7249
940 2853 1644 3103
0 0 22 8607
9072 4376 9225 6146
9145 1129 9780 1645
6062 6904 6544 7443
9672 5482 9925 5490
1984 5491 3120 6165
1937 5026 3573 5120
62 5000 1995 5001
2030 6295 2491 6585
4665 6147 9262 6155
62 4377 3074 4527
9912 227 9942 4559
1786 7779 5765 7865
4611 6266 5464 6608
5338 227 8107 449
9301 6147 9537 6821
62 6967 93 8196
5835 3105 6305 4252
728 1211 4137 1353
4665 5427 7717 5494
7809 7351 8459 7821
4485 941 8767 1029
4973 5627 6029 6115
9917 5814 10000 9801
6600 6904 9595 7100
8474 2725 9912 2791
1786 5453 1984 6165
6062 7594 6545 8028
6600 7991 7338 8476
6095 1352 8021 1624
6305 3105 8264 3455
7564 449 9271 717
5178 2805 6854 3105
5027 8626 5834 9043
41 1353 62 9059
4276 4357 6153 4378
1973 248 4764 325
3310 1353 5640 1624
4396 6923 5582 7001
7425 9568 8650 9790
550 8028 4328 8079
4268 9173 4958 9394
5835 4252 6118 4356
940 2178 3201 2547
8107 227 9271 449
3086 6919 3592 7004
3334 1624 3464 2333
6354 1967 7770 2525
6640 4771 7760 5361
940 3963 3384 4357
8474 3103 9595 3472
5680 2725 8474 2805
8474 2791 9912 2835
22 1052 23 5644
3771 9683 4004 9711
736 5453 1786 6559
1644 3105 3124 3963
940 1353 3310 1500
8021 1052 9145 1624
7729 3841 8456 4125
1769 0 5338 138
6354 1624 7770 1967
8894 9202 9087 9445
22 9059 3703 9149
4799 8028 5003 8487
1829 4666 9072 4771
8658 7351 8865 8124
4195 1624 4993 2551
1829 4771 6640 4891
3396 5120 4371 5416
1644 2853 3373 3105
62 2849 940 4357
62 4891 5508 4991
5741 6538 7607 6904
44
5805 6357 7607 6736
