9109 0 9321 2588
5078 8961 7095 9616
4399 5865 9681 6069
6321 2503 7111 2673
8557 9070 9681 9659
7095 9061 7639 9616
120 5016 1178 6242
1574 719 4984 737
8424 2666 8645 2739
7095 8896 7631 9061
3800 439 4701 676
8648 5035 9361 5406
9489 6331 9660 6768
9602 4296 9893 5865
2869 4251 3302 6360
9088 8000 9389 9070
6882 1685 7726 2503
7483 4540 8196 5341
8557 9659 9893 10000
4433 1412 5692 1931
6703 7258 8265 7451
5875 2818 6215 3235
2925 2146 3064 4149
6102 6363 7820 6435
120 9687 824 9904
2634 2510 2843 3881
2269 769 3355 1184
9602 0 9857 4296
6242 1835 6882 2503
9681 5900 9880 9209
6242 1703 6581 1835
3800 119 4996 439
93 2862 1463 3031
2269 1219 2672 1871
8424 1184 8784 2595
2699 6360 2807 8489
8557 8000 9088 9069
3302 4027 3876 6069
5323 5734 6702 5855
296 6242 1178 6302
0 9904 2679 9992
1884 1586 2260 1631
5555 8063 8073 8231
3925 7451 5282 7992
4698 8961 5078 9509
0 1321 568 1487
2679 9619 2964 9992
8300 7451 8557 9992
3876 4027 4399 6069
93 1550 506 2859
0 119 591 1321
3274 6709 3792 9464
120 7912 1584 9456
6574 4540 7312 4692
6269 5345 8648 5734
5295 7451 6076 7848
1884 2998 2549 4056
824 9846 2679 9904
9091 2029 9109 2493
7820 6360 9488 7203
1892 6859 2341 7426
3925 8303 6951 8481
6875 6539 7618 6653
6269 2755 7292 3541
6574 3673 8091 4085
4399 2503 5263 2817
1892 6360 2679 6859
296 6302 1178 7198
8810 3698 9224 4465
5839 8481 7095 8961
2673 1448 3069 2146
591 119 1203 719
3302 3240 3672 4027
6140 719 8346 1184
3509 6486 3796 6547
4399 3905 5223 5865
296 7198 1081 7711
9857 0 9893 4296
3925 8481 5839 8961
2654 4251 2869 4285
4971 6360 5443 7156
4399 3634 6122 3905
3621 737 5278 1169
1753 5016 1892 7426
93 3031 1014 4360
0 9992 8557 10000
2341 6859 2677 9782
0 0 5687 119
120 9457 2333 9687
591 719 1574 1550
6701 9616 7112 9899
8557 7235 9679 8000
3672 2503 4399 4027
7726 1685 8389 3189
4251 1246 5545 1392
2842 6360 3247 8149
1178 5016 1753 7426
6269 4698 7383 5340
3799 7451 3925 9906
8346 1028 8753 1047
1655 987 2240 1360
8073 7451 8300 8269
5315 719 6140 1184
3302 6069 9330 6360
9414 100 9602 1191
506 1550 1884 2859
2269 1184 6722 1219
9389 8000 9681 9070
5574 2052 5651 2375
5692 1685 6242 2503
3302 2541 3640 3240
5223 3905 6269 5734
3796 6360 4590 7200
5687 0 8138 447
5692 1219 6683 1657
824 9778 1663 9846
120 4360 1884 5016
2269 2987 2523 2998
1892 5016 2634 6360
4251 1940 5268 2406
130 6610 296 7912
8196 4556 8613 5345
9323 1193 9559 3782
5789 6435 6568 7191
98 4360 120 9154
1590 7912 2192 9271
46 2741 93 8965
6722 1184 8424 1685
4996 119 5499 375
7639 8269 8300 9616
1203 119 3800 719
1014 3031 1884 4360
4399 2887 5347 3280
1178 7426 1999 7877
6274 3673 6574 4698
3672 1219 4251 2503
3064 2146 3302 4251
8830 0 9088 2584
9893 780 9994 7109
7588 6653 7759 7006
06 6876 7759 7047
