7089 7822 7613 9116
879 1427 2526 2352
0 45 1389 944
3966 3718 6278 3953
3966 5548 7261 5877
12 955 124 9690
3592 298 3985 955
9147 45 9865 536
4798 5877 7261 6257
1933 6932 3394 7268
3966 1870 5327 1979
124 9855 9690 9972
9779 7761 9954 8314
979 8601 1933 8778
2332 2352 2526 3625
3966 4601 6382 5547
7105 2378 8456 3379
7613 300 9008 1187
1111 5461 2732 6117
1474 9544 6595 9855
3478 2196 3966 3625
6513 6285 7102 6838
936 6610 6334 6825
3966 955 6321 1269
8693 3718 9708 5852
1960 7299 4567 7465
936 6897 6959 6927
3966 3954 5967 4601
8671 9264 9330 9336
124 5297 3398 5461
2822 45 6321 207
879 955 2526 1427
2008 4290 3321 5297
6737 1269 7658 1581
814 9544 1474 9854
124 1917 879 4779
6321 45 7613 747
2008 3625 3966 4280
3611 6932 5350 7292
5331 7822 5871 9521
4985 6257 6513 6610
9498 5852 10000 7761
4231 7525 8305 7822
936 6257 4985 6610
8456 1726 9867 3359
9708 4407 9980 5454
6382 3954 7548 5548
5394 207 6321 955
1933 7675 2938 7913
8428 7525 8616 7756
879 3864 2008 4466
4487 2137 4752 2222
126 1057 879 1917
7549 3954 8693 5546
6636 9212 8671 9855
2037 45 2822 955
7658 1269 9976 1725
4269 5877 4798 6217
3985 207 5394 955
8693 5852 9498 7525
6074 1726 7037 3349
124 6804 936 8780
1064 8780 2942 9140
2008 2352 2332 3625
7261 5548 8693 6932
3036 7525 4231 9160
124 5461 936 6804
2526 955 3966 2196
9147 925 9662 1269
5971 3954 6376 4533
879 4466 2008 4779
1177 2352 2008 3864
6321 1127 7418 1153
3966 2072 4487 3718
6074 3413 9620 3715
936 6840 6355 6897
1402 45 2037 922
7613 45 8911 242
2526 2196 3478 3625
124 4779 2006 5279
251 8868 1064 9544
4231 7822 5210 9145
5350 7276 8693 7525
8305 7761 9779 9212
4487 2265 6074 3718
930 2352 1177 3247
0 0 10000 45
7105 1863 8408 2378
2708 9173 5101 9499
3398 4280 3966 6257
5350 6946 8214 7276
3966 1269 6074 1870
