0 2572 4647 2631
3628 7991 5278 8247
8942 9349 9858 9787
1676 1171 3523 1306
7069 1018 7108 2330
959 3564 1273 4913
7498 3249 8595 3369
445 8202 1783 9707
8673 2822 8726 3549
1376 2807 2153 3501
2271 6838 5090 7645
1676 885 10000 1018
1007 7379 1442 8202
0 532 1676 2572
6 8132 445 9505
7069 2330 7108 8651
1922 2341 4530 2504
1918 6712 5090 6838
1376 3501 2155 5082
4392 1018 5431 1732
43 6198 968 6629
968 6503 5090 6629
3056 2995 4363 4217
7108 1018 7363 9541
234 3564 959 5116
0 7062 425 7976
0 6838 1142 7055
0 2669 1376 3564
6245 2995 7069 4866
2153 8247 3659 9464
1783 6838 2153 9707
7487 4094 9350 4943
5278 7991 7069 8651
5122 1732 5404 2669
0 6629 1918 6838
7363 6477 8191 9541
2271 7991 3628 8247
234 5116 2162 6193
7487 4953 9373 5434
4338 9707 8191 9788
3058 39 6723 266
2162 3227 3056 6193
1918 6629 5090 6712
53 3564 234 5994
1676 532 7268 885
9675 2211 9872 4933
8942 6477 9989 7574
2011 6193 3056 6440
7487 3369 8673 4070
3058 328 6790 532
5431 1032 6540 1236
6245 4866 7069 7991
8942 8710 9773 9003
5090 3627 6159 6542
7268 520 9648 885
3961 7645 6245 7991
4338 9788 10000 10000
4363 2995 6245 3624
7363 1137 7631 1391
9378 2822 9540 5499
3753 8247 4901 8554
8191 6477 8942 9788
0 9707 4338 10000
8034 2215 9499 2822
7363 1391 9989 2211
8163 1018 8353 1271
9989 1018 10000 9031
6542 1018 7069 2995
7487 5527 8331 6477
1676 1306 4392 1732
0 0 1598 413
2156 6838 2271 8227
2271 7645 3961 7991
7268 276 9991 478
3056 2669 6542 2995
3056 4217 4363 6503
4363 3624 5090 6503
7392 2211 7487 5273
3584 9596 8031 9707
1676 1732 5122 2341
5090 6824 6213 6896
5157 8651 5987 9506
2162 2769 2851 3227
7487 5434 9378 5527
8942 7574 9989 8710
5431 1660 6542 2669
8331 5527 9989 6477
990
