752 65 2062 420
2757 3487 5712 3747
0 5640 3378 5817
223 5097 623 5615
1490 1009 2271 1925
1492 4636 2397 5560
5725 2376 6658 2985
1250 6773 8688 6850
752 420 1813 909
8048 3858 9757 4232
1939 7746 2674 8575
8456 9401 10000 10000
9757 5832 9836 9145
6934 3797 7869 3853
4376 909 5121 1978
8352 7596 9091 7788
827 6773 1250 6844
4227 3827 6934 3858
8688 5496 9056 6881
6960 3858 8048 4232
4642 5496 6095 5733
0 5817 6095 5927
9555 4902 9753 5382
9057 5036 9555 5943
3890 1816 4376 3280
8676 917 9078 1586
720 8620 2518 8813
6658 1947 7277 1996
7322 7596 8176 8557
5712 3487 7684 3747
368 9208 9371 9232
5204 4567 7578 4806
2783 737 10000 793
497 7746 650 9073
8176 8096 8373 8557
6473 9401 8456 9960
6095 5496 7884 5767
7884 5496 8688 6668
1175 7080 3146 7196
1390 5927 2236 6773
187 1925 646 4066
6095 6668 7861 6753
5424 3009 9006 3056
0 6850 1170 7741
5518 7686 7322 8557
650 8813 3155 9208
2828 7631 5578 7686
4166 5307 6905 5418
2772 1816 3154 2462
2783 420 8865 734
5121 909 5725 1978
3060 7219 4514 7474
3825 6954 8211 7080
1534 9462 2243 9904
8211 6954 9144 7596
4993 3280 5757 3487
7971 3056 9128 3858
3378 5023 3954 5490
0 0 144 5640
2704 9517 6119 9997
4989 6354 5540 6391
752 922 2004 1009
4376 1978 5424 2576
4552 3858 6960 4303
1 7746 368 9211
2062 65 3202 420
6182 8813 9144 9208
9832 904 9833 5327
1168 3280 4993 3487
5725 1634 7824 1695
2757 3747 3875 4150
3146 7080 8211 7219
2491 4150 3425 4333
8436 4650 8803 5376
7825 4509 9057 4567
3378 4937 4671 5023
5424 1978 5725 2985
144 1708 752 1869
4500 7686 5215 8813
6905 5280 8436 5496
5215 8557 9144 8813
9555 4232 9622 4621
3875 3747 7971 3797
3155 8813 6182 9208
144 4989 1073 5096
9057 5943 9757 6954
3202 65 6379 420
9128 2985 9757 3858
2942 6978 3825 7061
3825 6850 5913 6952
1168 1925 2271 3280
5202 9238 10000 9401
5757 3280 7684 3487
1813 420 2783 793
9894 793 9981 5854
2236 6354 4883 6491
9144 6961 9602 8332
6095 5767 7884 6668
6379 65 8874 420
0 5927 689 6773
8211 1586 9112 2774
689 5927 1390 6773
650 8160 1683 8301
2271 909 2772 3280
2236 5927 5742 6354
517 9238 5202 9315
5725 1913 5980 2376
3954 5023 8436 5280
233 4333 6885 4362
144 4365 6132 4483
144 0 8874 65
1813 904 6756 909
3963 3797 4178 3948
2674 7686 4500 8813
752 1009 1490 1925
4041 4582 4496 4905
1168 3487 2757 4150
1813 793 9840 904
4514 7289 8186 7595
5896 7240 7983 7289
7684 3056 7933 3373
4302 4498 6327 4549
5424 3056 7684 3280
9057 4498 9555 5036
6960 4232 9555 4498
5215 7686 5514 8548
2772 909 4376 1816
8874 0 10000 737
9840 793 9894 8877
1171 7219 2658 7742
9144 8332 9757 9208
6068 6856 7555 6954
4376 2576 4533 3258
3554 6511 4012 6745
6887 909 8676 1578
787 5096 1088 5482
646 1925 1168 4150
3165 1816 3890 3280
144 65 752 1708
144 1869 752 1925
5074 2576 5285 3115
6658 1996 7672 2892
763 7699 2659
