6320 6894 7908 7148
0 2644 2812 3630
2812 2630 6431 3185
6931 1053 7944 3069
3978 3818 6431 5263
3871 5263 3945 5728
9285 1228 9637 2190
1157 6721 2812 7249
0 5241 2481 6721
1157 9261 7658 10000
7658 8377 8446 8813
2812 5747 5577 7197
7944 0 9285 4258
6913 5528 7666 6212
2812 7197 6253 8245
5577 6257 7774 6726
6913 3070 7944 4245
9285 0 10000 1181
6253 7197 7908 8245
0 6721 1157 10000
2812 2151 6431 2630
6431 1259 6913 4669
2812 8245 6198 9228
1157 7249 2812 9261
374 817 1821 2644
7658 8329 9357 8377
6431 4669 6913 5665
3408 0 3702 71
2481 3630 2812 6721
7908 5528 9285 7533
9285 2786 10000 7533
6224 8245 7467 9200
3631 1267 6412 2151
1580 3630 2481 5241
0 3630 1580 5241
0 0 3373 451
2812 3185 3826 5692
3790 0 7072 440
7908 7533 9946 8086
3884 3185 3978 5060
6913 4258 9285 5528
1821 461 2781 2542
4643 5272 6345 5747
5577 5749 6305 6257
8446 8377 9023 8724
6913 461 7723 928
7680 8813 9883 9413
3978 3185 6431 3818
7859 9455 9477 9937
9648 1181 9998 2739
2812 1259 3536 1957
2812 878 5635 1259
