1408 9513 2157 9990
8449 0 8829 233
2157 9379 5559 9801
8807 8637 9729 10000
492 6994 1791 7627
2157 9801 8807 10000
0 3681 289 6994
4160 7205 5496 7586
0 928 2972 1701
4035 3472 5033 4015
7823 6325 8083 6806
5344 3339 6039 4727
4739 5116 5332 5794
8267 1583 8747 1999
0 7816 492 10000
8807 7750 9581 8637
2972 299 4035 2861
2102 1701 2972 2861
6160 5257 6634 5536
9595 0 10000 3339
1791 5419 4351 6188
2102 2861 4023 3677
5559 7627 6499 9801
8703 6325 8785 6876
1023 1701 2102 2356
5496 6927 8512 7214
8785 4662 9623 6695
3335 3681 3761 3922
3820 6913 5173 7154
314 3681 2912 4085
8395 9015 8807 9763
8753 299 9595 3339
289 3681 313 5346
492 8496 1142 10000
5110 5820 5470 6222
0 6994 492 7816
0 0 2235 299
1142 8853 1869 9513
6758 1560 8151 1840
9729 6154 9964 9712
2159 6540 3140 7551
0 299 2972 928
4368 1853 6723 2309
6723 1853 7852 1929
1791 6303 2732 6312
9629 4662 9877 5313
2235 0 8449 299
4035 4015 4739 5419
6723 3031 8753 3339
7644 3631 8716 4489
4035 2317 6617 3294
5207 8664 5306 9379
7520 3339 7644 6316
6876 3341 7455 3512
6758 299 8267 1560
9629 5740 9727 8504
4035 984 6758 1853
4035 300 6730 984
6499 7627 8807 9015
7644 5220 8669 6279
4739 4015 5305 5087
5496 7214 9629 7627
7506 2738 8753 3031
6499 9015 8224 9785
0 1701 1023 3681
5344 4840 5983 5725
289 5419 1791 6994
492 7862 3794 8496
1704 4899 3065 5419
3140 6222 6160 6913
8785 3339 10000 4662
314 4085 1470 5409
1023 2356 2102 3681

