9583 3978 9832 5000
8259 3266 9577 3501
9114 1886 9970 3266
4582 902 5664 2373
2779 8303 3530 9168
3530 8303 4337 9407
8259 2617 9093 3138
729 8879 1690 9387
0 0 108 9837
8259 5807 9482 7898
4412 6510 4728 8982
7605 3012 8259 4141
1729 0 1773 3261
4728 7494 6042 8667
9482 5807 9916 7625
4728 6510 6086 7494
5399 5285 6097 5632
880 53 1211 120
6161 7494 6689 9707
729 7422 1778 8879
5737 867 6233 1673
6840 8171 8079 8750
2749 867 4577 2242
108 0 323 9407
6086 7365 7844 7453
5686 4728 6445 5257
2749 3159 4337 4922
2749 443 4652 640
6086 6510 8259 7365
4337 3159 5686 4051
6784 9328 7868 9820
7605 4141 8259 6510
8332 5378 8887 5807
2749 2373 5686 3159
729 3955 1015 7422
6233 443 9997 1173
7967 7898 8725 8072
5686 1762 6786 3012
380 3782 729 9128
6233 1186 9236 1762
3001 655 6208 847
2657 443 2749 7267
4337 4051 5322 5664
0 9837 2102 9938
8259 3928 9530 5307
323 120 1455 3782
6848 2662 8249 3012
108 9407 6128 9837
8725 7898 10000 10000
9314 1174 9928 1651
1778 5888 2260 7267
8259 3511 9640 3883
6464 4775 7586 5285
2749 5806 4017 7236
1455 120 1715 3696
2294 443 2657 6621
5686 3012 7605 4728
1778 7267 2757 9407
6786 1762 9114 2617
1778 0 10000 443
5322 4051 5588 5282
1780 443 2261 5439
4337 5664 5322 6510
2749 4922 4106 5659
6689 7494 8258 7897
6097 5285 7605 6510
2757 7267 4337 8303
8079 8171 8719 9827
8 9325
