3112 4809 4170 5544
2191 2832 2609 3226
1162 5581 2755 5613
2998 3840 4218 4726
5543 5865 6076 6892
6612 132 7314 746
5470 9567 6521 9967
5302 7156 6866 8535
5274 3153 5412 4415
7401 5820 8916 6210
311 1051 1951 1632
3569 1803 5944 2139
0 687 232 3305
0 9567 3335 9932
7928 123 7999 691
0 450 4486 687
5591 2653 5929 3002
3569 1294 5895 1366
2809 4887 3055 5400
4752 2331 5258 3900
6201 5820 7400 6344
6839 1803 7885 1999
1414 687 6612 745
5543 6892 8528 7145
311 8209 985 8762
9343 6263 9818 6682
7125 3031 7358 3141
6941 795 7885 1803
2260 4079 2992 4809
7702 3023 8016 3153
2162 9256 6522 9381
9974 2578 9993 5426
1778 6211 2445 7734
2445 6934 2824 7104
8665 6344 8819 9674
5944 1803 6839 1999
9295 3482 9868 3878
6879 4694 7398 4835
4218 3765 4594 3869
3017 6942 3559 7156
3571 5865 4703 6867
2157 9381 3764 9490
6866 7156 7822 7709
9332 9104 9941 9673
4218 5067 5086 5568
5947 3878 6252 4153
3822 8535 8480 8724
6201 6344 8552 6892
3235 8850 4694 9197
2625 5636 4404 5820
671 5636 2624 5865
6252 3878 9868 4188
1951 1758 3373 2121
0 237 3916 449
7391 691 8985 744
6252 4188 7644 4672
8582 6344 8665 7443
3822 7156 4266 8404
2445 5865 3533 6910
2617 2832 2710 3297
1162 4876 1784 5509
5412 3482 9295 3667
9157 1999 9974 2932
5821 4672 6523 5367
3604 7156 3759 8214
6523 4835 7164 5367
232 746 9624 795
5821 5367 7164 5636
1951 1051 3569 1758
4880 8850 5632 9256
84 3305 206 7495
1592 6580 1729 7339
6433 3667 9295 3878
3157 7156 3235 8585
8916 4835 9223 6344
8438 3153 9742 3482
5258 2653 5579 3137
467 838 2866 1051
4218 4817 5209 4958
8886 0 8992 447
7030 9675 8306 9975
5412 3878 5821 5579
428 4876 1092 5518
2445 7955 2989 9194
7885 795 8742 1999
232 1051 311 8868
7508 6210 8538 6340
2624 5636 2625 5865
7644 4188 9170 4762
3235 8724 6190 8850
8819 8835 9332 9975
311 4621 371 8115
9868 3482 9974 6263
9624 746 10000 1999
0 51 5825 132
7802 4835 8916 5820
4404 5636 7802 5820
593 9214 1312 9496
9223 8656 9246 8835
3764 9381 6459 9562
428 5636 671 6653
5412 3667 6433 3878
709 3840 2091 4274
1543 5865 2327 6211
9332 8309 9995 8942
1951 2139 2741 2491
9637 2932 9973 3110
0 9185 519 9454
1413 2491 2741 2832
8172 2034 8603 2133
3543 7718 3604 8161
8742 795 9624 1999
4271 7156 5302 7423
4218 3900 5258 4439
2741 2139 6156 2328
8819 6344 9223 8835
6256 2146 9027 2331
428 4342 2151 4876
7153 8115 8316 8535
232 8868 490 9183
1413 3069 2103 3458
8480 7156 8549 9213
2151 5400 2874 5524
709 1632 1951 2491
6265 2653 7114 3113
311 1632 709 4342
709 2491 1413 3765
6522 9367 7831 9638
5280 2331 9157 2601
9332 4188 9868 6263
428 5613 4440 5636
1543 7372 1709 8582
4304 7423 5133 8222
3569 1366 6941 1803
3569 1054 5574 1250
1413 3458 4752 3765
4723 5865 4997 7150
709 3765 3568 3839
2741 2331 3446 2832
9742 3153 9932 3304
4440 5579 5820 5636
6190 8724 8480 9256
926 5865 1383 6381
428 6691 980 8022
7114 2668 8987 3018
5039 5865 5527 7148
7164 4835 7802 5636
0 9975 10000 10000
5412 3153 8438 3482
2625 5820 6201 5865
1067 6668 1516 7466
3446 2331 4752 2832
4 9742 2722
