1505 3419 2440 3754
811 4727 888 8804
3534 2968 5537 3005
7768 8227 8030 9143
9533 7617 9670 9572
8647 3825 9704 5426
1296 1815 1398 4579
1304 6129 1915 7887
811 888 2440 1815
1583 313 6486 888
2798 3071 3147 3740
96 1493 648 2748
3415 1230 3949 2348
888 6129 1248 6798
4221 8526 4418 9127
1995 7713 3248 8790
592 9477 2270 10000
1758 4727 2179 5312
4418 6128 5287 9127
3183 3754 3234 5013
592 7874 811 8804
0 7722 592 10000
5878 4889 6538 6812
9134 5428 9703 7193
5287 7971 6698 9061
592 9127 1442 9477
592 8804 4221 9127
1505 3754 3183 4727
2440 888 3949 1230
3863 5648 4409 7043
6704 3869 6889 6188
5390 2348 9705 2788
1505 1815 2440 3419
2440 1230 3415 3071
6959 9393 7594 9436
6959 8234 7752 9384
8501 4603 8647 5372
6704 3061 7001 3744
7758 1653 9313 1712
6704 7229 6959 9127
7021 2851 8303 3825
888 6857 1209 7933
3334 3071 5369 3400
6959 7229 7920 8227
3974 9127 6959 10000
7209 5194 7714 5477
9860 0 9982 9760
6486 313 9849 852
8322 7617 9381 9342
4248 7592 4418 8525
5905 7017 6704 7575
9705 1712 9860 10000
5141 888 7340 1410
0 2978 569 7722
1004 7982 1994 8804
2270 9477 3199 9539
6959 9437 7906 9939
3345 3766 4335 5648
4612 3761 4755 3802
7920 4786 8322 8227
9704 2788 9705 4378
592 2978 811 7874
5502 2788 8249 2849
4901 3894 6612 4889
888 5648 3863 6129
1995 6129 3157 7615
4614 3914 4901 5547
1706 84 1836 313
3495 3402 5452 3668
3420 2353 5344 2851
856 1890 1241 4673
1398 1815 1505 4727
8091 8227 8291 9386
3377 6905 3460 8012
3466 6905 3848 7115
7021 3825 8466 4786
1442 9127 3974 9477
8322 7193 9705 7617
6612 3894 6704 7003
569 6098 589 7722
8303 2788 9704 3825
3377 6178 3850 6905
5141 1432 6522 1575
648 888 811 2978
3949 1653 7628 2237
4901 4889 5878 6128
8466 5426 9134 7193
8322 4786 8466 7193
4723 888 5141 1596
5310 6128 5825 7203
7758 1712 9563 2310
0 0 1459 854
889 7976 1004 8630
5458 3164 6683 3894
3466 7122 4157 8793
2059 0 9816 294
7690 888 9828 1376
8
