7348 8683 8336 9634
5439 8320 6144 9523
4504 43 4681 1484
1195 5222 1914 5695
5045 7690 5439 10000
1874 6402 2343 8939
7914 3042 8168 3194
9901 391 10000 6819
21 1596 234 4018
2343 6402 4684 7078
8792 5827 9093 6598
1224 1931 1538 3141
0 1079 4062 1526
4310 1484 4656 3167
3927 7647 4351 8227
1874 6037 6821 6402
6150 8325 7604 8440
7837 6819 8226 7122
8452 70 9099 391
4024 4953 8590 5364
6697 901 8168 1152
7226 1152 8185 3042
8236 1797 8554 1847
1914 4748 2732 5827
8696 2479 9072 5440
234 1596 4310 1931
1600 1931 2457 3095
5439 7201 9286 7383
2343 7096 3329 9434
9093 2849 9416 6819
5474 86 5760 393
239 5222 1056 8154
198 9542 1291 9958
0 8156 979 9333
5474 393 6679 1773
9093 1085 9901 2849
3420 7096 3530 9209
1224 3178 4269 3389
5474 2012 6665 2588
6246 5446 7807 5535
9093 391 9901 1085
2228 8970 2337 9411
2504 3499 8696 3629
2504 3629 4332 4748
5573 6644 5976 7201
1224 3402 1913 5213
4332 3629 8696 4196
8696 391 9077 2063
3366 1931 4310 3163
7709 5880 8641 6683
1056 8939 2220 9433
4509 7096 5045 9307
2940 5616 8937 5827
1291 9435 3760 9996
4681 2588 6697 2945
1914 3499 2488 4596
1874 5827 6821 6037
8336 8440 9286 10000
2732 4748 4024 5595
9858 2849 9901 6354
9416 2849 9858 6819
7773 395 8174 893
0 1541 3699 1596
5439 9602 7348 10000
9350 6819 9648 7458
1914 3402 6697 3499
5439 7952 8363 8308
6150 8440 8336 8683
4681 0 5474 2588
8185 893 8696 1797
714 1931 1224 5214
5439 7383 8540 7952
7348 9634 8328 9994
5045 6402 5439 7690
4681 2945 6697 3402
1101 5915 1874 6676
3772 9463 3855 9926
2102 37 4107 804
6697 1152 7079 2195
9286 7467 9849 10000
6150 8683 7348 9602
8540 7383 9286 8440
6863 5827 7668 6092
0 0 1838 680
4332 4196 8696 4748
1056 6676 1874 8939
320 1931 643 3847
6697 3042 7914 3499
3530 7096 3896 9231
9849 7467 10000 10000
0 814 1681 1079
