0 95 2512 461
1687 6703 3630 7930
1034 8267 5295 8855
1102 6703 1638 7898
9018 0 10000 1817
0 8267 1034 10000
7800 3019 9389 4514
382 6703 1102 8267
5099 4687 5295 8045
8030 4514 9291 5268
1102 7930 5067 8267
9291 4514 9758 9596
7626 0 9018 609
3803 9596 6780 9661
7038 706 7626 1749
6303 8459 9283 8776
5899 10 6933 706
9758 4514 10000 9596
7800 1851 8849 3019
9389 1817 10000 4514
7446 1817 7800 4179
7941 7682 9291 8459
4593 9700 5103 9807
0 6901 337 8015
382 1669 1827 3281
1827 5332 2980 6296
6312 7825 7799 7901
1827 1669 4007 3360
382 3281 1827 6703
1138 8855 3303 9596
1518 9812 2291 9944
5911 711 6289 3830
5295 7771 6303 8855
3 2274 382 3923
3303 8855 9291 9596
1042 9062 1138 9727
6047 4521 6261 6370
4007 0 5899 4432
8921 2449 9324 3012
7626 609 9018 1817
6780 9596 10000 10000
3441 4432 3632 6645
6303 1817 6312 8177
1827 3360 4007 4432
3632 4493 4989 7842
5295 6370 6303 7771
7941 5376 9107 5504
3511 828 3972 1669
6303 8776 9210 8855
0 461 3130 1531
6312 5376 7941 7825
0 3923 375 6847
6381 2158 6592 3361
6725 4152 7239 4267
267
