8687 7066 9905 7234
3784 7904 4294 8187
914 3323 1720 4354
8695 7234 9295 7663
4524 8397 5241 8796
914 8163 2140 8429
5258 9689 8185 9734
9040 2533 9905 2810
185 8429 2140 8603
5994 6104 6933 6664
5994 6664 6933 6871
150 9702 3799 9862
9342 334 9815 870
7698 2047 9040 2810
8826 3706 9586 4244
8508 5107 8687 7671
6847 4586 7496 4780
270 5099 375 5248
8826 4244 9212 5107
9011 5107 9212 6096
1720 3021 2049 3504
2045 2156 7300 2277
1047 2277 2999 2532
7312 2047 7698 2788
6058 2449 6589 2693
5403 783 5960 1009
5277 7333 8508 7671
6058 2711 6342 3044
6150 1009 7266 1570
3661 1673 4563 1873
5318 4508 5789 5069
1472 7152 1901 7163
9003 8397 9483 9272
6170 8829 7247 9033
6352 2711 6785 4811
797 2532 2999 2585
5452 2449 6003 4508
3638 3954 4140 4453
185 428 2613 643
6003 4939 7233 5724
8113 3706 8531 4586
3444 1039 3556 1292
5801 341 8482 442
9210 334 9342 884
4094 5181 4651 5275
3638 2990 4140 3954
5241 8441 8495 8544
2298 1673 3542 2101
8616 884 9405 1331
8616 334 9210 884
2999 2277 3232 4354
2045 1570 4529 1673
8531 3706 8826 4586
185 5397 703 6054
3160 8829 3799 9290
150 0 185 9256
230 6139 914 8253
2140 4754 2339 7671
914 7341 1472 8163
4585 7723 5187 8236
3490 272 5801 442
1141 2739 1720 2988
185 9404 858 9466
9003 9272 9483 9660
6785 2711 7300 4586
8687 6096 9905 6263
1047 955 2116 1075
3638 2449 4757 2990
3232 2277 6641 2449
914 6181 1008 7341
2007 194 2390 347
914 4754 961 6143
9212 4244 9477 5215
9295 7234 9905 7671
6058 3079 6352 4939
9018 7685 9469 8333
6933 6104 7729 6615
1047 1292 4971 1449
1042 4754 2140 5043
914 4354 3638 4688
3661 2047 7300 2156
5962 564 6217 1000
4233 6287 4652 7052
8687 5107 9011 6096
797 763 1031 2258
3490 549 4539 640
914 2988 1720 3323
7776 1296 8616 1424
8964 2810 9586 3706
3799 8829 5766 8837
2376 2585 2999 4354
5277 6287 5803 6859
5277 6871 6406 7333
3799 9038 7287 9208
1546 9385 2833 9686
0 9862 1840 10000
1280 1449 1886 2264
185 8796 7287 8829
7643 7730 8887 8058
2140 8187 4188 8596
604 2886 797 5099
5318 5112 5966 5374
4890 3377 5452 4508
1679 5043 2046 6181
5801 272 10000 334
5853 7723 7643 8058
3638 4453 4890 5181
4563 1570 8564 1614
8001 8058 9018 8397
4704 6287 5160 7135
8026 1424 9666 1537
1720 3504 2376 4354
9586 2810 9867 5674
6003 2449 6057 4682
4140 4269 4890 4453
7596 4044 8113 4189
262 1904 604 4791
3799 9208 5233 9847
5238 9862 7915 10000
797 2585 914 6139
7776 442 8616 1296
5241 8544 7287 8796
3790 5618 4647 6104
2630 7685 7956 7721
9905 7685 9965 9842
2046 5043 2123 5990
3661 1976 9040 2047
185 25 944 94
1720 2585 2049 3021
7729 6104 8508 6871
4941 1449 5213 1566
4140 3377 4890 4269
604 782 784 2886
914 4688 3638 4754
1019 7004 1470 7339
8338 4586 8508 5811
7080 6615 7362 6868
9040 1873 9965 2533
2339 6104 5994 6287
6641 2277 7300 2711
6406 6871 8506 7328
2140 7671 9531 7674
2339 4992 3612 5362
4757 2449 5434 2986
5187 7723 5821 8236
2339 6287 2665 7071
0 0 150 9862
7287 8544 9003 9208
1840 9862 2424 9976
4971 1009 6150 1449
4140 3039 4637 3377
3799 8837 6170 9038
4890 4567 5276 4616
7266 442 7776 1570
8687 6849 9905 7066
8508 4586 8826 5107
7300 2810 8964 3706
1008 6181 1472 7004
1207 5079 1679 5990
3490 442 6727 549
8687 6550 9905 6849
2390 94 3490 428
6969 442 7266 1004
4176 8603 4521 8792
6003 5811 8335 6055
9905 2533 9965 7685
185 8829 3049 9385
2675 6287 4233 7138
3232 2449 3638 4014
9543 7685 9903 9862
3490 0 10000 272
8687 6263 9905 6550
150 9466 1546 9702
9023 9660 9483 9837
7122 8058 8001 8384
3661 1873 9033 1976
1047 1451 1224 2230
7496 4586 8338 5811
3848 1098 4133 1195
9965 884 10000 9862
9483 7685 9543 9862
2049 2585 2376 3504
1042 5043 1639 5066
6352 4811 7130 4936
2629 7138 5277 7607
