1355 4124 1602 5157
8882 6913 9361 8646
4280 8470 4753 9810
2649 4745 4202 5357
2660 8313 7500 8470
5633 3942 5937 4324
5036 3097 6654 3715
5036 6980 6924 7041
7782 1922 8450 2441
1619 5357 3065 5604
3681 5357 4392 5951
3869 2441 7011 2917
9361 5799 9520 6410
5036 4324 6339 5203
1926 9358 2072 9482
3085 6029 3641 8313
3641 6029 3681 8252
7795 4610 8127 8313
7500 8478 8127 9069
8529 5799 8871 8565
1355 9596 4210 9819
8529 8649 9402 8840
1207 4110 1355 9054
1619 8470 1870 8912
4720 6445 5036 6859
7011 4816 7789 6526
4642 7041 7011 7233
3946 8472 4217 8812
588 0 4903 174
1802 2917 3337 4089
8992 6788 9357 6827
5528 9915 6297 9962
3163 4110 3426 4638
5036 5203 6304 6980
334 410 1777 662
4519 8287 7646 8292
771 9873 5508 9915
6629 9069 7412 9448
312 4090 370 5253
7373 8470 7500 8959
8452 5370 8529 9692
2795 6029 3085 8313
0 9054 1355 9873
998 4110 1207 8073
1355 9827 3702 9829
2352 1097 3822 2115
998 3035 1676 4110
1221 181 5534 409
8127 4610 8450 9069
7011 6714 7637 6815
3869 2270 7400 2426
6304 5203 6679 6975
6339 3717 6662 5203
8450 2861 9263 3371
4328 1444 7354 2107
4392 7233 5526 7902
2223 409 2352 2269
2352 700 9051 873
5608 7233 7001 8142
1777 409 2223 2269
2352 409 5034 700
1619 6673 2660 8470
5534 0 8620 397
5505 873 9552 922
9051 0 9552 873
7412 9069 8450 9706
4344 1097 5505 1399
9552 8442 9616 9083
3681 7986 5090 8178
9753 2002 9942 5140
1802 2495 3853 2894
1619 4110 2144 5357
5034 409 9051 700
4392 2917 4610 6790
2149 8470 3455 9290
4004 2917 4392 4714
312 662 1121 2150
1128 662 1772 2016
8828 3425 9441 5190
7500 8313 8127 8478
7782 1345 8421 1922
5505 922 7782 1444
0 349 255 5082
6412 9706 9552 10000
7795 2467 8139 4610
3681 5951 4316 7389
3426 2917 4004 4714
2352 873 5394 1084
1910 6150 2660 6673
9552 9083 10000 10000
0 8090 1205 8901
0 5253 998 8090
6679 2917 6999 6951
2144 4110 2649 5357
2660 6029 2795 8313
3065 6017 3389 6018
1355 5157 1619 9596
7031 2441 7795 4581
312 2269 3869 2495
1619 5604 3065 6029
