5784 7093 8165 8701
9481 2421 9742 3755
0 1443 1391 1644
2552 427 3638 4045
5001 1257 5784 8701
2407 6202 2485 7965
8205 7843 8962 8348
5866 5311 8165 6023
7420 4269 7894 4660
0 4045 2523 5993
1977 427 2058 3098
5784 0 6602 1916
8038 3817 9839 4804
5866 6023 7175 7093
2485 6202 3868 8001
6490 5039 7420 5311
4827 8972 8038 9396
1497 6034 3354 6202
9839 2421 9976 8280
3868 6202 4775 7124
3765 2152 4448 3096
8038 4804 9341 5309
8038 2421 9481 3817
0 5993 1496 6145
7420 1272 9559 2421
8962 7843 9839 10000
251 6279 1497 7143
7625 9400 8616 9940
5784 1916 5866 7093
7420 1071 9559 1272
1497 6202 2407 9434
2407 8762 3440 10000
0 7143 1412 9251
7420 0 9559 1071
1597 113 3462 387
7420 2421 8038 4269
4827 7129 5001 8701
4827 9400 7509 9959
7175 6300 8140 6735
6490 1916 7420 5039
2407 8047 2731 8762
0 9434 2407 9538
8165 7512 9228 7517
2523 4440 2738 5783
1597 0 5784 113
5914 1916 6490 4488
3440 8001 4827 10000
0 9538 2213 9807
3868 7129 3899 7524
9559 0 10000 2421
9366 4805 9824 7843
4586 1257 4991 5011
6602 0 7420 1916
4827 8701 8147 8970
3638 113 5784 1257
8165 8718 8595 8929
2165 427 2552 3580
