2156 9819 3984 10000
8131 76 9063 171
2156 9513 7356 9667
9475 7098 9729 9015
1410 7290 4129 7630
3984 9819 10000 10000
218 243 352 3929
508 7202 5496 7290
352 243 2020 2155
4439 3054 4801 4551
7602 6265 8083 6525
5172 3054 5728 4789
4415 5009 4740 6246
7644 1910 8684 2102
0 7970 508 10000
8497 8309 9475 9011
2020 243 6363 927
2020 927 2226 6004
5854 5378 6691 5536
9729 171 9998 6462
2226 4543 3781 5809
2226 2053 3111 3824
2156 9667 9729 9819
8234 6576 8785 6658
1809 2155 2020 5801
8492 7202 9334 8230
8500 3876 9214 6262
3111 3639 3834 3781
5172 6227 5623 6950
352 3214 1791 3929
5496 9015 9165 9099
8131 171 9729 1910
259 3929 290 5218
508 9513 2156 10000
5172 5820 5532 6222
0 7202 508 7970
218 128 6363 243
1142 7312 1360 9513
7912 128 8131 1909
9729 6741 10000 9819
0 7098 9475 7202
2226 927 4435 2052
6363 1910 6735 4797
6363 1853 7895 1909
1791 6303 2732 6312
9224 4769 9658 5141
0 0 8131 128
3948 2437 4430 4530
6822 1910 6995 5987
7644 3876 8500 4949
4436 927 5622 3054
5111 9111 5306 9474
7428 3760 7644 5469
7109 3319 7622 3512
6363 1015 7912 1853
8248 6360 9630 6556
6363 128 7912 1015
5877 927 6363 4720
5496 7710 8492 9015
7644 4949 8479 6249
4801 3295 5155 5009
5496 7202 8492 7710
8183 3030 8753 3671
7356 9111 9729 9667
0 128 218 7098
5172 4826 5811 5711
290 5026 1518 7098
508 7290 1142 9513
1518 3929 1791 6350
1518 6350 4764 7080
8753 1910 9729 3876
290 3929 1518 5026
352 2155 1791 3214
