6824 6372 7713 10000
0 1174 791 2093
8860 9176 10000 10000
7927 3195 8542 5236
2272 1825 2719 2711
530 9145 2618 9961
3250 3209 4473 3880
6023 5884 6623 6722
0 0 1406 1174
2272 623 3663 1825
712 8817 2679 9145
6824 5236 8340 5649
791 5024 2734 6043
3663 1123 4628 3209
2734 1825 2883 6697
2272 164 4628 623
1406 0 10000 164
9791 2873 9856 8372
7927 1842 8502 2578
5277 1842 5902 5788
2883 3209 3250 9412
2883 1825 3663 3209
2105 1629 2248 4731
9185 1460 9825 2873
791 7180 2325 8626
5066 8318 5867 8802
3337 7476 4476 9412
6023 5287 6608 5652
8832 839 9170 1063
791 6043 2701 6567
1499 1629 2105 2978
8915 2873 9653 4155
530 3518 743 3819
7140 636 8832 1842
4476 8846 6824 9412
1406 164 2272 1629
3266 7476 3337 9174
4628 1842 5061 3208
3293 3880 4462 5915
8860 8372 10000 9176
8340 5236 9791 7083
2667 9494 2852 9819
4476 7797 5028 8846
6824 1842 7927 5236
3663 685 3862 1123
6023 1842 6390 5251
8340 7083 8860 9599
1230 6780 2678 7180
6480 1842 6676 5143
191 6596 496 9813
70 2093 164 4420
6824 5649 8340 6372
3250 6217 5066 7476
4473 3209 5066 6217
7140 164 9154 636
9653 2873 9791 5236
4628 164 7140 1842
7713 9599 8860 10000
8860 7188 9648 7264
6023 6722 6824 8846
791 1174 1406 5024
9856 164 10000 8372
5066 5948 6023 8318
7720 7858 8340 9599
8542 1893 8821 5236
2883 9412 6824 10000
