777 7863 1267 8338
4061 594 5148 782
2102 3788 5254 4261
1049 422 1084 1095
2986 8813 3185 8830
3301 3106 4735 3769
5968 9573 8079 9590
1716 322 1947 3981
6306 4439 7537 4480
2132 2327 5457 2475
4735 3106 6246 3764
6062 8203 6756 8250
51 0 856 467
2723 4446 3575 4941
6547 2170 9404 2313
797 7239 3064 7352
6756 8203 7406 9284
780 9031 1616 9270
26 9774 2027 9990
6316 2927 6355 4122
391 8653 777 8711
8555 5418 8837 5974
7406 7854 7962 8535
4267 6970 4901 7231
9673 2927 9979 7315
9145 6478 9654 8928
3873 5023 7685 5217
7405 562 8046 827
3575 4446 3852 4706
1056 6677 1689 7091
4631 8258 4944 9700
2723 4261 3873 4446
2517 9764 3367 9988
944 5315 1912 5654
7387 2701 8057 2927
9105 9700 9999 10000
2132 1997 2459 2327
2002 8813 2452 9768
856 5302 944 7231
1958 351 2132 3440
9043 4741 9145 9100
3664 1895 3886 2327
2782 594 3886 1604
6297 6324 6747 8203
9145 3822 9454 6182
9621 9100 10000 9700
4052 9383 4445 9628
4441 4261 4600 4910
7410 3903 9058 4126
6306 2741 7387 2927
3536 8813 4052 10000
4052 9005 4631 9383
2793 2475 4402 2985
1634 6653 3247 6670
5975 6087 6062 7666
2132 81 2782 1604
8046 562 8203 1187
1616 8338 2002 9270
6306 1308 6547 2741
6246 4640 7685 5023
4061 973 4309 2327
408 2835 825 3664
3585 6780 3759 6977
5242 5779 5968 6311
6355 2927 9145 3157
3759 5661 4564 5947
9673 8269 10000 9100
8555 6617 8840 8824
6747 7317 8287 7752
6306 4480 7685 4640
5308 6970 5512 9700
6306 4318 9096 4408
4402 2475 5204 3095
5968 9009 6756 9573
8172 5827 8555 6087
8280 9284 9621 9700
1689 6677 2619 7091
3886 594 4061 2327
6355 3157 7361 3886
856 3170 1716 3981
6747 6324 8287 7317
1336 3981 1785 5217
7800 4566 8009 5125
4564 5418 5242 5947
3447 332 5148 594
3447 81 5148 332
4449 5947 5242 6502
7406 8535 8287 9100
8555 8879 9028 9100
6062 6087 8287 6196
8682 3157 9142 3760
6355 4126 9118 4198
3287 1723 3846 1895
856 3981 1336 5302
6747 7752 7406 8203
2861 1667 3174 1997
8854 5217 9023 8435
2002 8599 4052 8813
4267 5947 4449 6970
2002 8338 4631 8599
5148 81 5518 416
5772 6311 5968 9700
3873 4261 4441 5023
777 8481 1578 9031
8009 4408 8200 5217
1336 5217 8854 5302
35 1726 408 3102
7813 1438 8146 1915
8287 7529 8555 9100
9428 1187 9431 2290
5968 8250 6756 8776
6062 6324 6297 8203
5996 5827 7120 6083
856 81 1716 422
7685 4480 7781 5191
5518 81 8697 412
8200 4411 9141 4741
26 9270 1265 9767
7406 9100 9621 9284
5148 416 6732 521
3265 81 3447 594
6981 438 8459 546
4102 8605 4232 9005
4901 1661 5457 1794
2067 5321 2777 5418
5512 7113 5698 9124
1441 1325 1716 2468
1716 123 1967 322
944 5302 5473 5315
7120 5827 8172 6087
4885 782 6981 1187
9463 3544 9672 3761
8200 4741 9043 5217
6246 1308 6306 4640
7330 4270 7923 4288
7410 3785 8539 3846
2102 4261 2723 4941
4052 9700 7989 9980
2897 9305 3490 9714
2505 9108 2776 9334
9463 6061 9673 6446
6062 6196 8287 6324
6756 9284 8280 9573
2067 5486 4138 5661
5968 5506 7757 5827
8057 2701 8627 2927
856 2468 1716 3170
1084 422 1716 1325
8146 1308 8412 1855
2793 2985 3808 3088
5242 5766 5855 5779
856 0 10000 81
1581 9270 1970 9755
5457 1187 6246 3106
6547 2313 7387 2741
1491 7355 1623 7786
1267 8258 4631 8338
5968 8776 6756 9009
6484 521 6811 642
5242 6311 5772 6970
2793 3106 3296 3766
4134 7459 4169 8138
4944 7459 5308 9700
7410 3157 8461 3666
3064 7459 3965 7858
4449 6502 5242 6970
8287 6087 8555 7529
8203 562 9550 1187
4064 802 4830 973
26 5602 366 6193
9145 2927 9668 3514
944 5661 1056 7091
9550 330 9867 1701
6246 1187 9428 1308
2782 81 3265 594
2619 6977 3759 7091
4901 6970 5308 7231
3759 5947 4267 7231
562 1241 752 1726
3174 1895 3664 2327
7387 2313 9550 2701
3185 8813 3536 9305
1056 5781 1620 6677
5 7532 26 9709
5215 2475 5434 3094
1267 7868 3671 8258
3064 7231 5308 7459
26 494 847 1180
1049 1325 1441 2152
4309 973 4885 2327
8767 89 9298 562
408 4418 807 4511
9145 3544 9459 3821
9550 81 9744 312
2132 2475 2793 3769
1947 3769 2102 3981
2459 1997 2681 2258
944 7091 3759 7231
2102 4941 3873 5217
1785 3981 2102 5217
