5292 9787 7231 10000
1580 5332 2853 5882
6105 7695 6554 7843
7271 1755 7468 2799
3538 3830 4170 4528
6632 6706 6905 7843
6279 556 7771 1422
4648 4528 5407 5468
597 5259 1139 5673
3113 6706 3421 9025
851 7850 1930 8469
5961 2127 6956 2687
20 8325 438 9202
1999 4938 2675 5299
5961 2807 7096 3839
0 9852 2993 9921
0 9486 1015 9852
3942 7157 4720 7457
2207 6930 3113 7248
3929 7487 4189 8331
9301 9033 9424 9359
2857 4398 3158 4459
2035 13 5888 316
7231 9410 7994 10000
1580 4832 1999 5332
9161 5528 9356 6299
6340 6816 6632 7351
2318 3830 3538 4398
6250 5291 7782 5528
9964 0 10000 5206
3421 6816 3985 7033
4066 5882 6090 6299
5039 1242 6279 1755
6910 7843 7391 8227
9461 1800 9574 1896
359 9268 2313 9486
5888 401 6994 556
5206 6816 5292 9373
5888 974 6200 1242
2035 316 2147 1601
1317 4832 1580 5882
8386 7572 8931 8097
8581 6299 9352 7246
5292 8004 5459 8101
140 1724 1699 2268
1666 5882 1776 6592
4269 7457 4889 9239
2164 733 2977 1753
6905 6706 7323 7838
8320 2807 8462 4390
1180 246 1699 1724
1910 1601 2147 2229
0 246 140 3336
6250 4562 7782 5064
1969 5964 2779 6235
8003 7086 8581 7572
5734 8143 5976 8792
8462 2910 9754 4019
1040 4731 1317 5137
9127 4019 9529 4390
2952 1763 3984 2127
6090 5922 8296 6226
2207 7248 3113 7848
9529 4019 9964 5376
7209 13 7588 478
140 246 625 1724
8118 2807 8320 4302
9180 5376 9989 5485
3421 6706 6129 6764
2833 5882 4066 6449
7578 6621 8400 6697
4452 1242 5039 1567
1913 4817 3987 4832
625 246 1180 1724
3632 9025 4269 9184
986 3354 5429 3581
2207 7848 3113 8484
570 2268 986 3336
2313 9698 2993 9852
4174 968 5135 1183
2977 381 5231 968
2005 8254 2207 8394
6626 7843 6910 8227
2833 6449 7578 6706
6840 1963 7271 2031
0 9921 5292 10000
1317 4532 4459 4663
7994 7572 8333 10000
0 9227 3226 9239
0 3336 597 6930
6530 362 6951 401
2993 9698 4773 9921
1850 914 1905 1542
5407 5528 9161 5882
438 7607 1929 7843
7746 8227 7988 8802
1085 9486 2051 9818
9243 4390 9512 4480
597 6706 3113 6930
986 2268 1699 3354
4170 3581 5429 4528
2147 335 5170 381
2901 2127 5237 2496
6279 1422 7771 1755
3369 9373 5292 9501
2739 4832 4648 4922
8462 4019 9127 4390
9271 0 9461 2799
5292 8792 6105 9787
3985 1755 4598 1868
0 7952 393 8064
6831 8967 7212 9040
2451 381 2833 695
8333 9033 8924 9124
0 0 284 246
4648 5468 5407 5882
8333 9750 10000 10000
2147 1755 2901 2229
5429 2127 5961 4528
4889 6816 5206 9239
1317 4718 2720 4817
2318 3666 3591 3830
6090 5882 9161 5922
2313 9239 3369 9698
9302 9435 9388 9750
7218 2807 7711 4056
5961 4128 6250 5528
2853 4938 4636 5613
9614 0 9927 794
597 3336 927 5127
438 6930 1301 7607
6250 5064 7782 5291
4773 9501 5292 9921
3369 9314 4888 9373
140 2268 570 3336
597 6619 2310 6700
2014 6235 2833 6616
7468 2446 7871 2708
7771 13 8107 1512
284 13 1910 246
7578 6299 8566 6621
3421 7084 3592 8567
6543 4269 7194 4562
9702 1074 9900 1931
8011 4390 8449 5231
9051 13 9271 2000
8931 7572 10000 8226
5231 316 5888 1242
2263 3581 2318 4388
4066 6299 7578 6449
1699 246 1850 3114
1976 13 2035 228
1850 2229 2901 2941
1301 6930 1592 7229
6105 7843 6626 9787
3756 2516 5429 2775
7391 6958 7994 8227
1850 2941 5429 3114
9356 5693 9765 5731
5407 4614 5937 5456
2270 0 7667 11
7391 6829 8373 6958
5961 2799 9373 2804
7231 8227 7746 9410
8333 8226 9483 9033
1699 3114 5429 3354
3369 9501 4773 9698
4174 1218 5231 1242
1015 9486 1085 9852
2977 968 4035 1726
7782 2807 8094 4095
9483 8226 10000 9033
438 8484 3113 9227
