7820 7311 8305 9725
6072 6735 6332 9997
4680 1324 5148 1869
1622 5376 6202 5449
4484 7131 5415 8153
1974 6091 2343 9193
6899 3049 7915 3087
9453 5977 10000 7229
0 1945 519 2939
2343 6091 5975 6508
8936 5977 9434 6443
0 2939 1402 3210
962 1324 2399 2412
3686 1324 4680 1875
4096 8185 4676 8609
2367 5658 7788 6091
6890 8381 7120 9108
7837 6682 8226 6985
8452 70 9099 391
4024 4131 5546 5364
6697 738 7589 1152
7007 1152 8553 2434
8553 1720 8578 2356
2367 5449 7788 5658
8618 3578 8936 6682
2399 1596 3686 3102
641 2412 2399 2939
5415 6508 5975 7668
2343 6508 4022 7881
6697 2434 9316 3025
5394 391 5680 698
947 5449 1324 9047
198 9542 1291 9958
360 6488 947 8451
5823 736 6697 2588
9604 1720 9887 5230
2362 7888 3530 8087
2826 3102 3677 3857
5224 1397 5800 2588
7788 5449 7820 9725
9887 391 10000 5230
2032 9193 2229 9437
3686 3410 5394 3977
2826 3977 4024 5376
5975 6091 6038 9654
1622 2939 2098 5376
6202 3410 7820 5449
6467 472 8880 736
3686 1875 5224 3410
8226 6682 9437 7300
1324 8561 1837 9544
4707 8185 5407 9878
8936 3025 9316 5977
1324 9544 4707 9925
5224 2588 6697 3087
2098 2939 2396 5052
1974 5449 2367 6091
8305 8635 9849 9725
2399 3102 2826 5376
9644 5230 9859 5931
9316 1720 9604 5977
7676 736 8174 1137
2399 1415 3523 1596
6337 8383 6877 9911
9457 7232 9648 8229
5394 3410 6202 3977
6337 6735 7003 8298
8305 8134 9437 8635
1549 804 5823 1324
8553 1217 9542 1720
947 3232 1622 5449
5415 7668 5975 10000
7120 9374 7788 9725
4237 6508 5198 7041
5224 3087 7820 3410
1837 5449 1974 9193
3224 9925 3773 9995
1868 37 3873 804
6697 1152 7007 2434
7120 9725 9849 10000
7120 7205 7685 9374
8305 7335 9342 8104
7297 6091 7668 6666
0 0 641 1945
7820 3578 8618 6682
1324 5449 1837 8561
641 0 935 2105
7820 3087 8936 3578
3571 7888 4064 9473
9849 7232 9998 9907
997 272 1549 1079
