6091 0 8512 273
5631 7506 5948 8053
711 3168 1335 3951
1507 8471 2355 8503
6091 273 8512 439
711 562 1279 2117
7422 2096 8554 2534
6722 5701 9687 6024
3495 3824 4542 4757
3779 598 4228 630
0 0 4304 262
3415 2708 4819 3056
1279 1793 3779 2117
5896 2906 7422 3625
0 262 106 9390
4275 9352 5368 9899
2698 2117 3011 5587
4613 1675 5868 2233
8435 5253 8720 5643
7946 9202 8237 9921
4304 0 6091 262
8554 2096 9693 2322
0 9390 164 10000
3011 5418 4216 5737
3011 3603 3485 3927
7723 2534 9616 3217
1279 562 1982 1510
7840 6035 9153 6529
2679 5737 4275 6674
6257 1649 9693 2096
1982 1224 2565 1509
4566 5472 6043 6540
106 262 6091 439
7840 7959 9531 8037
3307 6977 4236 9711
5394 3625 6599 3819
2468 7129 2615 9258
6722 3858 7420 4468
8512 0 9521 562
7360 9073 7943 9872
7840 8037 9687 8238
1507 6977 3297 7129
6988 562 8451 1111
5896 1649 6257 2906
9616 2322 9902 3904
8161 6661 9405 7344
4634 6816 5997 7187
4613 2233 5145 2668
8554 2322 9448 2516
588 562 657 4413
8450 1140 9046 1634
6713 6024 7840 8238
4734 3056 4819 3824
4595 7879 4880 8222
5394 3819 6054 4898
9902 2322 9999 4822
5825 9073 6699 9704
1279 1510 3779 1793
213 6265 275 7884
4880 7472 5368 9352
7422 2601 7681 3012
4396 1655 4569 2626
6722 4468 7707 5701
2648 8138 3042 9429
2585 5957 2679 6649
6369 5789 6599 8238
3011 2117 3415 3056
4819 2708 5346 3625
6338 2096 7360 2834
6605 7174 6713 7943
7707 4468 8863 5253
9687 7218 9853 9713
711 2242 1825 3168
213 7884 545 8797
3495 3056 4734 3824
1426 6977 1507 8818
658 562 711 4352
106 4475 213 9236
6766 1171 8197 1649
2897 562 3328 1223
5368 8053 6369 9073
1507 7130 2450 7339
1165 9899 7946 10000
8863 3217 9616 3904
4734 630 5057 1208
3011 4757 5394 4898
3011 3927 3495 4757
4542 3824 4818 4661
5991 650 6984 1138
1794 9531 2497 9899
6754 439 6905 557
1335 6674 4275 6977
7723 3217 8863 4468
3415 2579 3584 2708
6599 3625 6722 6024
2641 7129 3238 8046
1860 4882 2012 5791
4890 7282 6054 7451
8571 8238 9687 10000
5346 2233 5896 3625
9521 0 9693 1649
7840 6534 8895 6650
7840 6661 8161 7650
6054 5789 6369 8053
7422 3127 7723 4468
6309 4608 6587 5789
1335 3947 1594 4698
785 3951 1165 9390
5057 562 5840 1557
8464 7650 9005 7705
1165 3951 1335 9899
106 9301 699 9362
164 9390 1162 10000
213 4475 707 5544
8863 3904 9902 5253
4275 5945 4564 8159
1875 2117 2667 4729
4819 3625 5394 4757
3011 4898 4372 5098
6722 3625 7255 3794
6369 8238 8571 9073
9693 0 10000 2322
712 3951 785 5311
