8963 2712 9290 3618
8951 3618 9605 4400
3638 4511 7304 4808
5122 1656 5294 4511
1350 656 1922 1404
2971 4394 3584 4701
5779 1772 6888 2251
155 7043 840 8106
18 7000 155 7908
3474 6351 4635 6858
1037 7000 2878 7339
0 2503 163 7000
6626 2253 6861 3940
7760 3293 8794 3576
8057 4259 8175 4848
5018 4929 5141 6467
163 2503 489 5782
7327 3538 7760 3616
3808 4929 4295 5457
3474 7725 6771 7940
7760 2184 9290 2712
8589 3618 8951 6098
3474 6927 5757 7725
7741 9454 8565 9797
4635 6043 5018 6858
9410 4441 9649 9797
2686 645 2996 2503
937 0 1214 2419
3474 9157 7602 9454
8951 4441 9410 7585
1958 5279 3808 5782
8589 6098 8951 9454
611 9494 816 9562
8358 4848 8589 7065
8738 50 8841 723
5178 4929 6149 6600
0 8988 851 9494
1958 2838 2863 4245
5269 4808 5649 4926
9649 1279 9690 3392
7304 1772 8335 2184
163 6351 1735 6998
3335 7339 3474 10000
4017 3554 5122 4511
1037 8281 1509 8994
7602 7993 7844 9422
6044 2877 6147 3596
6861 2704 6924 3957
5089 9504 6888 9628
2996 795 3823 1516
8358 7065 8589 7952
8565 9454 8626 9777
7760 2712 8963 3293
8951 7585 9356 7661
6583 0 10000 50
3516 3693 3608 4189
734 2503 965 4049
720 4330 1958 5782
3474 6858 6252 6927
1356 1404 2211 2188
5401 2623 5779 3891
5294 645 6583 1464
1868 6606 2052 7000
163 5782 1124 6293
2996 1656 4017 2503
0 9562 1524 10000
7304 3618 8057 4982
3474 7952 7468 8420
8057 4848 8358 6927
7874 8098 8113 8619
851 7000 1037 9494
9290 1279 9649 3618
2211 1404 2686 2503
2864 7339 3335 9806
4597 2319 5122 3554
6750 3957 6924 4511
2878 6351 3416 7261
8974 8327 9220 9036
8335 1279 9245 2115
1958 4701 3638 4929
965 2838 1958 4330
1037 7339 2653 7648
1958 4245 2271 4680
1126 5782 5018 6043
9786 1279 9954 9733
6824 7632 8358 7703
27 8687 709 8988
2573 6043 3366 6276
3474 9030 7519 9157
1126 6071 1723 6351
6583 50 8002 1256
4587 2617 4597 3554
3474 8420 7562 8752
6252 4808 7217 6179
2863 2838 3516 4245
965 2503 3516 2838
7741 9797 9723 9972
7874 8624 8583 9445
5757 6927 8358 7632
6924 1772 7304 4511
3638 2503 3985 4280
1037 7648 1524 8281
6583 1301 7690 1760
1524 8654 1611 9807
4145 9628 7741 9993
3827 713 5247 1656
5294 1464 6583 1772
1958 4929 3808 5279
489 2503 720 5782
3474 8764 7220 9003
7304 4982 8057 6927
6147 2253 6616 3946
1350 0 6583 645
4543 1952 4745 2319
5779 3957 6750 4511
