5218 9339 7917 9373
2964 7578 4246 9254
5208 3605 7354 4212
9033 399 9734 1478
2399 1274 3347 5336
2399 5336 3347 5993
3843 2859 9271 3129
0 5662 284 10000
0 0 1164 2201
5130 8446 7856 9212
3843 3129 5208 4635
1360 3379 1766 7445
6593 309 6992 1361
4856 1362 8592 1789
7324 5817 7573 6714
1164 0 2399 2201
8448 3605 8538 5188
9271 3904 9573 4571
1766 7397 4790 7578
2399 0 3567 1274
3567 0 3843 5993
284 5662 900 6547
9409 8092 9797 8388
1780 3379 2399 7397
3861 1790 7474 2255
0 3841 907 5662
3843 5461 4340 5610
8744 1634 9033 1877
5128 5735 5813 6616
9018 5575 9245 6540
284 9268 1173 10000
1779 3414 1780 4495
8631 1877 9812 2841
9858 0 10000 7851
7338 6714 8426 8184
4790 4635 5128 8294
4986 1 5641 415
7679 1790 8606 2103
1766 7578 2964 9268
5208 3129 8126 3541
9635 7851 9936 8064
3843 2257 5749 2809
907 3379 1360 7445
4623 7012 4790 7394
1669 9268 5218 10000
1173 9268 1665 9722
8463 8382 9409 9266
5816 6714 7338 6890
5128 4635 8267 5524
5128 6890 7338 8294
2399 5993 4784 6819
4790 8294 5130 9268
907 2201 2399 3379
4856 415 6052 1362
85 2258 320 3841
3843 415 4830 1695
284 7445 1766 9268
3347 1274 3567 5993
9362 5181 9858 7824
