0 1144 1528 1467
8162 7515 8603 8057
5776 1623 7185 1950
3820 8872 5227 9058
8603 7515 9837 8057
7146 7876 7852 8531
743 3945 1118 5350
0 2531 743 3103
99 490 1528 1144
5491 9005 6845 9519
1464 3756 1599 4123
5714 4581 5939 6512
3660 8872 3814 8956
99 245 7147 309
1539 2108 2299 2622
0 7984 586 8484
9132 3874 9290 7515
0 0 4387 245
2704 405 4370 1288
7461 4970 7472 6429
8606 4329 8938 4600
0 1547 1118 2140
6845 9005 8572 9438
2304 6997 2345 9526
5967 8200 7146 8460
6797 9644 7614 9957
0 245 99 1144
9290 3874 9470 7515
2345 8562 3687 8598
1702 3731 2976 4011
9398 8057 9829 8889
743 3507 1039 3945
2540 5160 2797 6498
4987 2970 5548 3171
1605 4812 2446 4919
8718 1072 9889 1458
6561 3280 7214 3954
1528 490 1545 764
4050 4215 5983 4310
4575 0 7147 245
5616 6512 5967 8460
8162 687 8259 7456
813 6439 1118 9526
7870 4310 8031 8057
1592 9526 5059 9618
99 309 2704 490
5984 6534 6216 7761
1233 4143 1605 6565
4050 3171 5643 4108
0 2140 1118 2531
7731 0 8453 687
6060 309 7147 784
1512 1756 1777 1968
5643 3811 6559 4107
3158 2045 4050 2983
4370 405 5776 1288
1539 2622 1732 3491
1882 7932 2304 9381
7614 9519 8242 9608
4413 5151 5156 8598
8460 992 8718 1804
9572 3531 9764 3974
9925 992 10000 8057
1233 6565 2345 6997
1882 6997 2304 7932
1233 8390 1882 8824
5845 360 6060 1084
1777 1989 5758 2045
67 3103 507 5859
8453 3531 8606 7515
1233 6997 1882 8390
8718 1458 9925 1815
6218 4310 6354 7756
8031 3280 8043 3867
1233 9381 2304 9526
7870 8057 9398 8595
7185 1623 8162 2428
1118 1547 1233 9526
5227 4310 5301 9698
8627 5687 9132 5846
8350 8595 9398 9005
0 1467 1464 1547
1605 5151 2540 5742
6060 1461 8162 1623
5301 6512 5616 9005
4229 362 5069 405
0 9526 1592 10000
9470 3874 9562 6504
6752 6736 6952 7383
1605 5742 2540 6565
6685 4413 6736 6095
6839 4310 7031 6297
3739 6910 4413 8598
5616 8460 7146 9005
2345 8872 3548 9523
7614 9657 10000 10000
7475 4310 7854 7876
1233 8824 1874 8845
9052 1815 9837 3531
1233 9088 1882 9381
7105 1950 7185 2397
1233 1547 1450 3977
6060 784 8162 1461
8453 1815 9052 3531
1233 8849 1863 9088
2614 9698 3987 9809
0 6439 804 6714
1592 9618 5059 9698
7164 0 7731 681
5967 7838 6351 8110
507 3103 743 5350
4050 4333 4746 5100
7147 687 8159 784
7854 4310 7870 8589
5301 4310 5628 6211
1528 1191 1729 1443
8606 3531 9572 3874
7146 8595 8350 9005
2704 309 6060 360
2345 6910 3739 8561
2345 6565 3386 6877
2958 5228 3289 6565
2704 1288 5736 1590
6251 1950 6558 2111
7031 4310 7461 7876
3898 9058 4487 9199
8453 0 9999 981
9911 2004 9913 5027
5301 9005 5440 9981
0 6716 813 7984
2345 8598 5227 8872
9837 1815 9911 8057
1468 2045 1539 2688
4050 2045 5726 2807
2013 1446 2704 1592
5156 4310 5227 8598
2854 1648 5559 1883
5059 9058 5227 9698
5643 3171 6512 3470
6354 7876 7146 8200
4050 4108 6484 4190
4387 0 4575 245
1777 1592 2854 1989
507 5350 1118 6439
5837 2240 6079 2668
3158 2983 4050 5151
6354 4310 6684 7496
1971 4011 3158 4804
8726 9519 10000 9657
7056 2428 7515 3243
