3005 7796 3085 8891
1169 7825 1331 8442
76 0 3340 1115
8945 0 9116 5822
5734 8659 7150 10000
6382 6560 7294 7715
2417 2136 2715 10000
3612 5320 6382 6404
5178 2542 7143 3554
3612 6404 5750 7615
0 1184 7143 1326
3189 5320 3612 9128
2070 2136 2417 9463
6382 6486 10000 6560
408 3058 1314 3156
3146 4463 3183 5716
6382 5822 10000 6486
5227 953 6650 984
450 3999 1192 6115
9466 4136 10000 5822
7656 953 8869 2742
7235 5005 8084 5765
1828 2136 2070 9463
3612 7715 3978 9053
2715 9132 4583 10000
3982 7715 4495 8949
429 6202 1169 8112
9392 7201 10000 8659
4542 2136 5178 5320
8084 3613 8945 5822
7143 3613 7965 4980
7150 9137 7733 9848
6382 5320 6841 5453
4548 0 5036 953
8274 8659 10000 10000
76 1605 293 9962
3251 2136 4542 4344
9116 0 9402 5822
7143 2742 8869 3613
4001 4446 4541 5319
1169 6232 1345 6637
7271 0 8869 953
2715 2136 3005 9132
4622 1326 7143 2136
5734 8628 9392 8659
1225 1340 3649 1605
4583 7715 9392 7840
432 1605 4342 2131
5036 0 7271 953
7294 6560 10000 7201
667 2270 1433 3041
3851 0 4548 1184
7150 8659 8232 8940
408 9463 2417 10000
4532 7715 4583 9065
5178 3554 7126 5238
5962 6549 6296 7654
4342 1326 4622 2136
7294 7201 9392 7715
3189 4446 3883 4947
4583 7840 5734 10000
8869 13 8945 3613
7270 8956 8274 9137
1345 3041 1828 9463
9402 4136 9466 5822
7143 1184 7656 2742
3359 0 3851 468
9402 0 10000 4136
8276 7840 9392 8628
293 1605 408 9982
6554 7883 8276 8619
5429 2152 6370 2542
6459 5460 6850 5561
