0 1081 93 10000
8134 2342 8522 2716
6795 3578 7532 5748
3020 9151 3589 10000
6795 6134 9132 6223
209 6640 1251 7025
1415 2834 4000 3084
257 4964 1060 6440
5632 6080 5937 7131
1251 4964 1393 7025
7787 7609 9655 8122
1758 5771 3350 6255
1986 1659 3991 2235
3589 9964 9332 9965
5937 5325 6294 7131
257 4674 732 4964
7787 6223 8959 7564
93 6640 209 10000
1026 8715 7175 9151
0 0 9926 118
9926 0 10000 2802
6925 6223 7742 7915
7749 118 7942 1067
5418 3295 5461 4172
1890 8327 7172 8494
7916 7576 8624 7593
8134 118 8963 2342
9883 4605 10000 8307
872 7498 1127 8327
6261 118 7749 1517
1838 7196 5055 7498
7586 8122 9655 8307
1890 8711 6343 8715
0 405 403 1081
9148 118 9722 1205
1030 9151 1648 9926
631 3972 5403 4191
507 2337 5033 2802
4398 4394 5261 4470
2491 4474 5940 4609
1127 7915 7742 8122
3991 1054 5033 1502
209 7498 872 8321
113 4674 257 6275
9151 2802 9620 4689
3063 6255 3345 6494
1758 6255 3063 7025
9655 2802 10000 4605
1758 5325 5937 5566
7476 8122 7586 9392
1200 4964 1251 6622
507 2834 631 4191
8601 6042 9618 6134
5133 9457 5792 9879
7532 3578 7565 4576
6795 5748 8601 6134
6261 1517 8134 2834
9755 8307 10000 10000
0 184 3667 405
9655 4605 9883 8307
7281 9392 9446 9964
1127 8123 6685 8143
93 4191 1628 4474
7175 8327 7281 9457
1838 7025 5055 7196
507 1194 2400 1535
93 6440 1200 6640
9620 2802 9655 7609
631 2834 1415 3972
93 1081 404 4191
1394 4474 1767 4746
1628 4191 3041 4454
7586 8397 9483 9392
9090 1413 9479 2564
1758 5566 5937 5771
7742 6223 7787 8118
404 948 6079 1054
3063 6494 5055 7025
93 4474 708 4674
5742 1463 6079 1514
1827 4535 2137 4618
404 1054 507 4191
7532 5322 8595 5729
209 8327 1860 8706
6284 3512 7345 3578
6795 6223 6925 7915
3526 5771 5937 6080
5461 3578 6795 4474
8601 2342 8963 6042
5277 2834 7720 3052
226 7025 1838 7492
507 2802 5947 2834
3589 9151 5085 9915
7586 8333 9094 8397
5133 9225 5632 9438
8988 6223 9132 7467
3957 3311 3999 3967
1484 3091 4945 3311
3526 6080 5632 6494
7281 8327 7476 9392
5632 7131 6583 7896
1393 4799 1735 5096
5403 3091 8593 3281
1060 4964 1200 6440
5055 6494 5632 7672
311 9280 1026 9587
9132 6134 9620 7609
6079 184 6261 2834
8963 2802 9053 5371
9446 9392 9755 9964
9479 1413 9926 2802
1127 8143 7248 8319
9722 118 9926 1413
733 4482 1388 4964
3991 1502 5033 2337
1127 7672 5632 7915
6294 5827 6795 7131
1648 9151 3020 10000
1415 3420 3430 3863
2385 4784 5664 5089
7532 4576 8585 5301
1890 8494 7154 8710
5033 1054 5376 2768
3350 5771 3526 6494
1127 7498 5055 7672
1758 5096 6294 5325
1957 147 3575 184
1393 5096 1758 7025
3226 4191 5461 4394
9483 8307 9755 9392
7565 3295 8601 4576
4240 768 4949 948
6294 4476 6795 5827
