4824 12 6292 384
2231 5295 2523 8630
7721 787 8028 2898
696 660 852 2111
2523 7928 3571 8501
7030 8163 7611 9716
3738 1298 5527 1861
1602 5835 1658 9582
79 3631 6020 3871
1658 9366 5795 9603
1245 8301 1591 8973
6696 3438 10000 3515
3861 4309 6357 4740
3878 2731 4965 2939
660 4142 3861 4636
0 9237 1602 9603
1737 5835 1829 9366
6494 7283 9323 7657
7030 9716 10000 10000
509 660 696 2111
6896 1021 7721 3438
1824 787 3464 2111
660 8359 1205 8403
660 4977 7447 5176
8028 787 8552 2898
6696 3515 10000 3812
6714 8163 7030 10000
509 2111 1933 2852
2203 2111 2252 2659
1829 9253 5795 9366
0 3631 79 9237
7721 3223 9831 3438
2523 8505 4797 8613
797 6228 1513 7265
5795 6860 6494 10000
1691 5835 1737 7246
2231 8630 5795 9253
698 4777 5931 4971
3464 1908 3804 2964
6293 787 6369 3871
419 8973 1602 9237
5202 6860 5795 8630
1063 5424 1831 5835
6896 787 7721 1021
3464 787 5501 1239
5115 9817 5146 9918
4945 6183 7447 6280
3804 1908 3878 2964
5541 787 6022 3417
3861 3871 6369 4309
7447 5854 9380 6280
3878 1908 5541 2731
9831 660 9995 2588
0 3417 6022 3631
7447 4977 9380 5854
2523 6676 9380 6860
3464 1298 3725 1858
6369 4020 10000 4471
79 3871 419 9237
6494 7657 6714 10000
1756 2965 2614 2994
6022 787 6293 3871
509 3370 5541 3417
9323 7283 9380 9716
2523 5295 4801 6280
419 3871 652 8883
9380 7236 9559 8570
8434 8163 9262 9690
1829 5835 2231 7219
3738 1871 5099 1908
660 5176 4801 5295
2523 6860 2576 7928
8552 660 9016 2607
0 9603 5795 9817
9016 660 9831 2607
852 660 1824 2111
1824 660 8552 787
1857 7533 2191 8048
6369 787 6696 3812
8552 2607 9831 2711
6494 6860 9380 7283
7611 8163 8434 9507
3605 7928 5175 8502
509 2994 5541 3370
2523 6280 9380 6676
8552 2711 9831 2898
7721 2898 9831 3223
6369 3812 10000 4020
4801 5176 4945 6280
6369 4471 9602 4977
6696 787 6896 3438
0 9817 5115 10000
6714 7657 9323 8163
9602 4471 9976 8873
0 660 509 3417
2576 6860 5202 7928
7611 9507 8434 9716
1960 4636 3147 4658
0 384 10000 660
660 3873 3394 4142
4945 5176 7447 6183
