3668 5260 3765 7963
7267 7925 8552 8102
6624 2615 7141 2653
5687 1565 7512 1784
7267 5260 7782 7925
179 1565 4972 2147
6727 6218 7267 8102
5971 6218 6727 8102
9286 2696 9867 3152
290 2365 5639 2484
7110 8547 7515 9290
5810 4619 8534 4950
9324 6191 9571 8102
2610 8651 4910 8944
542 5260 3668 5837
0 379 110 9326
5687 1820 6013 4023
7274 4296 9459 4329
4727 65 7061 1339
2677 1339 7587 1565
7061 65 7108 1292
6698 5260 7267 6218
179 6651 552 8944
6624 4534 9580 4619
552 6651 748 8944
6624 3781 8379 4296
7716 9306 8101 10000
239 3455 290 4722
6013 1820 9058 1831
290 5837 748 6651
6624 4507 9001 4531
179 379 1762 1565
8552 4619 9682 6191
6013 1831 6624 4023
5971 5260 6172 6218
2958 2679 2994 2996
6172 5260 6698 6218
3121 5837 3668 6773
3472 4619 5770 4972
6624 3152 9820 3770
9058 0 9268 1809
7587 1339 9058 1820
290 2484 4232 2626
9571 6191 9820 10000
3121 7963 5971 8102
8101 8486 9571 10000
7108 1116 7142 1131
5147 8486 5861 8844
3961 3267 4242 3789
8406 3770 9387 4189
4487 6522 4873 7963
7782 5260 8552 7925
2837 8102 8966 8103
2757 65 3478 962
748 5837 2323 8103
542 2814 2030 3094
3765 6522 4487 7963
2610 8103 9129 8486
110 379 179 9306
9286 0 10000 2696
8552 6191 8860 8102
3765 5260 4873 6522
4873 5260 5398 7963
5398 5260 5971 7963
179 9199 5812 9294
9682 3770 9820 6191
542 3094 2118 4675
6291 4952 8241 4986
2118 2996 3472 4986
4506 4986 6358 5260
5855 8944 7110 9306
0 9564 5428 9915
8051 84 8967 1250
838 156 1048 379
542 4986 4506 5260
8860 6191 9324 8102
0 9326 5428 9564
6624 1831 9286 2615
9129 8102 9545 8483
1762 0 7151 65
3472 4023 5306 4619
3121 6773 3668 7963
5306 4023 6597 4256
748 8103 2610 8944
0 9915 5059 9987
4242 2624 5687 4023
9820 6998 9944 9982
110 9308 7438 9326
2323 5837 3121 8102
179 8944 5855 9199
290 2626 2118 2813
4242 2484 5660 2624
657 4675 750 4967
290 2813 542 5837
3475 2996 3830 3980
6358 4986 8552 5260
5428 9326 7716 10000
1762 65 2677 1565
3478 65 4727 1339
179 2245 5187 2354
6624 2657 9286 3152
