7400 6682 7908 7476
2774 3293 3373 8286
0 1839 2977 2643
7562 519 7944 5865
6076 519 6680 6682
3864 3770 3877 6417
9368 2144 10000 2673
1529 3871 1728 8286
1728 3871 2559 8286
0 9321 7773 9986
7941 8286 8322 9191
3882 5747 5516 8098
8339 0 8973 7570
6913 3845 7196 5665
5601 519 6076 8098
6680 5871 7944 6682
7334 519 7561 5856
9368 0 10000 1299
6076 6682 7296 8098
0 5675 1529 8286
3167 31 4276 2643
6680 523 7227 3845
4297 8286 7808 9234
0 8286 4297 9321
0 2643 3864 3293
8322 8286 8443 8960
6680 3845 6913 5871
2415 10 3409 31
2559 3293 2774 8286
7944 519 8339 7570
9368 2673 10000 8098
3882 8098 10000 8286
4276 0 5177 2643
0 3293 2559 3871
0 3871 1529 5675
0 31 2977 542
3373 3293 3864 8286
5601 0 8339 519
7296 7570 9368 8098
3864 2643 4099 3393
8973 0 9368 7570
0 1259 2977 1839
3882 5135 5203 5747
5516 3770 5601 8098
8446 8286 8730 8991
7244 519 7334 4722
8774 8286 10000 9364
5177 0 5601 3770
8774 9364 10000 10000
9368 1299 10000 2144
2977 31 3167 2643
0 878 2823 1259
