1408 9513 2157 9990
6363 138 9046 171
5306 9067 7584 9712
3874 8637 9647 9015
1142 6222 1447 9253
2157 9513 5306 10000
64 3781 7454 4014
5470 5870 5851 7206
0 128 1140 2903
64 4014 7454 4085
6986 6325 8083 6439
643 4655 7583 4794
1333 5169 4740 5287
8109 1630 8629 2014
64 4587 302 10000
9428 4283 9585 8637
2972 264 4667 2036
1140 1450 2972 2036
6003 5446 6161 6283
9830 128 10000 9712
1142 5446 4252 6079
1140 2527 4751 2903
5306 9712 10000 10000
8703 6577 8785 7128
1140 2036 4667 2247
8472 2399 8651 7214
8651 4283 9416 6510
64 3759 4731 3781
3874 6673 5227 6914
64 3520 4741 3759
3874 9015 9647 9067
8669 171 9830 2399
68 4407 290 4587
643 4913 1142 10000
5284 5446 5470 6222
0 3520 64 10000
1140 128 6363 264
1142 9338 3874 9513
7522 1293 8669 1630
9647 5159 9830 9712
2800 6222 3140 9139
1140 264 2972 1450
4667 1910 7825 2247
7522 1630 7825 1910
1447 6303 2388 6312
9647 4283 9830 5159
0 0 10000 128
1297 4282 4430 4604
6994 2247 7454 3780
7825 1630 8109 4837
4751 2527 6878 3713
5141 9067 5306 9496
7624 2247 7825 4084
7454 2247 7511 3984
4667 1293 7522 1910
9585 4283 9647 8637
6363 171 8669 1293
4667 264 6363 1293
5470 7632 9428 8637
8109 2399 8472 5349
5016 4913 6730 5267
5470 7214 9428 7632
8651 2399 8843 4283
7584 9067 9643 9712
0 2903 4751 3520
643 4837 8084 4913
1447 6312 2676 9022
302 4282 643 10000
1142 5349 8438 5446
3140 6222 3874 9338
8843 2399 9830 4283
64 4085 7825 4282
1140 2247 6994 2527
