5429 2821 5547 4172
8258 7564 9733 9052
2311 5082 3025 5631
3025 3752 3318 5254
9357 9052 9777 10000
4315 4198 7963 4457
512 3752 3025 4841
4661 6237 5974 7075
4761 2821 5429 3939
4992 9610 7139 9786
4715 8829 4992 9240
3870 8650 6648 8829
9412 2416 9427 6744
1883 1154 2977 2238
4992 9023 6769 9420
2329 2790 2781 3752
7025 1729 10000 2416
4018 3831 4315 4669
1824 5082 2311 6143
6466 6951 6858 8448
0 6989 375 10000
3122 9240 4992 9786
3710 7767 5974 8448
8016 2692 8353 2958
3122 8856 4143 9191
4661 6034 5969 6237
4121 2025 5167 2816
3745 2821 3884 4728
7086 1508 10000 1729
1824 4841 3025 5082
7139 7564 7947 9052
7025 2998 7842 3566
512 429 7944 450
398 8617 1162 9430
9060 4959 9338 5040
6146 6951 6463 8117
1295 6989 2437 8276
3025 5254 6547 5631
7025 4021 7819 4131
0 3152 512 4841
2095 8829 3122 9442
9599 2861 9955 6763
8353 6154 9412 6834
375 6989 1295 8617
7086 801 9150 1508
8767 2416 9060 6154
0 6717 4596 6989
4596 5631 4661 7767
9150 0 10000 1508
5974 5631 6858 6951
3432 0 6086 356
1195 6716 2951 6717
1295 8448 7139 8617
5167 1154 5544 2344
3359 7767 3710 8228
6858 6379 8353 7564
9733 7746 9983 7891
6334 13 8109 428
3318 2695 3504 4748
8353 6834 10000 7534
4992 9420 7121 9610
8353 7534 10000 7564
2311 5631 4596 6143
1580 6143 4596 6716
3122 9786 9357 10000
2437 6989 4596 7767
5789 1154 7025 4198
8353 2416 8767 6154
1874 9442 3122 10000
5580 1154 5789 3395
7139 9052 9357 9786
6858 6259 8353 6379
9506 2487 9599 4056
0 4841 1824 6143
512 937 7025 1154
9777 9052 10000 10000
4315 4457 8353 5254
1295 8276 3584 8444
1162 8617 2095 9442
4661 5631 5974 6034
0 0 512 3152
7064 8617 7090 8874
375 9442 1874 10000
512 450 9150 801
6858 7564 7139 8448
512 801 7025 937
4661 7075 5483 7494
7947 7564 8258 9052
8200 5373 8271 5674
0 6143 1580 6716
6858 5254 8200 6259
7025 801 7086 1729
512 2703 1651 3619
