701 9631 4246 10000
661 5373 6006 5741
7598 6765 9536 8508
2484 7706 2731 9384
7628 4129 8041 6487
2452 955 3409 1460
3022 7807 4246 9631
8041 4612 10000 5274
8772 0 10000 3969
9536 5274 10000 8508
6888 6618 6916 8852
5957 0 7152 1369
2731 7705 5744 7807
964 3998 2515 4413
3859 3398 6718 3924
2731 7807 2964 9323
8033 3969 10000 4129
3602 1460 5315 2919
8041 5274 9536 6765
684 1460 820 4819
6766 3471 7568 4129
820 2253 3594 2693
288 8318 701 10000
391 7344 6106 7697
391 5741 941 7273
4616 5741 5761 6649
288 7704 2484 8318
2197 7198 6106 7344
3594 4129 7598 4176
0 4819 3594 4969
6481 6618 6888 8839
5315 1821 6651 3258
701 8318 1533 9177
7424 8960 10000 10000
2215 5827 3046 6610
3682 4176 6916 5372
5574 0 5957 1460
6916 4176 7598 8508
7424 8852 10000 8960
0 965 2448 1460
5825 7704 6481 8852
0 0 5574 955
7189 0 7480 1121
701 9384 3022 9631
288 4969 2661 5372
820 1460 3594 2253
8209 719 8772 3952
3046 5741 4616 6649
2970 7807 3022 9050
296 6218 391 6323
1081 5741 2197 7338
391 7697 4246 7704
4246 7807 5825 10000
5315 3258 6739 3391
5825 8852 7424 10000
5761 5741 6106 7198
7598 6487 8041 6765
8041 4129 10000 4612
3409 955 5558 1390
7598 617 7628 6420
6481 5372 6914 6014
2197 6649 5761 7198
6916 8508 10000 8852
128 3075 684 4584
0 4969 288 10000
7629 40 8033 617
3594 4176 3681 4954
7721 617 7751 2286
2515 2693 3594 4819
6106 5372 6481 7704
