2169 7974 2971 8459
8654 3404 8816 3496
5475 294 5822 1751
1587 3451 2099 3624
1587 3624 1835 4928
4555 1856 7476 2966
7476 1594 7954 6675
2818 6094 3174 6675
8033 2988 9261 3178
4555 205 4995 1856
1084 8628 1752 10000
3174 2265 3692 5097
8539 9508 10000 9933
9860 0 9871 8163
3964 9865 7485 9909
15 204 260 8377
7954 1594 8025 6584
7851 8489 9871 9508
7027 5098 7476 5994
466 6270 608 8602
2818 3424 2852 6094
6393 2966 7476 4140
1752 9933 10000 10000
2852 1715 4555 2265
612 8498 3094 8628
2151 1715 2852 3424
2169 7721 3820 7974
3964 7721 4961 9288
5185 9431 7005 9855
4483 9431 5159 9836
5062 8031 5466 8471
9459 0 9860 8489
612 7883 1483 8498
1752 9322 3094 9593
5847 8489 7075 9343
6492 6786 7954 6982
3860 8234 3937 9117
9871 0 10000 9508
6757 7449 9459 8489
2748 3424 2818 6779
612 7370 9274 7385
4555 3275 5305 5097
4187 204 4555 1151
335 228 3958 411
8298 3500 8945 6621
0 0 7476 204
1148 411 1587 5242
9261 3395 9364 4693
8033 3500 8208 6831
5324 2966 6393 6675
1148 5242 1857 7370
6937 4602 7029 4916
612 411 1148 7370
2818 6675 7954 6786
2852 2265 3174 6094
1587 411 4119 510
1752 9593 3964 9933
2589 7449 6757 7690
6393 4140 7476 4602
7096 9508 8539 9865
0 8628 1084 10000
1587 960 2112 1864
1857 7203 6492 7370
6492 6982 9370 7370
2151 3424 2747 6783
1857 6786 6492 7203
2151 510 4187 1715
3094 8527 3860 9593
5062 7721 6757 8031
8948 6073 9256 6301
1871 4541 2151 6769
9372 1594 9459 7345
7284 8489 7851 9372
260 411 612 6270
2169 7385 9370 7449
6393 4602 6716 6659
1752 8628 3094 9322
7476 0 9459 1594
3094 8017 3821 8527
612 7385 2169 7870
3964 9425 5037 9431
3174 5097 5324 6675
8948 3511 9251 5509
4187 1151 4555 1715
3692 2265 4555 5097
260 6270 466 8626
