7049 7873 8097 8520
2333 1640 5228 2207
51 156 1054 1401
6177 3895 7426 4330
2095 5660 8692 5873
0 7538 435 9787
2283 888 4242 1013
8336 0 9523 297
2095 5873 7792 5997
2095 6956 3842 7237
5228 1640 5486 2215
0 9855 9993 9967
9779 7538 9954 8091
1579 8301 1933 8778
2136 1640 2333 2887
5638 4356 7141 5461
5938 1854 7527 2705
7613 354 9779 925
2095 5461 7141 5660
1474 9167 4427 9704
2829 2887 5519 3144
5311 6621 6812 6838
5311 6014 7255 6611
4242 410 5183 1413
9223 2705 9708 6518
2829 7252 4567 7501
2095 6897 4626 6956
2817 3523 5638 3982
7049 9335 9840 9352
1933 5096 2095 9167
0 45 5322 156
1054 410 1658 1427
2095 5096 5638 5461
7044 1153 7658 1621
1350 8051 1474 9701
0 1957 894 5096
5756 45 6511 1427
1041 3982 3698 4666
4626 6897 6944 7152
5331 7873 7030 8413
4452 6104 5311 6741
9223 6518 9708 8533
4427 7525 4943 9704
2095 6104 4395 6750
7427 3144 8692 4356
9708 1266 9776 5454
7141 4356 8600 5630
5322 45 5756 1427
2112 7578 2826 7913
8610 7736 9174 7813
1723 1640 2136 3982
3966 2207 5092 2227
0 1427 1177 1957
8692 2705 9223 5873
1349 9704 10000 9855
2283 410 4242 888
8134 1153 8856 2617
2631 5997 4798 6080
1054 156 5322 410
8610 5873 9223 7736
5519 2705 8692 3144
0 6350 1391 7507
500 8137 1220 9076
2136 2887 2829 3523
7792 5873 8610 7525
2826 7525 4035 9147
0 5096 1265 5961
1658 1013 4242 1427
8324 925 9148 1140
5638 3895 6150 4353
894 1957 1041 4666
1177 1640 1723 3982
6511 1127 7608 1153
3966 2228 5228 2887
5638 3523 7427 3895
2800 6773 5291 6897
1658 410 2283 1013
7613 0 8335 354
2333 2207 3966 2887
894 4666 3167 5080
460 9076 1273 9752
4943 7525 8610 7873
6944 6611 7792 7525
7049 8533 9779 9335
2829 3144 7427 3523
1055 1957 1177 3769
0 0 7613 45
7527 1640 8134 2705
4943 7873 5331 9704
3701 3982 5460 4639
4626 7152 6944 7525
1177 1427 6511 1640
