980 5156 2013 5403
8267 8356 9050 9416
3676 8812 5016 9285
2265 4704 2964 5549
4189 6660 4632 8413
5895 4323 7423 4399
6115 3397 8450 3825
6511 6840 7084 7041
8066 1076 8369 2290
2964 4475 3369 5538
3379 4580 3815 5549
6115 1407 6950 3293
9381 5857 9540 6468
5895 4649 7956 5208
1679 9481 1927 9554
2896 6182 3676 9441
3676 6182 3743 7509
8036 4791 9058 6388
7102 8570 7991 9016
8036 6926 9062 7848
1388 9554 8791 9640
9246 6931 9343 8650
114 4110 1594 5156
364 8709 2125 8772
4799 6307 5036 6859
7011 5703 8036 6714
6511 7041 7278 8291
3676 8642 4218 8812
4613 129 5156 1352
1997 2430 3869 3308
9310 6608 9375 6827
5528 9869 6297 9916
2964 4034 3753 4210
5334 6018 6159 8470
1603 418 2125 1107
7381 8291 7646 8350
3929 9748 5508 9874
7034 9051 7817 9430
364 5156 908 5280
3847 8470 7500 8487
1388 9652 9505 9693
2660 6182 2896 9441
0 9178 2149 9481
980 5703 7011 5835
1373 9554 1388 9867
876 1107 4613 1352
1211 2207 1594 4110
5156 129 7888 446
8036 7848 9246 8356
7278 6714 7904 6815
5895 1407 6109 3981
5895 5213 8018 5526
6115 3825 7954 4086
8450 2861 9263 3371
2138 1407 5895 1941
5036 6018 5334 8470
2125 418 2476 1107
7888 129 9260 1076
6159 6714 6511 8291
1603 129 4613 418
2476 418 4613 813
364 7423 2129 8702
1603 0 9260 129
9260 0 9440 1076
9440 0 9937 1567
2660 9441 9246 9554
1594 1352 7908 1407
9552 8442 9616 9083
4780 6859 4972 8268
9381 4649 9948 5695
1594 1407 1997 3308
1594 3308 2265 5156
5156 446 7888 1076
3869 4591 5160 5245
2149 7423 2658 9527
3869 2430 4494 3549
114 0 876 1352
876 0 1603 1107
9440 2537 10000 4469
7646 8291 8036 8470
7908 1076 8066 3397
5156 1076 7908 1352
0 0 114 9178
6297 9693 9998 9954
5895 4469 9991 4649
364 5847 5966 6010
3869 3552 5342 4261
2476 813 4613 1107
2381 6017 2660 7423
92 9955 9969 9997
114 5156 364 8772
364 6017 2380 7423
6159 5835 7011 6714
2265 3364 2957 4704
2660 6018 4780 6182
2742 6017 3066 6018
114 8772 2149 9178
6994 1407 7821 3384
1997 2011 3948 2430
980 5549 8036 5703
