72 2584 76 8631
4159 6139 6910 6201
4863 6623 5425 8033
6328 6623 6453 7294
26 555 6917 580
149 7947 3517 8015
6917 86 7086 802
9341 4022 9726 5210
495 7066 1441 7268
7981 349 9720 527
5151 8205 5425 8979
233 1858 1108 3013
233 1279 1329 1858
1108 1858 2183 2199
4568 927 6701 1240
4159 5008 5902 6121
4366 9040 5096 9540
7981 527 8083 5191
149 3723 233 7947
2713 3866 3280 6201
2713 6483 6453 6623
3510 748 4110 1049
3510 1426 3632 2634
6910 3762 7245 4765
6701 927 7571 1248
5425 6623 6328 7290
495 3216 735 5647
6651 86 6917 555
8058 7795 8344 9039
9184 6450 9340 9522
3280 3866 3656 6201
4854 3979 5615 4539
8607 3301 8921 6450
4159 4578 6322 5008
1466 8205 3764 8999
821 8033 5425 8205
7297 1468 7436 7795
4378 3762 5614 3976
8421 3301 8456 6236
3656 1049 4110 3348
4543 918 6212 927
3313 9040 4366 9562
495 7268 3769 7588
9341 5210 9469 9634
821 8727 1461 9765
7721 927 7768 4628
4629 8205 5138 8497
3150 7588 3769 7947
4841 9568 6380 9936
4616 1773 5598 2573
8456 6450 8662 8603
735 4388 1219 5861
8686 7416 9144 9556
4295 2573 6898 3153
4295 1450 5326 1468
88 2508 149 7846
4832 9033 6543 9037
9473 5210 9877 6341
735 3013 986 4388
4295 3153 7297 3348
149 1279 212 3696
3313 9562 4149 9870
4295 2258 4530 2565
1507 2647 2248 5630
8921 3301 9726 4022
5425 7688 6328 8707
8469 3604 8607 4357
3229 86 3271 387
5425 7290 6328 7688
495 3013 735 3216
233 7588 3150 7947
1150 8275 1466 8727
1466 9033 2141 10000
2183 1622 3477 2168
5615 3762 6910 4578
6910 7795 8004 8572
1218 2647 1507 4388
2713 6279 6910 6483
3769 6623 4718 8033
6328 7294 6453 8707
76 8033 821 10000
8540 3223 9726 3301
9726 244 9987 1447
5398 86 6651 439
1218 2199 3510 2647
1441 7066 3769 7268
6453 6483 6910 8707
7981 5965 8286 6243
0 86 26 10000
3656 3348 4075 4578
4417 1468 4487 1931
4616 1478 5488 1770
0 17 4607 86
1219 4388 1507 5861
233 3013 495 7588
7436 1468 7571 7795
1329 776 2170 1858
6393 4578 6910 6139
735 5861 1868 7066
5598 1468 6118 2544
2819 3289 3453 3866
4110 927 4295 3348
7981 5277 8309 5878
6380 9556 9341 9966
7571 7220 7991 7790
2141 9966 9341 10000
76 748 1329 1279
2713 6201 6910 6279
5425 8812 8058 9033
7768 86 7981 7220
2002 6865 2969 7066
1868 5861 2393 6623
8083 1367 8341 4827
6946 1468 7297 2979
986 3270 1078 3677
9726 1447 10000 5210
1266 250 2245 423
4075 3765 4356 3977
4075 3348 7297 3762
3697 5676 4159 5807
2629 4674 2713 5291
1108 2199 1218 4388
5398 439 6647 555
6054 5008 6321 5927
6331 4578 6393 5853
4075 3979 4803 4574
5425 8707 8058 8812
4762 6820 4863 7466
2141 9033 3087 9966
3087 9033 3313 9966
495 5647 735 7066
76 580 6917 748
5212 9040 8334 9545
4629 8499 5075 9024
2393 3866 2611 6561
3313 86 5358 542
8921 4022 9341 6450
