7820 5747 7923 9663
1821 1345 2775 3751
2775 443 2820 3751
7393 843 8265 3185
3977 3909 6423 5251
3596 5251 6243 5264
9407 1845 10000 2412
1529 7145 2597 7996
1529 4214 2595 7145
0 9365 7820 10000
8285 1323 8324 10000
3596 5747 6866 6256
8324 1323 8973 8376
5219 5502 7235 5747
3823 6459 6035 8170
6866 5747 7737 6930
6452 1882 7367 3206
8285 843 10000 1323
6866 7086 7666 9285
0 5858 1529 8127
3596 0 3977 5251
6423 3206 7235 5251
3596 8246 6600 9354
0 8127 3313 9365
374 1345 1821 3172
8324 8376 8790 8551
5219 5271 7235 5502
2415 10 3409 31
2595 4214 2997 7001
7235 3206 8285 5747
9407 2412 10000 8607
6035 6595 6754 8246
3977 678 5646 2151
0 3751 3084 4214
0 4214 1529 5858
0 31 3596 443
3313 443 3596 9365
6059 0 6423 3909
7958 5747 8236 9801
3977 2436 4212 3186
8973 1845 9407 8607
0 607 2707 1345
3596 5271 5219 5747
3596 6256 5628 6438
8324 8607 8471 9969
6867 33 7334 843
8472 8607 10000 9455
3977 3186 6059 3909
8472 9455 9927 9991
8973 1323 10000 1845
3084 443 3222 4105
2820 443 3084 3751
