3103 4911 4499 5455
2303 2570 2896 2833
2214 4342 2248 5841
3204 3830 4218 4896
5176 6204 6867 6527
6612 427 7998 738
5930 9564 6884 10000
5372 7392 6686 9144
5107 2927 5412 3498
8915 5244 9139 7882
217 1005 2303 1584
2303 1886 5729 2157
0 787 160 9320
254 9564 4617 9843
7998 549 8282 691
0 449 2303 787
5591 2570 6011 2851
5531 203 5675 1366
3054 2881 3103 5455
5088 3830 6004 4855
7098 6277 7391 8457
6943 1440 7001 5107
6309 427 6612 1422
7391 6393 7739 8535
449 5510 515 9320
9753 3202 9818 6264
7001 3070 7362 3141
6612 1135 9813 1440
2812 3766 3054 5911
7869 2893 8026 3153
4022 9148 6522 9366
9972 5425 9991 8273
1543 6087 2748 6930
1972 6934 2730 7019
8665 6955 8915 8535
4351 1792 6199 1886
9818 738 9849 7000
7397 4189 7431 6277
3937 3736 4353 3830
2747 6934 3018 7362
4035 5632 4497 8087
3762 8773 3986 9555
6686 6527 6867 9381
7331 9672 9917 9806
4499 4911 4635 8097
6210 2042 6252 4039
6867 8535 8545 8918
7739 6393 8538 8011
3107 8773 3747 9564
3054 5455 3859 5911
1163 4876 2187 5843
6252 1637 6874 3879
2303 132 2583 1886
0 132 2303 449
7998 691 9835 737
6252 3879 6943 4911
8547 6955 8665 7728
3859 5632 4035 8773
2812 5911 3859 6934
1679 2851 3103 2881
530 4876 1163 5498
7001 3146 7397 5136
9924 0 9972 10000
4940 5358 7062 5579
3683 6934 3838 7992
5243 4911 6943 5136
217 787 2303 1005
6867 5579 7062 8535
2583 1256 4351 1886
4248 8778 5176 9107
160 787 217 9007
1728 6934 1865 7693
8438 3682 9187 5244
3076 7138 3235 7839
9187 2133 9286 7969
9286 2133 9727 4462
1951 2833 5591 2851
2583 752 4292 1051
4635 4911 5243 5136
8738 109 8887 427
6884 9833 9204 9998
4940 5136 7062 5358
311 3766 515 5510
1896 8773 2840 9487
6612 738 9685 1087
217 3308 311 9007
7391 6277 8538 6393
2248 4342 2693 5865
7397 2333 7869 4189
4035 8097 4940 8773
6867 9302 9286 9564
311 7256 431 9003
9897 0 9924 9672
9849 0 9897 7000
0 51 5825 132
7431 5244 8538 6277
7062 5136 7397 6277
254 9320 1067 9564
9045 8812 9224 8835
3988 9381 6824 9553
311 5510 449 7256
6011 2455 6176 3826
515 3766 2812 3982
1543 5865 2776 6085
9727 7000 9891 9559
2303 2184 3506 2455
9972 797 10000 2933
45 9320 254 9988
1951 1584 2303 2833
8438 2034 8869 2133
3543 8013 3604 8456
7001 1440 9727 1840
5176 6729 5591 7392
4218 3830 5088 4911
3512 2184 6004 2443
8538 5244 8915 6955
7397 1840 8438 2331
515 4342 2214 4876
7739 8011 8665 8535
160 9007 430 9308
848 3135 1679 3458
8545 8535 8915 8918
2693 4526 2786 5490
781 1584 1951 2851
7001 1840 7366 2910
515 3982 2812 4342
217 1584 769 3301
6884 9564 9897 9672
8763 2133 9187 3682
9286 4462 9617 9261
3859 5472 4451 5632
1543 6949 1666 8582
4940 5579 5164 8536
4351 1051 5531 1792
2583 1051 4351 1256
1679 2881 3054 3766
4696 5636 4940 7079
315 3312 781 3766
2303 2458 5981 2570
9730 1440 9743 3647
5176 5579 5738 5719
6867 8918 8915 9302
1067 5865 1543 6360
515 6176 913 8022
8438 2133 8763 3682
5176 5835 6867 6204
7431 4189 8101 5244
254 9897 5374 9983
8101 2331 8438 5244
5738 5617 6547 5835
1067 6361 1516 7159
2896 2570 5591 2833
