0 4380 622 4775
847 2617 1206 3973
6104 1893 6717 3048
887 7550 1478 8354
8409 5389 9067 6121
843 4927 1137 7550
2522 8521 3092 10000
4308 8737 9336 8991
9744 95 9874 2472
1748 2357 2605 3760
3092 8521 3207 9510
3195 8047 9387 8168
3207 8699 4109 9510
7779 210 8284 488
5212 4518 7475 4621
1175 624 1930 1113
8255 488 8409 3408
670 624 843 8521
1478 8168 9642 8354
7475 4518 7801 7060
1137 4927 2927 5899
4422 3048 7979 3336
8409 2411 9387 3205
257 95 419 4380
3039 3099 3484 3698
9136 3205 9387 7795
3881 5617 5552 5873
1215 2357 1689 3799
7979 6199 8205 7737
2428 6601 2655 7446
4169 1898 5575 2262
4422 3336 7801 3821
6930 9214 9722 9901
6124 8354 9642 8521
7439 8991 8641 9148
3484 2262 4422 3698
7629 3821 7801 4518
4014 4223 7629 4518
2347 9598 2522 9970
2245 8521 2522 9334
843 3973 2927 4927
257 0 9874 95
1531 8979 2245 9115
0 4775 622 5972
4422 3821 7629 4223
3147 3703 3152 7550
3468 4223 4014 5500
3531 8368 4525 8521
4859 977 6829 1893
17 2434 257 3296
3593 140 7449 624
3028 632 5384 773
622 624 670 8521
3484 773 8101 853
9387 140 9642 8168
4308 9004 4687 9452
5773 7060 7369 7759
0 5972 622 6772
8409 382 9387 2411
890 8521 1448 9334
3916 7795 9387 8047
3039 773 3484 3099
5979 4621 7475 5357
7115 1037 8089 1689
1478 7550 3195 7980
1137 5899 2760 6582
843 624 946 2117
4109 8699 4231 9337
4422 2262 5530 3048
8311 3408 8346 5219
3207 8521 9444 8699
4014 4621 5979 5357
1408 9334 1437 9521
4014 4518 5212 4621
3195 3698 3307 7795
7961 3336 7979 7795
51 6772 622 7024
419 95 9642 140
2927 3973 3039 7550
1079 1669 2710 2356
3039 3698 3147 7550
1558 7980 3148 8157
3092 9903 9092 9988
7979 3048 8101 6199
6829 853 7115 1893
3307 3698 4422 4223
8101 624 8255 6199
419 2878 598 3914
9444 8521 9722 9214
4862 5934 5773 7275
6124 5476 6755 5599
7801 3336 7961 7060
843 7550 887 8521
8694 6121 9136 7795
2725 773 3039 3973
9874 0 10000 10000
6717 1893 7336 2605
3484 853 6829 977
5530 2262 6104 3048
8340 7010 8694 7061
7449 488 8251 624
3307 5617 3770 7726
3484 977 4859 1893
3195 7795 3911 8040
9642 95 9704 7757
0 8521 890 9334
4014 5357 5686 5600
419 140 3593 624
1079 1161 1899 1612
1930 624 2725 1669
8409 140 9336 349
3092 9510 6930 9903
