4831 3929 5498 4168
8223 7564 9733 8724
1952 5373 3075 5731
3225 3520 3567 4747
9462 8724 9777 10000
6503 1306 6830 4199
1952 3842 3225 5373
4840 4168 5192 7294
1235 3354 5722 3520
5592 9610 8223 10000
4661 8535 4900 9011
5722 8292 6648 8829
9227 4159 9413 4508
800 1704 1884 2798
4992 9005 5592 10000
1952 3520 3225 3842
8945 1676 9780 4040
3893 4214 4440 4669
1235 5753 3186 6023
5722 6926 7053 7296
0 6989 375 9641
2164 9448 4992 9743
3758 7426 4661 9191
8344 301 8368 4035
2164 8856 3185 9191
5626 3520 5722 6286
4376 1770 5167 2816
1944 2821 3851 2960
8945 925 9861 1676
1712 3619 1952 4842
6952 8653 8223 9005
7216 2217 7560 3566
0 428 6786 451
896 8135 1268 9641
9052 4508 9061 6926
4992 7936 6952 8124
896 6989 2437 8135
5192 4168 5621 7263
7560 4035 8368 4143
417 451 550 6989
2164 9191 4661 9448
9780 1676 9981 8587
7026 6575 9052 6926
375 6989 896 9641
8368 894 8945 4040
8526 4508 9052 6575
0 4885 417 6989
4275 7025 4625 7426
8368 301 10000 894
5760 3354 6238 5917
778 123 6086 301
2512 6716 2951 6720
1268 8448 3758 8818
550 1556 6021 1638
3648 6989 3758 8448
7053 6926 9780 7296
9733 7564 9776 8407
1532 316 8109 428
3225 4747 3538 5967
9061 5164 9731 6926
5592 9472 8223 9610
8820 7416 9157 7564
3567 3520 3893 6716
1444 6023 3567 6716
8223 8724 9462 10000
2437 6989 3648 8448
3860 451 6205 1556
7560 4143 8526 5671
2164 9743 4992 10000
1492 3156 5789 3265
5592 9005 8223 9472
8195 5770 8491 6379
8368 4040 9780 4143
0 451 61 4885
2553 451 3860 1551
9777 8724 9982 9775
3893 4669 4661 6989
1268 8135 2437 8448
1268 8818 2164 9641
4661 4168 4836 7198
61 451 417 4885
7052 8139 7065 8653
0 9641 2164 10000
7560 428 8344 4035
6648 8124 6952 9005
6205 451 6503 3354
4661 7296 5499 7707
4968 7777 8195 7936
7560 5671 8526 5693
550 6023 1444 6989
7560 5693 8195 6575
6925 1068 7026 1637
777 3156 1235 5434
