4466 8529 5956 9139
6406 3688 8597 4186
644 2515 2315 3085
4175 2775 5115 4349
6406 2400 8704 3038
3032 3905 3577 6746
0 2962 397 6158
1219 3085 1226 3385
3032 952 3659 2061
8704 2208 9486 4257
0 9309 4466 9385
4175 2208 8704 2400
5119 4861 5615 7252
6304 2400 6406 4257
8807 479 9060 1728
2315 323 2510 5706
8807 0 10000 479
8653 6404 9239 8027
2855 7612 5648 8178
4466 8178 5648 8529
3033 7210 4175 7612
6406 3038 8704 3688
6759 4528 9406 5152
5956 2400 6304 6403
0 8272 2565 8463
7956 6404 8653 8767
9637 6404 9860 10000
1933 323 2315 2133
2855 454 8175 950
397 731 644 7767
0 0 644 731
2855 952 3032 7612
8807 1808 9417 2208
9366 6404 9433 7575
0 7881 2511 8272
644 3085 968 7767
4473 9218 4876 9989
6759 4257 9799 4451
3659 1270 4378 1432
4876 9360 9637 10000
4494 1432 4973 2138
644 2150 2304 2515
7150 8768 8303 8849
397 7767 2507 7881
1141 4425 1946 5108
0 731 397 2962
644 1303 1690 1944
9860 4257 10000 10000
1141 3430 2201 4386
1141 5750 2230 5792
0 9385 4466 9797
7387 5152 7593 5625
4175 4349 5648 4861
6304 4257 6759 9139
2511 454 2565 8249
7593 5152 9860 5799
7593 5799 9860 6404
4876 9139 9366 9360
644 0 8509 323
2511 323 8495 454
0 9797 3702 9982
0 6158 397 7881
9486 479 10000 4257
2565 454 2855 8463
4341 4861 5056 5962
7593 6404 7956 8768
6759 5152 7150 9139
3659 3695 4151 5019
5956 6403 6234 8934
8509 0 8807 952
2855 8178 4466 9309
4973 1432 8807 2208
968 3430 1141 7729
0 8463 2855 9309
644 323 1933 1303
5648 2400 5956 6805
