288 9737 5707 9986
5579 2253 6024 6610
4246 8343 8190 8641
2072 8692 2671 9384
6276 5934 8041 6489
1857 1120 2540 1826
3022 8343 4246 9418
7836 4129 8614 5929
9006 0 10000 5535
9611 5535 10000 9737
6826 6762 6916 7463
6024 0 6940 1786
4233 7678 5261 7977
1810 3500 2515 4413
6442 1955 7214 3903
1612 8346 2930 8614
8648 662 8739 4129
2540 1120 6024 1826
9006 5535 9611 9737
684 3480 1062 4703
6242 3903 8577 4129
684 2253 5579 2502
288 9571 4246 9737
552 7052 2196 7697
288 6762 552 9571
1603 5617 5579 5917
1314 7697 4233 8151
4233 7052 5199 7673
6508 4129 7139 4432
10 1218 154 4969
6302 8641 8005 9081
2515 3084 5579 3703
552 8151 4233 8343
6711 9737 10000 10000
609 6343 3046 6610
3595 3703 5579 5617
5526 0 6024 1120
6916 6760 8190 8343
8005 8641 8614 9081
154 1120 1857 1826
4233 7977 6589 8309
0 0 4696 1120
7214 642 8335 933
552 9418 4246 9571
155 1826 409 5591
409 1826 6024 2253
8771 0 8993 8199
391 6610 6916 6762
2941 8343 3022 9141
296 6218 391 6323
2196 7052 4233 7697
612 7697 717 7954
4246 8641 6302 9737
6105 2762 6442 3324
6302 9081 9006 9737
6024 3903 6242 6344
6916 6635 7911 6760
8614 4129 8771 9081
4696 0 5526 1120
7140 4129 7820 4385
6242 5755 7795 5934
552 6762 6824 7052
8190 5934 8614 8641
434 2253 684 5609
0 5917 288 10000
7629 40 8033 617
2537 4192 3595 4256
7721 981 7751 2650
1603 2502 5579 3084
5265 7052 6627 7745
