8306 8512 10000 8746
9686 4023 9932 8512
3674 3999 7069 4333
888 5320 8994 5431
7602 5431 8994 6487
9444 2750 9462 3741
5249 970 5367 2589
259 1225 575 7505
575 2252 3714 2470
7069 2916 9090 3384
5433 65 5723 2318
3780 8011 3860 9820
7069 2423 9029 2915
3714 1709 4163 2292
7069 1690 8013 1787
7069 3463 7711 4333
2435 7444 9686 8011
8144 207 9379 1638
3433 6665 5546 6951
6567 1557 7343 1631
803 2830 1666 2977
3211 5705 4942 6140
790 2830 803 6738
888 5497 1174 9358
6772 9261 7392 9820
1174 5497 1435 7435
7783 207 8144 1688
3674 4333 8907 4513
7069 3404 7577 3463
8907 3463 8994 5320
9932 0 9978 5622
8306 8011 9686 8154
8994 3463 9328 7040
1174 8264 1893 8780
1174 8787 2038 9374
3537 3655 3674 5092
259 592 2087 1058
6254 8011 6999 8627
4567 338 5249 3655
575 2701 681 9607
9328 1638 9379 7040
3537 3532 4567 3655
5546 5994 7602 6487
3156 1225 4567 1709
6559 1688 7069 3999
7711 3463 8393 4148
681 2701 4194 2818
575 1726 3682 2252
5433 2525 5592 3222
7164 6487 8994 7040
5724 65 5813 1582
8144 2050 9123 2201
3331 446 3707 1225
8078 4628 8907 5320
2234 6241 2621 6578
7392 9338 10000 9820
2389 8011 3780 9820
2621 7040 9379 7151
7392 8992 10000 9338
3674 4756 6423 4969
2147 7151 2435 8011
2435 7151 9444 7361
0 0 8023 42
1174 7435 1893 8264
5546 5431 7602 5994
5502 8627 8306 8746
3674 4513 8897 4627
13 510 259 8522
6999 8011 8306 8627
2225 196 2508 510
2389 9820 10000 10000
6559 65 8896 201
1435 5497 5546 5575
1893 8011 2389 8780
3674 5063 7507 5320
3860 8746 6456 8812
9686 320 9869 1782
575 2470 4243 2701
4243 1709 4567 3532
888 5431 5506 5497
3945 2830 3949 3510
888 3160 2223 4145
5211 8011 6254 8600
2435 7361 9686 7444
7069 1787 7923 2050
2754 65 5396 338
4872 8627 5502 8735
575 1225 2442 1709
9379 207 9439 6602
7069 2080 7967 2297
259 7505 575 9607
3674 3655 6559 3999
803 2977 888 9358
5065 9261 6772 9820
5546 6487 7164 7040
170 9607 1588 9989
3860 9249 7063 9261
2442 1225 3156 1709
681 2830 789 9326
1662 9607 1762 9813
2173 8780 2328 9669
681 9358 1174 9607
1435 5575 1893 7435
1686 2830 3531 2976
7343 524 7742 1688
1893 7151 2147 8011
2638 2977 3537 5073
888 5092 3674 5320
8276 8757 9186 8992
3860 9261 5065 9820
8306 8154 9686 8512
