7098 1212 7321 4966
3332 3473 4057 8635
9119 1531 9737 3842
4057 3473 4764 8635
747 9776 8862 10000
747 9288 1624 9694
2503 2078 2645 5988
1748 2078 2162 9704
1605 2078 1748 9288
2162 2078 2503 6037
7098 615 8387 1187
5639 0 5964 8251
2669 708 5639 1149
2162 8635 7183 8839
9737 1531 10000 10000
3150 3473 3332 8635
7328 1212 8241 1491
5105 5460 5193 7844
2645 2078 3150 8635
3 4639 747 9910
2162 9074 7769 9704
7769 6142 8259 7319
1459 6097 1580 8406
8259 1212 8425 7319
2162 8917 7312 9070
1605 708 2669 1693
747 5520 1508 6091
29 1469 1605 2291
5296 8251 7328 8635
2162 6037 2645 8635
3150 2078 4073 3473
5218 1149 5296 8635
747 9704 8862 9776
5964 0 6481 1273
747 6661 1456 8538
5964 2390 6481 5316
4836 2078 5105 8635
4764 2078 4836 8619
8425 615 8754 9044
6481 615 7098 5789
5964 5316 6481 8251
8862 0 10000 1531
5964 1273 6481 2390
104 2991 731 4637
747 8538 1370 9286
1605 1693 5218 2078
7769 1491 8247 5704
2669 1149 5218 1693
6481 5789 7322 8178
7769 7319 8398 7513
7328 1491 7769 9074
5296 1149 5639 8251
0 39 2997 708
4079 2078 4392 3037
7248 0 8862 615
6481 0 7248 615
3006 0 5639 708
5105 2078 5218 5460
