5117 7818 8905 7997
2037 1148 2787 2061
796 58 1567 1426
6082 1160 6247 4259
5661 5055 7005 5997
0 4350 153 10000
3896 887 7693 955
9203 0 9694 718
4247 5071 5661 5878
3086 6956 3270 9624
3868 1870 5229 1979
1475 9700 5086 10000
9535 7998 9780 8393
1402 8460 1933 8778
2037 2061 2763 2393
4034 4364 7005 5055
6935 2378 9708 2816
5442 439 8280 875
2497 5458 2763 9450
4034 9499 10000 9700
3086 2798 5603 3086
5295 6652 6796 6869
5311 5997 7102 6645
2883 1160 4243 1854
8693 3499 9708 5718
4034 7095 4641 7808
2228 5723 2381 6904
3086 3873 6082 4259
7114 9319 9905 9336
1933 5458 2175 8243
1567 58 3896 332
891 1426 1928 2207
1933 4431 2763 5458
7351 1160 7658 2096
796 9700 1475 10000
0 45 796 4350
796 45 9010 58
2826 2798 3086 9450
4034 6897 7192 7095
5117 7998 6816 8538
4192 6138 5311 6627
8693 6518 9544 7677
4646 7491 8559 7818
3086 4259 3617 6956
6935 2816 9708 3499
9708 4407 9980 5454
7005 4364 7973 5997
3896 439 5442 887
2773 3400 2826 7913
8559 7491 8693 7815
1146 3864 2763 4431
4276 2137 4541 2222
796 1426 890 8315
6935 3499 8693 4364
5086 9700 9525 9998
2037 332 3896 955
8134 1148 9046 2307
4034 5997 5310 6138
3896 131 9010 439
8693 5718 10000 6518
6247 2378 6935 4364
153 6021 698 8974
891 8778 1971 9404
2277 2393 2743 3397
7973 4364 8693 7491
3280 6956 4020 9606
153 4350 796 6021
2037 955 9708 1148
9010 45 9203 955
4034 4259 6247 4364
891 2464 1090 4467
1262 2393 2277 3864
3919 1148 6512 1159
2826 2501 5603 2798
5603 1870 6082 3873
4034 6652 5295 6897
1567 332 2037 1426
3896 72 8230 131
2763 2222 5603 2501
922 4467 1146 8668
891 9450 3086 9700
4201 7818 5117 9232
7192 5997 7973 7491
7114 8502 9981 9268
3086 3086 5603 3873
1146 2393 1262 3864
0 0 9203 45
7658 1160 8134 2378
4034 9246 7114 9499
3617 4259 4034 6956
4646 7095 7057 7487
4283 1160 6082 1870
