4824 12 6292 384
2275 2464 2539 6240
7732 965 8135 2501
458 885 775 1610
1700 8049 3123 8471
6877 8372 7579 9628
3661 1450 5578 1887
1602 9210 2264 9527
3801 3384 4943 4297
4020 8530 5028 9914
798 8454 1246 8973
9031 2604 9238 3812
4851 4297 6020 4916
4151 2260 4629 2733
3376 881 3661 6168
0 8975 1092 9676
1242 7376 6410 7439
7185 7338 10000 7726
5028 9628 7916 9914
0 840 6610 881
6869 965 7732 3052
2614 881 3376 3581
837 8183 946 8403
1242 3682 2201 5147
8135 639 8672 2501
7732 3196 8705 4229
6410 8372 6877 9628
866 881 1021 7439
1293 2084 2252 2112
3567 7892 3823 9644
0 4198 93 8975
8705 2501 9031 3812
3824 8530 4020 9783
1242 6782 2275 7376
3557 9915 10000 10000
1346 5962 1737 6128
5629 8628 6410 9628
4851 4916 5931 5856
3712 1887 3801 5992
6153 916 6603 1450
1244 8975 1602 9999
5629 7439 6410 8628
1242 5597 2275 5890
6610 840 8135 965
0 639 4504 840
4020 9914 7151 9915
7133 3052 7185 7726
3801 1887 3851 3384
6020 1450 6320 6168
4943 3530 6020 4297
7732 5854 9150 6437
3851 1934 4151 3384
9795 466 9992 2071
5578 1450 6020 3530
7732 4229 8705 5854
2565 4468 3102 6924
3661 896 4021 1302
6848 3052 7133 8372
93 4198 796 6893
6410 7376 6848 8372
2575 2441 2614 3079
4338 881 6153 1402
4151 3027 4825 3384
7133 8322 9917 8372
3801 4297 4851 5994
458 1610 866 4198
9380 8372 9738 9039
8434 8372 9380 9628
1737 5890 2275 6782
3872 1887 4943 1934
1242 5147 2275 5597
2376 6955 2565 7256
8672 0 9031 2501
5028 7892 5629 9628
9031 49 9769 2604
1021 881 1242 7439
4504 639 8135 840
521 7945 2191 8048
6610 3052 6848 7376
9312 2604 9815 2871
7732 6477 9655 7145
7579 8372 8434 9628
3823 7892 5028 8530
4943 1887 5578 3530
3146 6168 6230 7245
9238 2604 9312 5854
7732 2501 8705 3196
8705 3812 9193 5477
3845 5994 4836 6155
6320 1450 6610 7376
6610 965 6869 3052
2353 8975 3309 9978
7133 7726 9735 8259
9312 4063 9994 6477
0 881 458 4198
93 7439 5629 7892
7916 9628 8754 9835
3146 4468 3168 5655
0 384 8672 639
2565 3581 3376 4468
7185 3052 7732 7338
