8606 84 9584 1436
8179 7626 8314 8634
0 0 4623 84
878 2110 1059 5409
882 7194 1268 8108
7790 7270 8179 7643
6006 5401 6871 7194
1878 6555 5083 6793
5154 2730 5259 4489
1719 9063 2530 9997
878 5409 2742 5637
1135 5660 2668 5830
7223 4516 8420 4716
104 4331 878 6336
6033 4719 7945 5136
7722 672 8351 778
5529 2763 8097 3386
1421 8149 3450 8271
771 1087 1300 1706
2800 8271 3020 8862
1059 4921 3115 5375
5481 7270 5962 7592
2752 5409 3964 5830
6148 1530 7717 1578
1268 7270 2107 8149
104 3552 878 4331
9042 7736 9584 8347
7308 6322 8030 7270
4342 2730 5154 2902
8474 84 8606 4719
2340 336 2581 4331
2530 8864 3440 9996
2960 1438 4677 1578
9981 739 10000 10000
1059 2110 1300 4516
878 1717 1300 2110
5383 997 5918 1211
0 119 1300 1040
6186 84 7205 795
2640 2374 2954 3059
9655 0 9997 721
878 5637 1135 6793
1478 172 6038 219
1714 8864 1830 9054
1878 6277 5083 6337
7707 7643 8179 10000
1878 6452 5083 6555
7063 5401 9042 5615
5259 1863 5517 3383
6044 7270 7790 7643
9437 3522 9542 6181
4141 8315 6061 8596
4342 2966 5128 3396
0 84 1300 119
2973 3259 3419 4358
9079 9078 9390 9362
1059 4726 3752 4921
1877 2555 2309 3166
1571 542 1674 1411
6048 84 6186 654
2640 1578 7825 1727
8646 5993 9042 8347
2107 7732 5481 8149
8827 1436 9555 3308
9584 0 9655 10000
3964 4719 5083 4956
6775 9460 7665 9495
1478 219 1571 3761
6061 8149 6775 10000
6033 5136 7945 5401
7388 3386 8195 4031
3436 1863 3546 4017
1878 5830 3964 6277
1268 7194 7063 7270
4342 2902 5131 2965
8805 5615 9027 5952
7388 84 8435 644
5481 7643 7697 7866
878 8149 1421 8864
9166 6876 9579 7732
3419 1727 5529 1863
2340 4386 3115 4489
8606 1436 8827 3355
8312 1333 8420 4407
7308 5615 8805 5993
104 6336 878 8977
1478 84 6038 172
4677 336 5383 1530
9042 3355 9166 7736
8179 7270 8646 7626
3450 8315 4139 10000
6149 1333 7557 1529
6038 931 7573 1333
8314 7626 8646 8560
5889 7866 7663 8018
3546 1863 4342 4489
878 6831 5394 6893
1135 5830 1878 6793
8441 8634 9079 10000
5531 2149 5904 2586
5083 5401 5836 6793
5259 4074 7946 4350
8606 3355 9042 4719
244 1087 770 3552
4342 1863 5259 2730
1059 4516 7217 4718
1300 84 1478 3761
5050 0 8022 73
1300 3761 2217 4202
1300 4489 5259 4516
8097 1333 8312 3386
8420 1333 8474 4718
1185 6904 5319 7186
0 8977 652 9956
1877 336 2272 1504
1878 1515 2340 2507
1421 8271 2800 8864
3450 8149 6061 8315
1877 219 6038 336
7945 4719 9042 5401
244 1040 590 1084
5259 4407 8038 4433
4786 4956 5083 6277
8030 5993 8646 7270
5259 4437 7549 4509
0 1040 104 8977
8181 8634 8441 9969
5529 2696 8097 2763
1571 1570 1648 3405
8477 8560 8616 8575
2973 2756 3339 3259
104 1040 244 3552
1878 6337 5083 6452
7825 1333 8097 2696
2656 336 2960 1364
3964 4956 4786 5954
3964 4718 7520 4719
6871 5401 7063 7194
3244 393 3321 1438
933 8864 1606 9864
7063 5615 7308 7270
1754 1570 1832 3225
770 1717 878 3552
7403 8224 7707 8667
5836 5401 6006 6793
4139 8946 4476 9625
3964 5954 4628 6208
5083 4719 6033 5401
8646 8347 9301 8522
9655 739 9981 10000
7308 5993 8030 6322
2107 7417 5450 7732
878 6793 5887 6830
