2135 2482 5148 2573
2271 7830 3753 8135
8843 9045 9990 9385
1377 1161 2018 1550
6599 2255 7108 2356
611 3415 967 4542
7498 3249 8595 3369
0 7691 1430 9183
8650 2497 8674 4102
1402 1596 1624 4025
2271 6824 4973 7702
1377 833 4891 1161
1430 7691 1635 9385
0 0 587 3415
0 9183 1430 9584
5981 6559 7487 6713
2135 2330 4969 2480
3973 6713 9818 6824
1175 0 1377 6097
1635 1596 8637 1729
967 6582 1549 7267
3973 5560 5090 6559
2135 3227 3105 4249
6044 4689 7487 6559
278 3415 611 7691
0 5406 170 7691
611 5697 828 6839
587 0 967 3415
6044 3429 7257 4689
1430 9385 10000 9584
1712 8381 3753 8763
7487 4120 8674 5204
4547 8137 7943 8597
1712 2255 5235 2330
1635 2255 1712 9370
1712 8763 9990 9045
2271 8135 3753 8381
1722 2330 2135 8133
8674 4120 9352 5458
0 9768 9776 9803
1377 227 4256 516
2135 4249 3007 6824
3973 6559 5981 6713
175 3415 278 7685
1377 604 9990 833
9498 1019 9806 2760
9818 833 9990 7980
3007 4249 3105 6824
7487 3429 8650 4120
1377 516 9990 604
5007 1235 5714 1555
6927 6863 9722 7830
8533 8597 9990 8763
5090 3429 6044 6559
4920 833 9818 1009
3753 7830 9818 7980
0 9806 9622 10000
3105 2912 5298 3429
7110 1235 7364 1503
9378 1235 9473 5800
3753 8137 4531 8590
1712 9045 8843 9385
0 9584 7493 9768
9498 2821 9812 5653
8674 1235 9378 4120
4920 1009 9727 1019
9990 0 10000 8815
4920 1019 9498 1235
7487 5204 8674 5817
2224 1161 4920 1596
1377 0 4259 227
2143 6824 2271 8072
3753 7980 7943 8137
6036 229 8245 478
2135 2573 5298 2912
3105 3429 3973 6824
3973 3429 5090 5560
7257 3429 7487 4689
7493 9584 10000 9768
1635 1729 7400 2184
5628 6824 6751 6896
3753 8597 8028 8763
2135 2912 3105 3227
8674 5465 9220 5794
7943 7980 9990 8597
5298 2497 6666 3429
7487 5817 9818 6713
