2770 3618 3639 3782
1734 3835 3639 4059
3212 8258 3491 8741
1607 9242 5981 9367
0 0 288 1439
6380 1477 7067 4615
1734 947 8748 1240
3813 6005 6386 6069
1607 9080 3813 9242
1318 1312 1472 9633
1734 1351 7388 1462
2648 1958 4707 2534
8599 6815 9350 8578
3297 9490 3645 9849
0 6925 724 7665
3111 31 5422 273
9487 1586 9789 2343
9041 947 9789 1586
437 0 724 1841
3789 9490 4635 9867
5671 3576 6380 4615
9090 1586 9321 5959
1570 6896 3813 8258
2182 1874 3669 1958
2481 5853 3037 6688
0 7665 724 7745
7836 0 8275 843
4386 307 5330 694
819 8123 1318 9633
1472 4887 1570 9633
1570 4887 2331 6896
3639 3576 5671 4059
5140 7968 5981 9242
7067 1477 7632 4615
1734 694 5847 947
3813 6069 4861 8105
2602 9367 4815 9490
4861 6130 5129 6982
5981 9316 9990 9743
7632 6974 8369 8664
291 3549 724 6925
3115 6005 3776 6570
724 0 819 9633
2331 4887 2481 6896
7632 1983 7970 6691
2648 2549 4844 3576
4844 1477 6380 3576
8318 2407 8369 6974
3115 4887 5525 6005
8617 2407 8702 5876
0 7745 724 8457
2501 4887 3115 5831
1734 1958 2648 3835
915 273 1318 8123
6438 4615 7632 8664
1734 4615 6386 4887
1578 8258 1607 9235
7971 1242 8318 6974
1734 4059 5671 4316
6169 9844 9062 10000
8369 2407 8599 8664
5981 6252 6307 7460
1607 8258 3212 8748
1734 1240 7477 1291
1607 8748 3813 9080
9356 2345 9850 6207
1527 712 1734 4663
5847 0 7836 947
9789 1172 9991 1742
5525 5496 6316 5535
4399 1477 4649 1923
1734 4316 5671 4615
3813 8105 5140 9242
6386 4615 6438 9238
9356 1586 9487 2345
0 1841 724 3549
7640 1240 7971 1948
8748 947 9041 6815
8318 1240 8672 2375
1734 1465 7368 1477
9789 0 9997 1167
1570 9367 2602 10000
5422 0 5847 694
4815 9367 5981 10000
6438 8664 10000 9316
5140 6076 5979 7968
4635 9490 4815 9867
0 9633 1570 10000
2602 9867 4815 10000
819 0 915 8123
0 3549 291 6925
0 8457 724 9633
1318 694 1472 1312
5981 7934 6264 9145
