6153 7996 6907 8864
676 7536 765 8522
6112 744 6824 2964
4167 8396 5446 8914
3117 3068 5458 4396
8683 744 10000 1154
3034 3159 3096 3412
765 1758 1605 3351
9755 4501 9775 8354
2122 8686 3173 9468
2435 8323 2886 8324
0 7292 290 7536
0 7536 676 10000
6824 2942 8186 2962
341 1701 401 7254
6112 0 10000 186
6112 2964 9049 3039
6472 4728 7623 5050
3480 906 5149 1102
8556 8991 9382 9413
2447 2456 3003 6500
6916 6716 8036 9033
676 8522 2122 10000
3693 6716 6153 7896
0 1546 1831 1701
7744 4728 9387 6315
2122 244 3454 790
401 1701 758 7182
3003 4501 3955 5015
65 244 1747 1485
5937 8517 6110 8914
2122 2456 2375 6661
6112 186 10000 744
4012 4501 9713 4728
2122 9805 10000 10000
765 3351 1637 8522
1637 1701 2122 8522
4023 4730 6449 5135
2375 6500 9365 6666
6824 1152 8683 2942
2122 6679 2406 8418
3003 2456 5599 3064
0 0 6112 244
3003 5356 7704 5951
3192 6964 3589 8038
2122 790 3454 2456
6153 6716 6916 7996
3693 8018 4990 8396
2122 9658 5216 9805
3003 5135 7718 5354
320 3416 341 4345
1831 244 2120 1690
7126 9033 7786 9464
9079 1154 10000 3039
2122 9502 6900 9547
6112 3559 8359 4323
4788 9620 4897 9648
6112 3039 8324 3534
9563 7066 9712 8775
8683 1154 9075 2058
218 2574 275 3121
8404 3365 9602 4405
3454 244 5600 906
2375 2456 2447 6500
8036 6716 8556 9490
8556 6667 9476 8816
5600 244 6112 4501
5446 7896 5937 9033
3192 6678 8255 6716
3003 5951 7707 6497
6824 744 8683 1152
9841 3039 9978 7729
