7263 763 7726 9999
0 1174 154 7271
7968 9688 10000 10000
7968 3171 8591 5235
2548 0 2710 2438
935 7812 2098 9277
1407 3265 4433 3591
6507 6564 6668 9687
0 0 1406 1174
2710 202 8144 763
2287 8222 2986 9145
7769 763 7968 9485
1407 3591 2123 6043
3664 763 6911 1406
2329 4576 2883 5940
1640 0 2548 1301
2710 0 10000 202
8913 6670 9856 8408
7968 763 8144 3168
5306 2438 5902 6576
2883 4576 4473 6043
1407 2608 4267 3230
2123 3591 2303 6043
9126 1303 9702 2873
0 7341 6266 7695
4863 8607 6507 8841
496 9277 4323 9803
5902 5356 6487 5721
8974 708 9086 1384
154 6043 971 7268
1407 1619 2434 2415
9267 3171 9759 5094
154 3748 1057 3819
8144 708 8974 3170
4863 8841 6507 9819
1120 1174 1407 6043
0 7720 6345 7739
1407 2438 5174 2595
2303 3591 4473 4576
8913 8408 9856 9688
8607 5236 9856 6670
496 9803 4254 9819
4323 8607 4835 9738
6911 763 7263 10000
3518 763 3664 1360
5902 2438 6364 5146
7968 6670 8868 7966
972 7101 4379 7271
6519 2438 6676 6559
19 7756 496 9813
154 1483 512 2094
7968 5236 8607 6670
1776 6043 4392 6941
4473 2608 4904 6846
8144 202 10000 708
9704 708 9856 3171
2710 1406 6911 2438
8509 7966 8913 9688
8868 6670 8913 7966
6676 2438 6911 9819
154 3819 1120 6043
9856 708 10000 9688
4323 7739 6507 8607
7968 7966 8509 9688
8591 3534 9139 5236
496 9819 6911 10000
