19 2047 128 4446
634 3646 1314 4279
4263 1750 6752 2116
1178 6772 1396 9209
8709 2173 8831 6121
634 6087 1436 6772
0 9599 3081 10000
4453 8633 5743 9623
9828 380 9874 7061
371 3316 3081 3646
3081 8700 3245 9339
4308 8157 7566 8391
3245 8700 4195 9339
7779 210 8284 488
5039 4266 6408 5598
267 691 1930 913
8255 570 8693 1646
634 4279 1314 5610
7571 7949 9874 8392
7571 4266 7801 7949
2260 3646 2808 5495
4196 3042 7961 3316
9335 830 9702 3137
288 2957 371 6772
3235 3316 3654 3962
9335 3137 9828 5852
4014 4266 4175 6923
371 2957 7961 3042
8129 6198 8581 6967
2654 5495 2719 8446
4263 2250 5673 2613
3655 3316 7698 3821
5887 9215 9246 9786
4308 8392 9874 8520
5906 9136 8641 9205
2641 1793 4263 2758
7701 3316 7917 3877
7199 4266 7571 7316
972 9557 2522 9599
2260 5495 2654 9553
1314 3646 2016 5610
0 0 10000 90
2244 3646 2260 9553
371 4305 634 6772
3235 3963 7801 4266
3081 7522 3768 7550
3468 4266 4014 5543
4453 8520 5799 8633
6012 802 8255 1594
128 2825 288 4118
4063 90 7029 570
4063 570 5463 802
634 5610 1436 6087
3669 90 4063 1032
7961 7061 9874 7949
4308 8520 4453 9691
6013 6172 7002 7300
23 4446 288 6609
8983 90 9335 7061
890 7706 1173 9309
4922 7316 6983 8014
288 2825 7961 2957
6408 4266 7199 5598
4263 1594 8255 1750
2016 3646 2244 7967
1481 5610 2016 7682
445 1037 911 1367
4060 8062 4182 8700
4263 2613 7961 2825
8311 3408 8346 5219
5803 8520 9591 9136
4357 4266 4829 7939
1436 9324 1929 9335
4195 4266 4294 5577
3081 3316 3235 6286
7961 1750 7979 6224
370 6772 622 7343
76 90 3654 208
2808 3646 3081 5131
128 1403 1887 2040
2808 5131 3081 9599
3081 7851 3518 8495
4453 9623 5803 10000
7983 3408 8126 6510
6759 1750 7721 2063
3655 3821 7701 3963
7983 1750 8611 3389
371 3646 634 4305
9591 8520 9873 9206
4829 6172 5975 7238
6124 5598 6755 5721
7801 3963 7961 7949
843 7706 882 8827
8831 90 8983 7061
371 3042 4196 3316
9874 380 10000 10000
4263 2116 7552 2250
4090 802 6012 1022
5674 2289 7432 2613
8687 4482 8694 7061
7449 570 8176 720
3081 6286 3886 7499
3669 1032 6012 1594
3081 7608 3967 7806
9335 5852 9784 6910
0 7706 843 9599
4829 4266 5039 6172
0 209 3299 688
913 1037 1929 1401
1948 691 3665 1424
9335 90 10000 380
3081 9339 4308 10000
