6027 6166 7669 6861
918 3249 1205 3386
2952 2925 3591 4161
2159 9079 3197 9716
9762 818 9856 3912
649 3249 667 4816
8354 2848 8555 7585
250 5960 4819 6166
9046 8767 10000 9351
2065 4627 7240 4639
115 8058 1265 9079
2282 8059 5971 8331
4646 162 5291 602
3197 9079 4001 9576
656 2386 4559 2848
8555 6200 9494 7184
4826 5848 7119 5903
7817 7585 8368 8041
2718 160 4616 597
2282 8331 3021 8649
1266 602 9868 818
368 5648 1202 5810
2282 8649 4001 9079
7184 8767 9046 9081
9494 6200 9652 7184
3197 9576 5252 9731
4808 4767 5947 5648
667 5230 3375 5579
250 5579 3375 5648
1266 867 4421 895
9692 5365 9868 8607
195 447 1266 485
667 4767 2594 5083
8555 7184 9652 8058
4714 1178 5125 1751
6564 2925 6635 3488
3575 7037 5782 7302
5682 867 7660 1701
5766 6170 6027 6627
6123 1895 7960 2368
897 1790 9685 1895
667 4639 7247 4767
2462 969 3774 1770
1265 8059 2282 9079
1266 909 2446 1735
1266 160 2716 602
1265 8058 7869 8059
2299 2925 2952 4161
250 1790 897 1895
7669 5848 7701 7585
9430 4493 9582 4847
3375 4767 4808 5648
971 5933 4725 5960
255 2386 656 2844
6184 8649 7184 8934
121 9081 2159 9200
1245 7585 7817 7725
525 7406 5911 7556
3140 8376 9502 8496
0 9716 1657 9727
667 3466 2065 4639
8555 1895 8726 5545
8027 9351 10000 9746
250 1895 6123 2187
8726 2257 9601 3658
2214 4161 3827 4621
4256 4161 7247 4627
142 4903 250 5867
7701 4767 8142 7585
8555 5553 9573 6200
0 0 115 9200
667 5115 3330 5230
5971 8059 9652 8331
4559 2698 8509 2848
3914 909 5409 1178
3207 896 4150 909
0 9899 10000 10000
250 5848 966 5959
2066 3791 2299 3894
1266 54 8860 157
9652 1895 9685 8331
7184 8649 10000 8767
225 7556 1245 8055
5566 9351 8027 9746
9868 0 10000 8607
8975 3658 9549 4300
4559 2386 8523 2698
250 2925 2299 3249
5566 8937 7179 9057
5566 9081 9046 9351
3021 8607 10000 8649
6874 4767 7663 5719
8943 4469 9382 5448
8726 1895 9652 2257
0 9200 2159 9716
9685 1790 9762 5365
8726 3658 8971 4463
1245 7725 7817 8058
8142 4767 8354 7585
3591 2925 4975 4161
5947 4767 6715 5535
4819 5960 5496 6131
9685 5365 9692 8496
1266 818 9143 867
1245 7556 6003 7585
971 5848 3833 5868
7247 2925 8225 4697
250 2187 6123 2386
4001 8649 5566 9576
3197 9746 10000 9899
971 5868 4826 5933
3021 8496 9692 8607
6027 6861 7669 7585
9601 2257 9652 6200
1202 5648 6874 5848
250 2848 8123 2925
115 1736 2407 1790
