892 8506 5467 8731
6304 3688 9163 4059
562 2806 894 5751
3904 3409 5478 4349
6304 2590 8163 3582
2119 5751 3279 6832
0 2806 233 8731
1222 3182 1226 3707
3243 1014 3995 1867
9266 3631 9816 6441
2154 9342 8008 9400
6304 2149 8163 2590
4110 5822 5615 6610
6304 3582 8163 3688
8807 323 9261 1019
894 2806 3659 3182
7151 0 10000 201
8680 5324 8880 10000
3279 3787 3659 8272
4749 7848 5570 8388
3904 7583 4437 8444
8163 1045 9162 3661
7151 4397 8880 5324
5615 2149 6304 4059
233 8272 3136 8450
8270 5387 8680 9400
9282 7853 9688 9840
1471 2048 8163 2149
5521 323 8807 1045
169 0 893 2806
0 0 169 2806
1127 2149 3224 2715
9163 1045 9263 3485
9300 6441 9367 7612
2119 6832 3279 8272
562 5751 1915 7569
4733 9924 8680 10000
7151 4059 8880 4397
3995 1014 4157 1733
4733 9400 8680 9924
3243 1867 5082 2048
893 323 1127 2806
7070 7616 7151 8769
2022 5751 2119 8231
1272 3787 1926 4627
233 2806 543 5819
1127 323 1471 2149
9816 3631 10000 7853
1818 3193 3524 3787
1788 4662 1830 5751
0 9044 2154 10000
7151 5324 8680 5387
3904 4604 4757 5520
6060 4059 6617 9044
1975 3787 2537 4536
8880 4059 9266 10000
7151 5387 7662 9044
8008 5387 8270 9400
893 0 7151 323
5082 323 5521 2048
2154 9400 3605 9872
233 5937 562 8272
9266 365 9879 3631
1471 1014 3243 2048
4757 4604 5615 5522
7662 5387 7957 8296
6617 4059 7151 7156
3659 2806 3823 6778
5912 4059 6060 8731
7151 201 9717 312
2154 9044 7662 9342
5521 1045 8163 2048
894 3787 1272 5751
0 8731 6060 9044
1471 323 5082 1014
5615 4059 5912 8468
