7584 8843 8577 10000
6052 6485 6509 8336
4680 1277 5661 1537
1837 4939 2298 5657
5076 8077 5787 9411
1971 6199 2228 9925
7900 2626 7919 4658
9570 5331 10000 6821
0 2762 1291 3160
2335 6199 7781 6485
8880 5827 9093 6821
1291 2762 1995 3290
1549 0 2679 1561
2679 1277 4680 1561
3612 8077 4192 8501
3947 5364 7781 6091
6052 8341 7741 8440
6509 6821 8652 6876
9093 0 9316 912
3947 4922 7900 5364
5679 1029 8155 1177
6723 1177 8155 2465
8236 1797 8554 1847
2298 4922 3947 5657
8672 1797 8880 6821
874 1628 3695 2626
641 2626 7643 2762
5787 6756 5975 9771
2335 6485 3274 8940
9093 912 9316 6821
5679 86 5965 393
114 5553 1056 8096
1021 8303 1291 9987
0 8303 979 9480
5679 393 8155 1029
9570 1279 10000 4986
3384 6485 3530 8077
3467 2945 3821 4735
3695 2465 7923 2626
7781 5364 7900 6485
9570 0 10000 1279
2228 8734 2299 9411
3849 2945 5340 3622
2298 2945 3467 4735
5975 6485 6050 9478
1291 3290 1995 4939
3821 3629 7643 4735
8155 0 8880 853
3695 1561 6723 2465
6509 6485 8672 6821
1293 8936 1837 9993
4192 8077 5076 9411
8880 0 9093 5827
2228 9411 5787 9771
2148 2765 6363 2945
1995 2945 2298 4939
1837 5657 3947 6199
8577 8440 9302 10000
2298 4735 7900 4922
9570 4986 10000 5331
9316 0 9570 6821
8155 853 8880 1126
874 1561 3695 1628
2228 9771 7364 9925
7109 7158 9648 7233
5507 2945 6310 3551
6509 7233 7508 8275
7584 8440 8577 8843
3873 0 5679 1277
8155 1126 8880 1797
0 3160 1291 4447
4001 6756 5787 8077
7364 8440 7584 10000
4001 6494 5956 6756
6363 2762 7643 3629
1837 6199 1971 10000
3224 9925 3773 9995
2679 0 3873 1277
5679 1177 6722 1559
9302 7233 9849 10000
6094 8440 7299 9457
8173 7335 9210 8104
4484 6091 7668 6158
3 0 641 1959
7923 2465 8672 6485
1291 4939 1837 8936
641 0 874 2626
7643 2626 7900 4735
3530 6485 4001 8077
9849 7233 9998 9908
891 402 1549 1079
