3658 263 6092 548
5348 7939 5948 8228
1173 3168 3257 4109
1751 8450 2263 8503
6092 263 8420 439
1192 52 1769 1593
7874 2206 8060 4883
5151 5421 7284 5736
3415 3290 4278 4795
3634 629 4083 661
0 52 1192 1374
4278 2250 4471 4795
2052 1806 3010 2646
7284 3012 7722 5826
0 1593 144 10000
3608 9088 5515 9403
777 4109 3011 4580
4278 1714 5559 2250
8070 5253 8720 5424
7681 9903 9838 10000
0 0 10000 52
7830 2080 9833 2206
144 9361 164 10000
3011 5736 3772 6212
3257 3168 3415 4109
9333 2206 9755 5957
1769 1225 3415 1593
8720 5253 8872 7137
3608 6657 8720 7137
5559 1714 10000 2080
1769 940 2352 1225
777 6475 7607 6648
1769 60 8078 263
8526 8011 8700 8769
2615 7461 3608 9428
5447 3227 5559 5286
2423 7461 2615 9091
6813 3311 7181 4468
9111 362 10000 969
6278 8936 7681 9268
7346 7706 8329 8086
2606 6657 2985 7338
8420 263 8916 1714
5986 2639 7705 2906
9833 3610 9998 6540
7257 7137 9989 7448
3836 7137 5997 7371
4471 2250 5559 2461
8872 2206 9333 2577
0 1374 1192 1593
8916 263 9111 1714
1335 6212 8060 6475
4568 3009 4874 3227
3608 8159 4953 8231
5151 3227 5447 5286
9833 2080 9995 3577
6018 9309 6892 9940
144 1593 3415 1806
152 6265 214 7884
4953 7438 6825 7937
6369 2911 7423 3012
4568 2461 4874 3009
5559 4468 7284 5286
1584 9428 4166 9625
777 6648 7607 6657
3772 5826 8060 6000
3010 1806 3415 3168
4874 2461 5559 3227
5638 2117 7360 2555
6712 7939 7241 8096
8488 2206 8872 5253
7681 9712 9884 9900
1173 2646 3010 3168
225 7819 1138 8151
3426 833 4278 3290
1506 7461 1584 9373
698 4109 777 6652
144 8151 1506 9361
4278 1549 8420 1714
2667 402 3328 833
3608 8231 7459 8667
225 7338 2544 7423
2602 9664 5603 9974
8872 2577 9333 3777
4278 973 6871 1045
4164 4795 4566 5725
3011 4109 3391 5525
4471 2461 4568 4795
6799 1135 8123 1501
1646 9664 2497 9968
6787 439 6905 590
698 6657 2606 7338
8060 2206 8488 5253
3415 1225 3426 3207
5151 5286 7284 5421
2985 6657 3608 7461
1911 4698 2012 6066
6053 7147 6729 7438
8775 8011 10000 9712
5559 2555 5986 4468
9111 52 10000 362
7607 6488 8451 6633
7257 7450 8524 7706
3772 6000 8060 6212
7722 2080 7830 5825
3772 5736 7284 5826
1335 4580 2983 4698
144 2646 1173 4109
4278 1183 6583 1521
8950 7450 9005 7991
828 4580 1335 6475
164 9361 1260 9394
164 9403 1259 9959
389 4109 698 5818
8872 3777 9333 7137
3608 7462 4526 8159
144 1806 2052 2646
4588 3227 5151 5263
3570 4795 3915 5584
6280 3522 6813 3691
7681 8231 8526 9712
9111 969 10000 1714
777 4580 828 6475
