8378 3119 9077 3574
9091 2631 9161 9556
4085 4475 7161 4808
5014 1508 6151 2012
1125 833 1873 1405
3498 4202 3744 4930
6157 1760 7966 2043
105 7536 624 8939
105 6169 196 7536
3635 6092 4667 6858
2124 5367 2561 8041
0 590 91 9098
6157 3025 7620 3296
7760 3019 8128 3616
8064 3844 8128 4930
5070 5663 5178 7363
113 590 446 4401
7654 3297 7760 3616
3744 4214 4085 4930
5070 7363 6081 8041
6157 2189 9161 2631
8574 3574 8786 7558
3635 6858 4911 8041
1393 9466 7933 9627
4667 6092 5070 6858
9345 5041 9626 9945
1873 873 2876 1543
675 590 3707 811
1393 9242 7972 9417
8786 3574 9091 8041
2561 5367 6081 5663
3635 8041 9091 8598
815 9242 849 9652
8402 3574 8574 7386
8738 50 9411 153
5178 5663 6081 7363
709 9050 5066 9242
2124 3844 3498 4592
4085 4808 7288 4822
9635 2043 9676 4156
6157 2043 9161 2189
791 1543 958 7515
0 9961 9851 10000
2124 3616 8128 3844
1081 3869 1147 8968
1393 9417 7933 9466
4140 3595 7654 3616
3498 3940 8064 3957
1393 9627 7933 9660
2935 833 3776 1542
8358 7558 8786 8041
8243 9495 8566 9556
6157 2631 9091 3019
9161 6187 9183 7586
0 0 10000 50
3498 3957 3693 4191
958 1917 1039 6326
1869 4246 2124 8988
4911 6858 5070 8041
958 1543 2417 1917
3498 3844 8064 3940
5538 590 7413 1348
1475 6816 1869 7000
709 1543 791 7515
2417 1543 3847 2318
0 9242 815 9961
7161 3957 8064 4808
2124 8041 3635 8988
8128 3019 8331 6498
7972 8598 9074 8711
709 8988 7972 9050
9161 2043 9635 4107
1081 1917 2417 2318
3113 6092 3635 8041
5014 2012 6157 3297
6797 4214 7161 4475
2681 6092 3113 7167
9219 6911 9342 8329
7966 1465 9296 2037
2124 4592 3498 5367
1195 2838 1819 6066
2561 7167 3113 8041
1954 3307 2099 4246
2681 5663 5070 6092
9713 590 9965 6226
8130 7562 8358 8040
682 1543 709 9146
2561 5663 2681 7167
5066 9050 7920 9230
1159 2337 1194 7113
0 50 8738 224
4587 2617 4597 3554
3635 8598 6607 8988
3498 4930 8128 5192
2124 2838 4083 3533
1195 2337 4140 2643
7933 9556 9161 9806
7972 8778 8883 9417
6081 5367 7527 8041
3744 3957 7161 4214
1195 2643 4140 2838
723 7515 1081 8397
6157 1469 7903 1760
815 9806 6388 9824
1393 9660 7933 9806
3847 1465 5014 2318
4787 638 5295 1465
3498 5192 7527 5367
446 916 647 4795
6607 8598 7972 8988
7527 5192 8128 8041
5014 3297 7654 3595
0 224 8738 590
1081 2318 4983 2337
4085 4214 6797 4475
