4689 9372 7388 9406
2828 415 3014 10000
5125 3969 7271 4576
9033 1027 9533 2365
3014 415 3353 8418
1174 5484 2828 5850
7474 2218 8712 3414
0 5484 284 9943
0 0 2828 1220
5130 8446 7856 9212
3498 4461 4074 8246
1174 5850 2828 7439
4801 1360 8952 1458
4801 1458 8952 1790
7572 5967 7871 6714
320 1220 2828 2201
5283 4791 8449 4836
9033 4396 9533 4791
1174 7439 2828 7756
3498 1027 9033 1360
3498 1360 4789 2767
284 5484 1174 6073
9487 6541 9561 8093
1780 3723 2828 5484
5713 2218 7474 3172
0 4495 1780 5484
4162 5113 4311 5610
8952 1360 9033 2218
5125 4859 5364 7384
8110 5575 9245 5768
284 6073 1174 9663
1757 4448 1780 4495
9033 2365 9533 4396
9533 1027 10000 4791
5995 5675 7339 6865
4801 2218 5125 7371
4986 1 5641 415
7679 1790 8606 2103
1766 7756 2828 10000
5125 3349 7299 3902
9635 8060 9936 8273
3498 2767 4119 4461
320 2201 1780 4149
4789 2078 4801 7394
3014 8418 4689 10000
393 9663 1174 9949
9293 4859 9480 9331
5458 6865 6185 7236
5365 4859 9268 5574
4119 7394 7978 8418
4311 2767 4765 7106
4689 8418 5130 9372
1780 2201 2828 3723
5641 193 7758 728
85 2258 320 3841
3498 435 5632 1027
1174 7756 1766 10000
3353 415 3498 8418
9577 4791 9979 8052
