8189 8011 8630 8918
9491 3602 9927 6499
3676 4116 5332 5118
5128 5351 7621 5701
7621 5351 8950 6517
9444 2750 9462 3741
5249 1793 5489 2589
0 6517 985 7637
1489 1949 3559 2420
7500 2993 8658 3790
5495 1693 6182 2644
3704 8706 3850 9704
7369 2412 8950 2993
3713 871 4025 1710
7755 1325 7858 2214
7030 1693 7269 3790
3704 7482 9932 8011
7094 445 8692 1325
4646 6925 9932 7036
7149 1335 7343 1631
861 2701 1288 2998
3399 5994 4942 6482
784 2420 803 5094
0 7637 985 8958
6999 8918 7432 9729
1252 6578 1581 8187
7738 105 9312 445
5565 4116 7327 4701
7369 3227 7496 3463
8950 2412 8990 6517
9932 445 9978 6067
8630 8011 9819 8188
8990 2412 9291 6517
985 6517 1252 9285
1761 8187 2089 9620
3537 3790 3676 5118
0 126 914 1058
3704 8134 6999 8706
4567 445 5249 3790
0 8958 985 9318
9291 2412 9444 4206
3537 3606 4274 3778
4942 5994 7621 6517
2717 615 3350 1759
5249 3222 7030 3790
7334 4116 8650 4471
1288 2701 3537 2883
0 1141 1471 2252
5256 2623 5441 3222
6982 6517 9932 6925
5249 1185 6766 1274
8692 2050 9671 2201
3560 502 3713 2416
8658 2993 8950 4934
1252 6537 4433 6578
7432 8918 8630 9729
2230 7482 3704 9620
2173 6925 4646 7239
9259 8239 9978 9871
5332 4934 8567 5115
2089 6925 2173 9620
4646 7036 9932 7482
0 0 3547 95
1252 8187 1761 9285
3324 5701 7621 5994
5909 8706 6322 9575
7334 4476 8634 4934
0 5872 3274 6474
6999 8134 8189 8918
1489 502 2970 562
0 9884 9139 10000
6879 0 7738 370
3324 5519 5128 5701
1581 6925 1900 8187
3324 5195 8950 5351
4310 8706 5018 8948
9717 445 9900 1907
803 2420 3537 2701
4334 110 4567 2700
3324 5351 5128 5519
3537 3233 4217 3237
803 3160 2138 4145
3704 8011 8189 8134
2230 7239 4646 7482
7269 1693 7369 3790
1489 110 3688 438
5501 8706 5781 8949
1489 615 2423 1899
9291 4206 9444 6517
7686 2225 8867 2390
0 9318 681 9884
3676 3790 8658 4116
780 5245 2962 5872
3704 9729 9139 9884
4463 6517 6982 6925
985 9285 1761 9884
4863 8972 4996 9261
2436 615 2717 1946
186 4524 780 5705
1761 9620 1861 9826
2173 7239 2230 9620
681 9318 964 9762
1581 6578 4463 6925
1288 2883 3537 3002
7369 1325 7686 2412
1900 6925 2089 8187
2688 3002 3537 5118
803 5118 8950 5195
9139 8239 9259 10000
3914 9322 5749 9727
8630 8239 9133 9441
