5940 2585 6748 3952
6141 0 9074 1068
634 4099 6748 4950
5940 2400 6634 2585
0 2827 634 3472
4735 7812 6010 8072
558 1490 946 2827
7993 9016 8178 9035
6043 9471 7025 9672
946 1490 1680 2412
5097 1068 9444 1296
634 3952 6748 4099
2460 7957 3012 9379
0 5053 6743 5097
0 0 408 2827
558 1296 9792 1490
1680 2288 5940 2412
6272 6896 6886 7635
2959 2104 9002 2288
6748 5176 8039 5226
6937 6247 7489 7773
1035 2827 1877 3879
121 5309 535 8441
2075 7957 2460 9379
2959 1490 9002 1728
2267 920 5665 1012
8555 6377 9456 7479
535 5309 1328 5813
535 5813 1328 7568
4423 9171 9755 9416
9074 0 9444 1068
4735 5097 5875 6568
5875 6247 6937 6568
1328 5309 4735 5549
1680 1490 1890 2288
2845 5860 2984 7679
3206 5860 4023 9030
2959 1813 7117 2104
6748 2288 7313 5176
4066 8228 6272 9171
121 8441 2075 9379
535 7568 2075 8441
9947 1296 10000 9724
9002 1731 9038 3424
9093 1490 9359 2083
9369 1490 9790 3005
7313 4288 9001 4581
1890 1490 2959 2288
8281 7773 9253 9100
4066 6190 4643 6251
0 6599 121 9956
3177 2412 5819 2680
2959 1751 5219 1813
9792 1296 9947 9444
408 0 558 2827
2845 5576 4246 5829
4066 6251 4730 8199
6083 5358 6654 5561
7313 3686 8731 4014
0 3472 634 4950
7313 4582 9367 5175
7383 9740 9851 9956
4423 9445 9927 9471
1877 2827 4696 3752
2787 0 4108 791
946 2412 3177 2681
4735 6568 6272 7812
3012 5860 3206 9956
0 5097 121 6594
1378 1068 5097 1206
1476 5549 2845 7568
4735 8082 6226 8228
6272 7773 7993 9171
7608 7027 8440 7168
4122 0 6141 786
596 971 2267 1068
7117 1759 8914 2104
1495 5103 4735 5309
9444 0 10000 1296
1700 2681 4711 2775
121 9379 3012 9956
3206 9171 4423 9724
7489 7479 9792 7773
0 4950 6748 5053
3206 9724 7275 9931
558 793 5478 919
4711 2681 5940 3952
2075 7568 2845 7957
1328 5549 1476 7568
0 9956 10000 10000
