531 5119 1593 5357
8579 7848 9623 8643
4096 9129 4833 9989
2075 4745 3628 5357
1895 8412 4905 8670
5633 3942 5937 4324
5408 3376 7783 3797
6514 6526 6553 9479
7978 1921 9799 2123
2722 5357 3329 6017
3329 5357 3925 6017
5408 2465 7097 3376
9357 5919 9516 6530
3425 4382 7190 4688
1926 9294 1988 9586
3282 6017 4913 7370
3282 7370 4609 7437
7801 3376 8215 6526
7625 8614 8189 9317
8579 6926 9605 7848
2893 9294 3839 9967
8674 8649 9247 8940
531 3663 1593 5119
1766 8177 1895 9037
4913 6017 5051 6965
6514 5492 7801 6526
6159 4704 6514 7733
4096 8711 4367 9051
3098 157 5533 418
531 2558 2075 3663
8992 6788 9357 6827
5528 9869 6297 9916
3425 3684 3689 4210
5508 4704 6159 7733
0 639 2075 814
7634 6989 7646 8292
5445 6716 5508 9874
7196 8542 7575 9325
0 5230 531 5357
7196 8308 7577 8471
8528 9333 9455 9692
2795 6018 3282 7546
0 9294 1926 9827
0 5357 1207 6017
0 9827 2347 9829
2561 878 3098 3660
1593 3663 2070 5191
5533 157 9051 418
8215 3376 8579 9330
7196 6526 7398 6839
5408 2141 7097 2465
6514 4704 7365 5485
6451 3799 7365 4324
7097 3101 8579 3376
5637 1444 9933 1911
5065 6017 5361 8580
2075 639 3098 878
5729 418 9051 907
5570 7733 6479 9126
0 0 3098 639
3930 418 4613 1695
1766 7546 5065 8177
3098 0 9051 157
9051 706 10000 908
9051 0 10000 706
6553 9330 8528 9701
5408 418 5637 1921
9489 8649 9553 9290
3372 8177 4781 8369
9753 2141 9942 5279
1507 846 1985 2558
2075 878 2561 4704
4613 418 5408 3323
3925 4704 5216 5358
1895 8711 3908 9243
3351 3323 5408 3660
0 814 531 3017
692 814 1369 2102
9357 2141 9704 5259
7646 6526 8215 8614
5520 1921 7978 2071
5637 908 10000 1444
0 3017 531 5230
6514 9701 9707 10000
7365 3799 7801 5490
3925 5412 5452 6010
3709 3660 5301 4316
3390 418 3728 2317
2363 6672 2795 7546
9707 8585 10000 10000
0 7546 501 9294
0 6672 2363 7546
6553 6526 7168 8625
2561 3660 3425 4704
0 6018 2795 6672
2742 6017 3066 6018
501 7546 1766 9294
7097 2290 9113 3101
3098 418 3351 3649
1207 5357 2722 6017
