72 2584 76 8631
6314 6190 6676 6666
1296 7161 4922 7465
6371 6669 9426 7080
26 86 2244 580
1154 7169 1296 8698
3282 234 8543 257
9480 4462 9692 7055
529 6844 1134 7169
8604 319 9915 554
5424 7896 5678 8731
372 803 826 2932
826 948 4269 1350
1444 1831 6360 1914
5739 927 6701 1621
4711 5156 6153 6278
4362 8811 4780 9653
5371 3668 8258 3820
149 5468 357 7192
3063 4358 4599 4833
3058 6134 4177 6657
1087 743 4110 803
2907 2633 3511 2877
6392 4638 8124 4832
6914 927 7215 1855
4922 7161 6095 7795
529 3593 894 5291
2244 387 7664 410
8058 8868 9901 9061
9249 8132 9960 8806
2991 5108 4204 5806
3952 4227 7164 4348
8258 927 8676 3820
894 4833 4204 5108
1296 8253 4971 8698
3161 7896 5424 8253
6454 5156 7755 6030
3346 3677 5365 3808
7578 4227 8456 4344
2334 2242 4281 2633
5026 918 6695 927
26 8817 4175 9500
529 7169 1154 8736
9095 5181 9480 6652
529 8736 9249 8811
7767 2242 8085 2789
4971 8253 5420 8584
3161 7798 5544 7896
4379 9653 6380 9936
4281 2559 6112 2932
8298 5862 9051 6451
894 4446 3063 4833
8058 9073 9890 9608
6112 2242 7767 2932
3265 1450 4296 1468
88 2508 149 7846
6485 8916 6543 9034
9750 4462 9952 6724
894 4167 907 4446
3415 3176 6824 3348
149 580 180 5454
26 9501 4179 9563
4281 2242 4507 2559
907 4167 3346 4348
8676 3190 9725 3820
5680 8132 8965 8549
907 4348 8607 4358
3013 270 3271 319
6095 7164 9226 7291
372 2932 736 3068
1296 7465 3161 8253
1154 8698 4913 8736
0 9970 10000 10000
1218 2096 2334 2633
4599 4462 6392 4833
5680 7795 8962 8054
894 3677 2316 4167
4204 4833 4711 6669
2991 6669 6371 7161
6095 7291 6421 7795
26 9752 4362 9936
9725 3190 9881 3783
9915 86 10000 3780
2244 319 8604 387
2334 2096 8258 2242
1296 6771 2505 7161
6421 7291 7566 7795
8154 5356 8293 5966
0 0 26 9936
3952 3977 8607 4227
4417 1365 4487 1828
4526 1186 4962 1770
26 17 4633 86
907 4358 3063 4446
149 7192 529 8811
7566 7291 10000 7696
826 1350 1444 1914
4711 4833 8154 5156
529 5291 1868 6771
4507 2242 6112 2559
3346 3820 3952 4348
1218 1914 8258 2096
8298 5181 8899 5509
6380 9653 10000 9970
7566 7696 9984 7795
0 9936 6380 9970
180 708 372 5454
4801 6278 5732 6632
7100 8868 8058 9653
1448 3350 7815 3593
2505 6771 2991 7161
1868 6147 2959 6529
8154 4462 9406 5175
6854 2932 8228 3318
894 3668 5054 3677
8676 803 9915 3190
2244 422 4147 511
3952 3887 4614 3977
894 3593 8258 3668
3928 5806 4159 6068
2096 5207 2713 5291
871 1914 1218 2621
2244 554 8282 578
6153 5156 6441 6008
6392 4462 6969 4599
4599 4358 8607 4462
5052 8811 10000 8868
4661 7465 4863 7788
26 9563 3226 9752
3226 9563 4362 9752
376 3741 529 6241
180 580 9915 708
5052 9034 7100 9653
4780 8811 5052 9653
2316 3677 3346 4167
2244 86 8905 226
8607 3820 10000 4462
