2800 5655 3825 5917
7344 7594 7782 8102
6866 2198 6913 2616
7182 0 7401 1825
7344 4915 7782 7594
290 1414 2534 2561
6724 6515 7344 8102
5677 6515 6724 7910
9286 2558 9985 2937
3461 2199 6102 2440
6951 8959 7751 9326
6992 4619 9787 4915
8856 7643 9932 8092
2929 8507 4079 9093
110 5251 2800 5917
0 0 110 9915
5636 2441 6105 3977
9206 4316 9459 4601
2993 1282 6698 2151
7401 0 7957 2001
6997 162 7062 1049
6687 4619 6992 6503
115 5917 375 9245
6105 4447 7558 4619
375 7406 626 9199
7959 2947 8606 4316
7751 8959 8101 9720
171 4179 290 4722
8199 1830 8572 1921
375 5917 626 7406
7558 4447 7908 4610
290 564 2532 1414
8497 4915 9787 6191
6105 2199 6840 4069
5971 4619 6161 5651
2993 2960 3310 2996
5971 5703 6643 6490
3007 5917 3825 6515
3461 4368 4349 5251
8904 2947 10000 4316
8967 134 9282 1340
7957 1340 9286 1830
290 2561 2534 2807
9264 8103 9789 9990
4628 7910 6724 8102
8101 8103 9129 9720
7062 1121 7113 1131
4611 8507 5148 8983
4241 3014 4349 4368
8606 2947 8904 4316
3866 7392 4628 8102
7782 5141 8497 8102
3007 8102 9136 8103
2534 1 6551 162
626 5917 2319 8103
750 2996 3461 3147
3007 6515 4628 7392
2061 8103 8101 8507
110 522 290 3982
9286 0 10000 2558
8497 6191 8854 7893
3825 5655 5971 6515
4628 6515 5677 7910
2800 5251 5971 5655
375 9199 6456 9287
9787 4619 10000 6191
750 3147 2128 5251
7941 4915 8241 5136
2128 3147 3461 5251
6161 4619 6668 5675
5148 8959 6951 9199
135 9326 4465 9885
8051 84 8967 1250
943 0 1048 446
4349 4619 5971 5251
8856 6191 9543 7540
4465 9326 7751 9720
7113 2001 9286 2947
9129 8103 9254 9371
1860 0 2534 522
3461 3014 4241 4368
3007 7392 3866 8102
5636 3977 6105 4618
626 8103 2061 9199
0 9915 4442 9997
4555 2624 5636 4527
9796 8132 9996 9982
110 9295 4365 9326
2319 5917 3007 8103
5148 8507 8101 8959
637 2807 2493 2992
3545 2511 5302 2624
657 4384 750 4676
290 2807 635 5103
3461 2624 4349 3014
6992 4915 7344 6515
4465 9720 9129 10000
2534 162 3770 1282
3770 214 6167 1282
2534 1282 2970 2534
7113 2947 7959 4447
