4042 1805 4399 2573
2345 7728 3770 8134
8942 9232 9526 9919
1703 983 2475 1306
7107 1762 7208 2271
629 4315 1234 5009
8044 3367 9141 3487
445 7044 1389 9769
8044 3546 8771 3599
1234 3255 2941 3556
1389 7044 4790 7728
1804 18 3016 969
1389 7728 1916 8401
0 1306 2486 2741
1 8411 445 9769
5232 6558 7073 6694
4411 1775 4956 2555
2899 6670 4790 7044
1234 3556 2941 4249
5003 532 5523 2323
0 6558 1434 6836
4790 6558 5232 9112
2941 2573 3879 4249
6816 2821 7486 6558
0 3255 1234 4315
0 7044 425 7958
0 6836 1203 7042
0 2741 2486 3255
6114 2821 6816 5009
2153 8401 3530 9732
1389 8401 2153 9769
8044 3648 9378 4833
5232 6825 6218 8398
5003 2325 5564 2796
1437 6670 2899 7044
7074 6558 8191 9143
1916 8135 3550 8401
428 5009 2135 6413
8798 4833 10000 5588
7074 9143 7619 9769
3066 0 3952 939
1234 4249 4559 5009
1437 6558 4397 6670
0 4315 629 5009
0 363 1703 1306
9675 951 9983 2692
9662 5588 10000 9232
2341 5833 3056 6194
7486 2821 8044 4311
4042 0 5473 532
5524 1208 5728 2317
6218 6694 7074 9769
8942 8624 9428 9125
5090 5009 6816 6558
8352 242 9703 885
4129 7728 4790 9112
0 9769 7619 10000
3879 2573 4559 4249
7110 1123 7364 1391
9378 3367 9982 4085
3550 8135 3779 9674
8191 6558 8942 10000
4129 9112 6218 9769
8044 2821 9673 3367
7364 1019 9675 2821
8352 964 9226 1019
9702 3056 9991 3361
5637 0 6574 1198
7486 4833 8555 5588
4042 532 5001 1757
0 0 1703 363
1916 7728 2332 8112
3793 7728 4119 9754
7651 0 8245 926
4559 2573 5003 5009
3056 5009 5090 6558
5003 2821 6114 5009
7486 4311 8043 4833
7619 9143 8191 10000
2486 969 4042 2573
5232 6722 6017 6825
5232 8398 6218 9112
2486 2573 2941 3255
8555 4833 8793 5588
8942 6558 9603 8495
5874 1353 6859 2669
7486 5588 9662 6558
