0 0 2706 199
4865 3746 5595 5418
144 5615 1152 6093
223 5097 623 5615
752 1675 4552 1925
2032 5023 3385 5580
5336 2376 6673 2986
2310 5580 2771 6839
936 420 1814 1009
8900 2986 9754 4188
1251 8330 4344 8527
8669 9342 10000 10000
8669 8679 9991 8877
7735 3418 7866 3815
4552 753 5284 1925
8220 7533 9814 7622
1159 6839 1250 7169
6178 3747 6934 3858
3385 5511 8851 5580
7735 3815 8900 4211
3823 5580 6179 5725
3823 5725 4984 6352
9710 4567 9830 5359
9488 5511 9743 7361
3926 1925 4376 3746
8565 1222 8967 1891
1251 8556 2594 8813
6610 1377 6659 1996
7499 7391 8205 8556
6934 3418 7735 3858
1251 9208 4252 9280
6327 4567 8011 4897
7243 737 7440 2807
322 7331 650 7950
7871 8556 8220 8813
8220 7622 8669 10000
4178 5418 7384 5511
7838 5580 8831 6633
3074 7061 4335 7229
1487 5023 2032 6839
524 2286 752 5023
7838 6668 9121 6785
5284 2986 7689 3056
144 6652 1152 7331
5578 7855 7499 8556
368 8245 1251 9728
5282 7331 5578 7842
5853 5129 6905 5418
2674 2078 3320 2460
2562 420 7162 753
5336 980 6113 1978
1152 7229 4823 7330
5582 5725 6068 7331
825 9728 2243 9949
8220 7005 9487 7533
4663 3056 5119 3418
7866 2986 8900 3815
3385 5023 3926 5511
0 1741 144 8245
2243 9728 8220 10000
4989 6318 5540 6355
752 420 936 1009
4376 1925 5211 3046
5595 3858 7735 4211
60 8245 368 9991
2706 0 4999 199
5284 8813 8220 9366
9832 2807 9833 7230
4376 3418 6934 3746
7175 737 7241 2677
2687 4087 3271 4913
4335 6355 5582 7229
3383 4087 3749 4554
8011 5367 9832 5511
7825 4509 9057 4567
1168 4980 3754 5023
5336 1996 6577 2261
524 1741 752 2286
4500 7331 5215 8556
7384 4897 8011 5511
2594 8556 7871 8813
9555 4211 9736 4355
3788 2460 3926 5023
1251 8813 5284 9208
144 5023 1487 5096
8851 5511 9488 6668
0 199 4999 420
6673 2807 9783 2986
3074 6978 3957 7061
4041 6355 4335 7061
1168 1925 2674 3019
5284 9366 8039 9653
5119 3056 6407 3418
2562 753 4552 927
9894 737 9981 5798
2032 5580 2310 6839
8809 7622 9424 8643
6179 5580 7694 6833
4999 154 9474 415
144 6093 1152 6652
7444 2322 9688 2799
1152 5096 1487 6839
1251 8249 4052 8301
1168 3019 2674 3897
2771 5580 3823 6839
4590 9208 5284 9728
5336 2282 6592 2376
8011 4567 9365 5367
6104 4211 6885 4458
4179 3746 4865 4776
4999 0 10000 154
5336 887 6709 905
3963 3785 4178 3936
650 7331 4500 8245
752 1009 1814 1675
4178 4904 4501 5359
1168 3897 2616 4955
1814 420 2562 1675
5578 7331 7499 7855
7838 7005 8180 7304
6433 3347 7727 3408
5922 4498 6327 4753
6407 3056 7866 3347
9365 4567 9709 5366
6885 4211 9555 4498
5215 7846 5578 8556
2562 927 4552 1675
7162 420 10000 737
9833 1222 9894 7622
1250 6839 3074 7229
8669 8877 10000 9342
6068 5725 6166 7212
4376 3056 4663 3418
3823 6355 4041 6839
7444 737 9894 1222
761 5173 1147 5474
752 1925 1168 5023
2674 2460 3788 4087
0 420 752 1741
144 1741 524 5023
5284 753 5335 2983
6673 905 7162 2763
