6999 7017 8134 10000
9481 2279 10000 2939
2 564 41 7733
2777 564 3723 5133
3743 3154 5767 6384
2460 5848 2566 7145
8166 7517 9146 7890
5767 4086 6490 6181
7594 4269 7831 5051
166 2557 2381 4973
1865 801 2058 1922
4832 56 6260 1252
7846 4268 9118 5973
3743 6763 9146 7017
2698 5783 3743 8652
7419 4269 7567 6048
3912 9062 6999 9503
845 6095 2083 6347
9839 2939 10000 7890
3743 6384 5767 6763
3743 2837 5767 3154
9146 4268 9366 7259
7846 2939 9839 4268
845 5866 1838 6095
7846 1252 9481 2939
8166 7890 10000 9724
845 6387 2269 7143
8134 9724 10000 10000
5767 6181 6490 6763
9131 56 9481 1252
845 7143 2460 9496
2460 8832 3869 10000
139 4975 845 9191
6260 56 9131 1252
914 56 2284 429
7419 1252 7846 4269
3869 8487 6722 8588
3869 9509 6973 9992
7588 6010 8167 6735
6490 2196 7419 6763
2460 8652 3743 8832
845 9496 1339 10000
8219 7034 8230 7517
2129 5052 2524 5783
0 5 9301 56
5767 2196 6490 4086
3869 7017 6999 8487
1339 9496 2460 10000
3790 7090 3869 7245
9481 56 10000 2279
9366 4474 9779 7843
4832 1252 5767 2837
5767 1252 7419 2196
4012 8685 6921 8992
3743 56 4832 2837
8134 7017 8166 9724
2058 564 2772 2273
