2640 6401 7828 6533
8009 6401 8065 7094
8508 268 8607 3221
9128 5624 9996 7159
1964 8194 2751 8279
590 7968 3941 7981
2093 3932 3835 4392
8599 9380 9693 9588
55 7769 590 8607
2739 5590 4952 5992
1444 438 7583 609
279 2473 1050 3932
759 9398 1180 9800
1050 2473 2032 2688
345 6782 1827 7769
7146 1060 7583 1812
1050 2809 1911 3932
3209 1059 6707 1409
2699 4891 3896 5590
8599 7828 9657 8469
590 7769 3941 7968
1491 3932 2093 5590
3209 1420 7146 1468
1911 2967 2264 3932
3357 268 6205 381
279 1585 1932 2473
1670 1519 1834 1585
2188 7418 5360 7769
6876 4506 8079 6070
8835 5048 9993 5475
9737 268 9828 2463
5284 1468 7146 1812
8217 6502 8918 6943
3209 1409 7146 1420
5360 7405 7850 7769
9659 268 9737 5048
6854 1812 7583 3692
9512 8581 9963 8730
6165 3402 6615 3676
4342 6533 5969 6834
7843 2905 8081 3400
5851 9647 9636 9886
2263 2565 6500 2809
7125 6070 7661 6213
2263 882 2451 2565
2470 4622 2699 5176
2093 5176 2699 5590
6165 3957 6778 4506
6165 3692 6778 3957
8079 5386 8372 5931
0 0 350 882
53 5437 55 6924
3896 4622 4703 5590
2470 4506 6876 4622
7583 438 8083 1390
1827 6782 4236 6881
1180 9568 2673 9805
2640 6009 4821 6232
350 746 2451 882
390 4024 1491 5421
2632 8607 8006 8952
1827 6881 2188 7769
2632 9160 4358 9568
55 3932 345 7769
1708 8567 7159 8607
4703 4622 6876 5590
1586 9398 2632 9568
0 882 279 3932
1180 9398 1518 9567
7583 1390 8075 2358
8468 5708 9116 6401
7850 6401 8006 8564
3273 2031 3720 2439
590 7981 1708 8607
2451 1759 3209 2565
5851 8952 8006 9647
5354 3402 6165 4506
1708 8035 3648 8172
3720 1468 5280 1809
9097 631 9553 2003
1674 882 1932 1503
8468 5048 8834 5619
8599 8532 9512 9380
2188 6881 5360 7418
759 9899 10000 10000
8450 7828 8599 8124
350 609 3700 746
5969 6533 7678 6863
2093 4392 2470 5176
8468 3692 9659 4825
350 269 3293 438
1932 882 2263 2473
743 489 1444 521
2451 746 3209 1759
3720 1812 6467 2326
345 5590 2286 6055
2640 6533 3633 6759
8083 438 8346 3545
3835 2969 5347 4008
4952 5590 6876 6240
6778 3692 8468 4177
345 6055 2286 6782
4384 9160 4561 9619
5282 7769 7844 8563
9156 2044 9484 3302
5360 6881 5777 7405
3377 6240 7893 6390
8006 7569 8379 9629
4609 746 7583 1059
6778 4177 8252 4491
2286 5590 2640 6782
6597 2565 6854 2771
3700 609 7583 746
2264 2967 3835 3932
7583 2905 7791 3459
2470 4392 5354 4506
1911 2809 6854 2967
5354 2967 6654 3390
55 8607 177 10000
4561 8952 5851 9899
3835 4008 5354 4392
3941 7769 5266 8550
279 882 1544 1556
5777 6881 7850 7405
9771 7811 9989 8077
6707 1059 7067 1288
9587 268 9659 1999
177 8607 2632 9398
177 9398 716 9999
3209 746 4609 1059
2632 8952 4419 9153
8384 7569 9749 7823
2699 4622 3896 4891
350 0 10000 268
