49 1136 128 4446
910 3728 2897 3973
6012 1285 6599 2757
1132 6602 1510 7951
8830 5951 9868 6415
844 6602 1132 9284
0 9599 2882 10000
4525 8990 7039 9498
9378 510 9874 1133
910 3147 3034 3713
3147 8402 3244 9585
4525 7949 5741 8525
3244 8402 3971 9451
4354 487 9195 516
4885 4531 9874 4997
1038 580 2007 961
8179 518 8520 1807
454 99 910 5384
5741 7949 9874 8348
6983 6162 7960 7042
2655 5214 3147 9599
6601 3137 8240 3833
9335 1347 9808 3137
257 99 419 5384
3034 3147 3363 3970
8346 3137 9874 3943
4044 5214 4193 8085
1658 1318 2073 2965
8082 5951 8829 6416
2439 5718 2655 6602
4169 1898 5575 2262
3797 3137 6601 3833
7783 9137 9874 10000
5741 8348 9591 8525
7783 9022 9424 9137
3797 2757 7916 3137
6399 3833 7702 3926
7390 3954 9561 4518
2312 9289 2522 9599
1132 7951 2655 9114
910 3973 2655 5384
7574 0 9335 487
1667 9114 2245 9282
0 5384 2655 5718
4885 3943 7390 4531
3147 6634 3168 7550
3150 5214 4014 6021
3974 8402 4525 8678
6012 580 8179 1285
137 1572 257 3296
4354 0 7574 487
3797 585 5564 773
0 5718 2439 5899
3797 773 4841 1130
6983 7061 9874 7949
3244 9451 4415 9596
5983 6162 6983 7270
0 5899 619 6825
8520 518 9335 3137
0 9284 1436 9599
4885 7270 6983 7949
3364 1312 3797 3833
5063 4997 7121 5598
7092 1285 8179 1807
1510 6602 2655 7951
844 5899 2439 6594
910 99 1013 1592
3971 8699 4252 8976
3797 2262 5651 2752
8264 3137 8346 3910
4525 8525 9591 8990
4525 3943 4885 7949
1436 9284 1465 9471
4195 4128 4492 4565
3171 6022 3577 7153
7960 6162 8065 6929
621 5899 747 7041
257 0 4354 99
2655 3973 3364 4506
910 1652 1658 3147
2655 4506 4195 5214
3147 7806 3619 8402
2882 9898 7783 10000
5983 5951 8082 6162
6599 1285 7092 1886
3364 3833 4195 4506
7092 1807 8259 2689
419 99 454 5384
9591 8348 9850 9095
5063 5951 5983 7270
6124 5598 6755 5721
7121 4997 9378 5951
825 6048 844 8349
8082 6416 9849 7031
2082 2182 3253 3133
9874 0 10000 10000
6599 1886 7092 2757
4841 773 6012 1130
5662 1130 6012 2757
6983 7054 9562 7061
5995 530 8176 580
3619 6022 4043 8325
3797 1130 5650 1843
3171 7413 3617 7806
9378 4997 9874 5951
0 7209 802 9265
4885 4997 5063 7270
1038 99 4354 518
1038 963 1625 1593
2082 580 3797 1312
9335 0 9853 374
2882 9599 7783 9898
