5735 9760 9483 9862
2000 5137 2714 5954
5429 7828 9774 7843
6468 2336 7423 2799
3277 4221 4659 4561
6632 7405 7391 7828
6109 986 9042 1314
4659 4221 7782 4561
597 5137 689 7576
2600 8227 3721 8872
1446 7774 4720 7978
5428 2136 8214 2336
0 8231 2365 8386
729 5137 2000 5329
5961 2928 7323 3788
487 9862 2053 10000
487 8397 1085 9684
4484 6774 4720 7763
1630 6516 2234 7041
3721 8227 5735 8331
9387 8632 9469 9121
2857 4398 3158 4459
2101 26 6799 316
6429 9555 8560 9760
1317 4789 2033 5137
9203 5771 9490 6299
6418 6774 6632 7504
597 3830 3277 4398
7081 5137 8448 5528
9970 0 9994 7809
2421 6897 3932 6978
4763 6019 8580 6275
5186 1314 6871 1771
6708 7980 8763 8101
9366 1783 9462 1896
1474 9152 2600 9486
5924 381 6109 1314
3536 7980 5646 8087
4776 1241 5921 1314
1648 1234 2283 1521
736 5363 1494 5782
8763 7843 9774 8101
8832 5528 9203 7496
4131 8089 5481 8101
25 1439 500 2428
712 6227 2339 6275
3721 8331 5735 8791
2852 381 3382 1792
6632 6775 7383 7405
8320 2336 8477 4164
1648 381 2716 1234
1851 1541 2642 1732
25 2535 880 3073
4770 4789 9485 5064
2714 5528 3004 6275
8580 6124 8774 7572
3796 8791 5735 8872
8741 2475 9669 4019
763 4934 1317 5137
8477 4019 9511 4164
1648 2072 8478 2127
4763 5886 8580 6019
1446 7370 3144 7772
9669 2069 9774 7828
7360 9 7739 474
25 9 637 1439
8149 2352 8320 4118
9774 4568 9883 5377
2234 6743 7301 6774
3004 5528 4026 6275
7884 6516 8432 6630
4776 1314 5186 1771
3986 4789 4573 4842
637 381 1648 1439
3936 8914 4367 9149
1865 3336 4170 3789
0 8087 4131 8227
25 2428 2522 2535
2850 9684 5735 9862
4216 968 4545 1596
3382 381 4776 968
0 8386 2571 8397
5660 7980 6708 8101
712 6275 5164 6516
7268 1974 7699 2042
0 8397 487 10000
1317 4662 6103 4748
5429 7843 8763 7980
1319 9152 1472 9405
0 3336 597 7979
6530 362 6951 401
2053 9862 5249 10000
1694 1541 1851 1761
4026 5528 8832 5804
712 7370 1420 7867
7211 8577 9741 8632
1085 8397 1319 9684
9511 4122 9601 4391
2234 6642 8553 6741
880 2535 2522 2886
4170 2886 5797 3783
2034 335 5057 381
1648 2136 4600 2428
6871 1444 8693 1737
2600 8872 3795 9486
3613 4864 4648 5030
8320 4164 9226 4496
9332 292 9885 1771
5735 8227 6429 9760
4216 1771 4829 1884
0 7980 524 8064
7211 8659 7284 9040
2716 381 2852 1234
8572 8632 8663 9223
0 0 25 2851
4026 5804 4763 6275
5249 9862 9483 10000
1851 1792 3382 2069
3277 3830 7423 4221
4720 6774 5429 7980
2036 4789 3913 4863
597 3799 7332 3830
5430 5838 8672 5886
1319 9486 3936 9684
9387 9449 9477 9750
7423 3284 7782 4221
6118 5137 7081 5528
2714 5137 5075 5528
9042 0 9885 292
597 3336 1865 3799
712 7041 3302 7308
2036 5064 9385 5137
4797 9372 5704 9659
3795 8872 3936 9486
500 1439 1648 2428
712 6516 1283 6759
2234 6516 5020 6628
7423 2336 7685 2739
6273 650 7772 986
637 9 1946 347
5104 6516 7800 6634
1052 7980 3422 8087
5143 4561 7194 4654
9885 0 9970 1974
8448 5137 9449 5505
9042 292 9332 1771
4131 8101 9970 8227
4776 381 5924 1218
1865 3789 7413 3797
5164 6275 7966 6490
880 2886 3878 3066
2034 9 2093 224
2522 2428 5428 2886
1301 6728 1600 7019
6429 8227 7211 9555
5428 2336 6226 2879
7391 6958 8580 7828
2321 3073 4170 3336
9490 5528 9528 5937
5075 5137 6118 5528
25 0 8506 7
7391 6829 8373 6958
7508 2799 7649 2920
7211 8227 9978 8450
8663 8632 9387 9760
25 3073 2321 3336
3936 9149 4796 9613
4776 1218 5882 1241
487 9684 2850 9862
3382 968 4188 1963
7782 2799 8118 3995
9483 8632 9967 9568
1319 8397 2600 9152
