7088 2027 9187 2546
4368 6450 6647 8106
9306 4433 9998 5328
1796 2177 4692 2411
6463 639 9588 1145
67 551 3621 1960
6203 2027 6655 3559
7088 4432 9290 5280
7975 2546 9187 3584
7088 5328 10000 5643
76 3676 317 6181
4082 551 5625 1970
6463 0 9588 639
6655 2027 7088 8460
9588 0 10000 3584
7088 6920 8397 8460
4380 8460 7775 8509
2899 8460 3761 8958
8776 1145 9588 2027
4380 8541 8170 9287
798 7634 1385 8343
1796 2411 4692 3837
3656 551 3739 1774
3848 6450 4368 7868
7088 2546 7975 3584
2622 4512 4692 6450
92 8343 1750 9731
7088 3584 10000 4432
6326 4112 6523 5091
1796 3837 2622 10000
2773 8111 2899 9718
2829 3837 3851 3984
5625 551 6181 6450
2622 4041 3891 4512
6181 3672 6304 6230
523 3948 698 5769
3935 3837 4672 4485
9187 2027 9588 3584
0 0 6181 551
2899 8111 5930 8422
6203 100 6463 1065
7088 5643 10000 6920
1493 3676 1737 6642
3739 551 4082 1970
4692 2177 5229 6450
8265 8588 8381 8860
2909 9298 9444 9962
798 3676 1493 6092
5229 2177 5470 4602
8397 6920 10000 9298
358 7390 798 7473
1796 1970 5621 2177
0 1970 1796 3676
6181 1145 8776 2027
