2086 8010 2721 8593
8762 3220 8816 3496
5475 370 5822 1827
1587 3623 2909 3690
1587 3690 1960 4557
4418 2103 9769 2788
5822 370 7787 2101
2916 4022 3012 6194
7798 2798 8412 3178
4418 1023 5290 1856
1055 9748 5255 9995
2504 2168 3476 3623
8647 9544 10000 10000
9844 2101 9990 2716
5278 9836 6223 10000
0 0 260 7386
7787 1311 8338 1954
7851 8647 10000 9544
7252 4028 7476 5824
575 6769 1109 7386
2801 3690 2912 4510
6638 3496 7028 6824
6279 9544 7539 9998
2504 1683 4418 2168
2086 8593 2651 9199
1658 2237 2504 3623
2086 7386 2721 8010
4013 7753 4863 9591
5278 9012 6219 9832
4863 9014 5268 9690
4863 7753 5065 8633
9459 2788 10000 8251
0 7883 871 8498
2086 9592 4719 9740
4863 8647 7760 9009
7037 6222 7545 6789
3860 8234 3937 9117
5065 8251 10000 8647
6757 7386 9459 8251
2801 4724 2916 6766
6638 6824 6870 7384
3476 4800 6364 5250
4173 516 5282 832
1961 79 3958 411
7831 3876 8866 5827
4173 0 8321 369
1095 411 1658 3623
9098 3368 9304 4017
7037 3496 8604 3868
4418 2788 6364 4800
1095 3623 1587 6769
7028 3496 7037 6706
575 0 1095 6769
7588 6214 8556 6822
3039 3623 3463 6679
1761 411 4082 519
1055 7732 2086 9748
3959 7386 6757 7745
6364 2788 6621 4994
7539 9544 8647 10000
0 8498 1055 10000
1658 1683 2504 2237
1109 6769 2448 7386
6873 6824 8871 7386
2151 3690 2801 6769
2448 6769 6299 7318
1784 580 4173 1683
2086 9208 3964 9592
5477 7753 6691 8186
8959 6300 9223 6566
1591 5655 2151 6769
9312 3178 9459 6582
6404 9012 7851 9358
260 0 575 5910
8871 6589 9459 7386
6364 5025 6638 7386
2721 7394 3361 9208
8383 0 10000 2101
3374 7616 3781 8527
0 7386 2086 7732
3964 9257 4001 9431
3476 5250 6351 6766
8871 4929 9312 6300
4173 832 4418 1683
3476 2168 4418 4800
260 5910 575 7386
