5951 8055 6485 8696
6015 1923 7444 2619
2916 3963 6383 3974
4580 3087 5623 3781
4325 579 6887 1070
7729 2823 9946 3032
4979 9202 8268 9294
2916 4005 4585 4032
7307 2823 7729 3780
5076 243 5338 293
2952 6585 5042 6910
4136 1361 8202 1388
23 9394 3472 9708
7729 4303 8882 4611
4519 4083 7646 4171
23 9793 4362 9794
2714 8153 3313 8224
4136 450 5339 540
5177 1655 5248 1918
2045 8413 2874 8493
2468 7029 5322 7637
8807 1530 8939 2697
1105 2654 1948 4035
816 6585 2952 6760
3884 9394 4569 9708
8742 3576 9630 4303
23 5301 3956 5364
2868 450 3832 794
63 7556 1445 8618
5651 1070 8939 1361
4613 8707 4709 8930
1444 4776 2237 5119
202 2854 964 3418
9123 6864 9946 6903
9225 4303 9630 5626
23 5266 6444 5301
4650 8055 5951 8343
9354 411 9998 988
492 6760 2045 7001
7745 0 10000 411
3580 4035 4858 4062
3753 3087 4580 3581
63 9062 3791 9387
2916 3043 3753 3581
4136 579 4325 1070
4822 9183 4978 9759
6812 2823 7307 3087
9630 3032 9922 5575
129 7015 392 7524
392 5489 492 7556
3956 5301 6444 5493
565 7001 2031 7521
9946 2726 9973 6715
208 122 690 2713
199 122 202 1665
9176 1070 9459 2697
714 122 1769 1217
5177 1923 6012 2782
7120 7567 7962 8053
2045 6760 2363 7974
23 5496 379 6859
1948 1761 3045 1841
8639 8615 9750 9141
6730 4666 8167 6137
1444 4611 9225 4666
9123 6903 9694 8309
4979 9062 5513 9189
2514 857 2828 1746
8478 5626 8619 6897
8710 6589 9946 6864
2916 3581 4580 3781
3430 9850 9892 10000
8478 4666 9213 5623
1948 122 5417 243
4394 2792 4484 2823
9813 6903 9892 8368
3970 9062 4606 9174
7120 8053 7800 8991
23 5364 3956 5489
8390 4666 8478 6971
2096 246 2428 857
6887 0 7745 1070
9424 5626 9900 6504
1358 9711 4757 9785
492 5489 816 6760
8253 1530 8807 2792
8939 1070 9176 2697
7607 6165 8390 6885
2045 8055 4650 8153
5434 122 5634 577
3572 5187 6108 5262
6699 9827 8668 9850
7809 8053 8611 8892
1858 5489 3521 5515
7962 6971 8632 8053
8815 3032 9630 3576
690 1326 1917 1960
2964 9853 3430 9964
3511 1655 4394 2823
6515 8055 6689 8936
2828 857 3200 1761
2376 6384 2677 6526
6552 3781 7694 4081
2371 6760 2940 6975
5322 6843 6062 7567
964 2654 1105 4083
0 122 22 8729
8882 4303 9225 4611
9459 1070 10000 1645
6062 6925 6685 7342
9924 5398 9946 5490
2841 5561 3941 6396
3572 5119 6013 5182
702 4034 704 5001
1858 6316 2355 6585
8365 4677 8390 6148
964 4187 1444 5119
9459 2726 9946 2792
2400 7720 3560 8015
5322 6585 6444 6843
5634 122 6887 579
8830 6252 9302 6589
32 6894 63 8123
5623 3087 6305 3781
4136 1070 5651 1361
4448 5493 4666 6431
7351 7067 7962 7567
8766 411 9352 1054
5494 5493 6262 6164
9892 6903 9946 10000
8710 6864 9123 8615
9459 1645 10000 2726
1858 5648 2325 6158
5963 7594 6446 8028
6823 8028 7120 9202
7477 1530 7682 2792
6305 3087 7293 3781
8108 411 8766 1070
3753 2823 6812 3087
5320 8707 6438 9008
23 3418 232 4899
2400 4337 4277 4358
2868 324 5204 416
3200 857 4136 1394
2952 6955 4963 7001
7709 9296 8650 9585
2045 8028 6823 8055
3970 9183 4819 9368
5732 4187 5836 4470
964 1960 1948 2654
7745 411 8108 1070
2371 7003 4241 7026
3442 1530 3511 2823
7682 1530 8253 2792
6444 4666 6730 6843
1948 3043 2916 4035
7948 3032 8815 3521
4484 2792 9946 2823
8807 2697 9459 2792
22 122 23 4714
3744 9478 3772 9711
816 5489 1858 6585
2916 3781 6552 3963
3200 1394 3442 1761
3442 1394 8939 1530
8172 3576 8456 4303
0 8 5199 122
3511 1530 7477 1655
9086 9202 9665 9283
63 8790 1290 9060
4650 8343 5951 8413
1444 4666 4356 4776
8632 6589 8710 8615
4394 1655 5177 2792
2237 4776 4356 5119
163 5120 3398 5266
1948 2823 3753 3043
690 1960 964 2854
4356 4666 5662 5083
6737 6165 7607 6950
