0 1301 176 6456
8256 2267 8463 2968
6302 5089 7419 5748
31 9376 3168 9549
6977 6145 7589 6487
257 6651 1206 7131
750 2814 3100 3089
257 4835 785 6651
5396 6651 5971 7303
1274 5095 1575 6122
9472 3980 9736 7846
2185 4980 2908 6183
3442 947 4179 2514
517 9964 6260 9965
3757 5447 6302 5648
286 4366 600 4805
6023 6488 8895 6766
199 7796 484 9188
1206 8518 5396 8838
4604 0 5886 927
9967 0 9990 9149
6023 6766 7742 7131
7419 191 7799 673
5115 3933 5461 4042
5396 8143 6365 8695
8565 7373 8624 7577
8256 246 9867 1016
9867 5830 9967 10000
610 7131 981 7715
6419 0 7226 2876
3685 7196 4903 8126
7907 7579 8624 8123
5396 8695 6244 8716
0 639 441 1257
8256 1016 9867 1396
0 9191 2603 9375
1209 3546 3140 4105
1918 1301 3414 2798
5185 4042 5261 4905
2495 4235 3140 4835
1856 7179 2954 8126
4221 1091 5197 1602
484 7796 1200 8558
208 2814 257 7519
8028 3195 9623 3750
3140 3546 3163 6477
1574 6488 6023 6651
9867 0 9967 5830
3843 4366 5063 5447
7543 8658 9266 8740
894 5791 1206 6062
257 2889 743 3245
8974 3750 9011 6278
4037 9543 5355 9754
7520 3757 7565 4490
4739 5989 7615 6145
7820 0 8256 3195
9755 2267 9867 9569
0 73 2509 396
9132 7846 9755 8618
3434 9754 9387 9964
5816 7761 6107 8143
257 4105 3140 4235
6365 8618 7543 8717
1206 6701 2734 7179
496 1301 1519 1932
785 6183 1162 6651
9625 2267 9754 3749
750 3098 3163 3546
257 3546 454 4105
1366 4540 1767 4793
1767 4235 2495 4617
8624 7353 9132 8618
8328 1802 9479 2191
3526 5648 4739 6079
7742 6771 8403 6900
460 705 2489 1007
2954 6651 4903 7196
605 4245 1022 4540
6078 1463 6415 1514
1982 4617 2137 4783
454 3546 1147 4053
7615 5554 8028 6488
1206 8126 2226 8518
6491 3563 7345 3645
6375 6145 6977 6488
3163 6079 4739 6488
6419 3664 7416 5076
8028 4771 8879 6435
7633 673 7820 3195
1206 7179 1856 8126
1580 2299 1918 2814
3589 8973 6678 9343
7222 8396 8033 8515
3434 9400 6231 9438
9045 4621 9132 6680
3757 3230 4093 3312
4221 2948 5055 3861
4739 6145 6375 6488
5396 8717 7352 8826
6023 7131 9132 7353
1684 5095 1841 5742
7419 673 7633 3195
1162 6183 1574 6651
4903 6651 5396 8126
311 9586 1026 9893
9132 3750 9352 7618
5896 0 6419 943
8895 3750 8973 6714
9387 9569 9823 9989
8256 1396 9867 1802
6365 8143 8624 8396
8603 25 9867 246
785 4835 2023 5090
4221 2310 5977 2878
981 7131 1206 7796
4739 5648 6302 5989
484 8838 3589 9191
3163 3098 3515 5634
5261 4042 6078 5089
8028 3750 8841 4689
2226 8134 5187 8518
4221 1651 5134 2295
3184 5689 3526 6066
2954 7196 3685 8126
5261 5089 6302 5447
3501 0 3575 809
1574 6183 3140 6488
3545 3098 3757 5334
9421 8618 9755 9534
7615 3195 8028 5554
4221 947 5639 1037
6302 5748 7419 5989
