7612 7276 8559 7992
2346 1638 3553 2345
648 207 1736 1228
5638 3723 6330 4259
5200 4396 5767 5873
12 0 124 8735
3328 562 3985 955
7093 139 9204 306
4798 5873 7141 6180
2826 6956 3614 7579
4541 1870 5691 1999
0 9730 4338 9988
9515 8021 9910 8266
1774 7913 1933 8975
2278 1638 2346 4226
5767 4396 7141 5873
6676 1412 7527 3001
6545 344 9206 809
1293 5461 3424 5960
3774 7129 4427 9568
3553 2856 4228 3953
6513 6285 7102 6838
5388 6180 6513 6838
4228 544 4377 6838
9185 1412 9708 5796
4427 7276 7612 7380
1293 6903 4427 6956
5200 3144 5638 4396
8013 9335 8672 9407
1293 5297 2346 5461
648 0 3101 207
648 1228 1736 1916
1293 4226 2346 5297
7527 1412 7995 2026
1146 9236 1586 9701
124 0 648 4779
6330 0 6400 139
2346 3953 3502 5461
4427 6903 6226 7251
5331 8074 7030 8614
4798 6180 5388 6838
9185 5796 9654 7899
4427 7380 4869 10000
1293 6077 3125 6888
8081 1412 9184 3501
9708 4407 9980 5454
7141 4396 8658 5560
5329 544 5801 1870
2571 6975 2826 7913
8568 7660 9132 7737
1736 544 2009 4226
4456 1957 4541 2222
648 1916 1418 2757
6545 3549 9162 4245
4869 9701 9308 9999
2278 544 2665 955
6545 858 8711 1346
4601 5873 4798 6786
1736 207 6330 544
8658 4259 9185 6838
5801 544 6330 3144
124 5930 587 9406
1146 4779 1293 9222
2012 2456 2278 4215
7141 5560 8658 6838
2826 7586 3738 9730
605 5930 1118 8063
2278 955 4228 1638
9024 858 9368 1373
5638 4259 7375 4394
648 4226 1293 4779
648 3119 1736 4226
6486 139 6512 1236
3553 1638 4228 2856
5638 3144 6330 3723
3502 6838 6943 6903
2009 544 2278 2456
6400 13 8567 131
2346 2345 3437 3953
269 4779 1146 5852
605 8498 1112 9582
4869 7380 6290 8074
6290 7380 7612 8074
7612 8021 9424 9233
4541 3144 5200 5873
648 2872 1543 3119
3101 0 6330 207
7527 2317 8073 3546
4869 8074 5331 9701
3502 3953 4159 5712
6943 6852 9172 7276
4377 544 5329 1870
