8474 74 9446 1436
7950 7354 8282 7778
3486 0 5359 258
785 3285 1453 4198
960 7953 1305 8865
7532 7255 8575 7354
5658 4888 6871 6178
3349 6337 4395 6854
5061 2797 5234 3868
1771 8997 2530 9995
1111 5411 2027 5875
2236 3275 2338 5830
8419 4500 8864 5038
104 3840 784 7160
7532 4411 7989 5123
7722 672 8351 778
6032 2586 7462 3995
2444 8213 6871 8273
1208 1223 1571 1866
2444 8668 8097 8691
2340 4921 2799 5989
5319 7098 5641 7579
3232 2586 3349 6854
7642 1333 7729 2189
1305 7183 1711 8865
785 4198 1720 4909
8862 7923 9693 8326
6871 5548 7349 6811
4037 2596 4744 2797
8474 1436 9693 1980
2225 503 3486 1223
2712 8997 5367 9385
4082 1471 4645 1899
9956 1436 9982 8246
1130 2189 2340 2406
785 2044 1130 2406
4083 1123 5384 1211
196 109 495 1068
6557 157 7986 664
2799 2586 3121 3254
9982 0 10000 8861
785 5411 1111 6394
5359 0 6505 217
1711 8861 7221 8865
3349 6014 3959 6337
1606 8865 10000 8997
1807 6394 2233 6854
7532 5148 9175 5445
5235 2586 5403 4888
6373 6464 6860 7975
8862 5838 9542 6234
4842 8273 6061 8668
4743 2966 5005 4256
211 63 1208 109
3122 2586 3232 6854
9013 9361 9155 9983
2537 2909 2798 4921
1582 2865 2215 3282
1571 1333 2234 1468
3486 258 6511 284
5767 1437 7160 2044
8575 5838 8862 8560
1711 6854 2838 8149
8796 2463 9693 3467
9542 3467 9693 7923
4032 4129 4394 4874
6775 9477 6845 9922
1208 0 1600 451
6061 8273 6871 8668
6871 4888 7532 5548
8194 2463 8409 4884
1130 2148 6909 2189
3349 3739 3896 5925
6871 7234 7181 8661
4756 2797 5061 2960
8584 5501 8806 5838
8022 0 8474 672
7210 7165 7532 8668
488 7953 960 8840
9166 6234 9432 7563
3216 1471 4082 1855
2489 2826 2537 4489
8420 2463 8796 4367
7887 1980 8450 2463
7532 5838 8575 6431
104 7183 1305 7953
1600 0 2902 503
2300 1333 7642 1437
8862 6234 9166 7923
8282 7354 8575 7925
2444 8273 4842 8668
7160 1437 7635 2018
1571 1226 7338 1333
7706 7925 8545 8331
7532 7354 7706 8668
196 1899 5767 2044
796 6854 1711 7160
785 6394 1807 6854
5995 8997 9708 9316
2799 2544 6680 2586
5658 6464 6373 8149
5403 2618 5912 4075
8796 3467 9535 4500
495 109 1208 1866
4645 1437 5767 1899
5403 4492 7532 4888
1208 451 1600 1223
6604 0 8022 153
1453 3285 1935 4124
1824 4198 2159 4531
7887 1223 8474 1980
8450 1980 9693 2463
3558 6854 5319 7516
0 7953 356 9746
1600 503 2225 1223
1582 2406 2340 2865
1711 8213 2444 8861
1711 8149 6871 8213
5384 284 6557 672
7989 2463 8194 5123
196 1068 369 1156
6032 4373 7985 4410
5061 3963 5235 5954
7532 6431 8575 7255
5403 4412 7464 4492
0 0 104 7953
5995 9361 8987 9477
7737 1567 7887 2736
1197 2406 1582 2773
7706 8560 9791 8561
2939 3258 3122 4264
104 109 196 3840
1111 5989 2799 6394
7887 2463 7989 4373
2902 0 3486 503
4395 4719 5061 5954
4489 4705 4743 4719
6871 6811 7532 7165
2300 1437 4645 1471
606 8865 1606 9538
6871 7165 7210 7234
196 1866 4082 1899
454 2936 785 3552
7706 8591 9478 8667
5658 6178 6749 6402
3461 9477 4140 9814
4395 5954 4586 6837
5235 4888 5658 5954
8862 8326 9517 8501
9693 1436 9956 8326
7349 5548 7532 6811
2838 7724 5451 8127
2233 6432 2745 6794
