3475 3419 3639 4288
1801 1056 1883 6423
2958 8414 3441 8693
5151 9145 8211 9316
0 720 383 1802
5955 1352 6966 3648
388 720 5966 1056
3711 5535 4062 6011
2045 8843 2602 9815
1318 1833 1472 7389
4648 1126 7425 1352
1888 1056 3187 1969
8584 5594 9472 7085
2958 9595 3676 9769
162 7035 848 7940
800 152 5422 273
9581 685 9760 1963
9321 669 9581 1963
388 1358 1505 1833
1317 9815 4675 9903
5955 3648 7532 4132
8507 702 9321 1943
1318 7389 1662 8097
3585 1277 3669 2764
2390 5534 2793 6686
117 7035 162 8351
7778 230 8621 669
4386 307 5330 694
848 7646 1318 8843
1472 4793 1662 7296
1662 6796 3573 7643
3639 3419 4738 4316
5902 7671 7945 8570
6966 1352 7775 3640
345 346 3234 720
1662 7671 4891 8414
2602 8843 2940 9663
3726 6781 4862 6982
6938 9316 9061 10000
6295 7085 9473 7460
116 3372 834 5839
3403 5534 3702 6783
586 8843 1317 10000
2066 5534 2390 6475
7778 1963 9960 2305
3669 1277 4648 3419
4738 1477 5955 4316
7869 2305 8369 2775
1888 4913 8346 5427
8416 2814 8702 3845
162 7940 848 8843
2799 5534 3307 6675
1888 1972 3332 3915
848 1833 1318 7646
4862 7460 9473 7671
5437 4316 7686 4909
1515 8097 1607 8405
6295 6061 8278 7064
1888 4031 3333 4777
9061 9424 9850 9996
8369 3845 8909 5534
5848 6579 6295 7460
1318 8414 2958 8843
3344 1056 4648 1277
3499 8414 4692 9120
9473 2305 9898 6794
1662 1056 1801 6796
5966 140 7778 1056
9960 0 9998 3030
5525 5534 6994 5555
4648 1477 4736 2744
3344 4316 5434 4906
2958 9145 5151 9544
5807 5555 6438 5936
8904 2305 9452 2487
0 1833 848 3355
7778 1587 8440 1941
8909 3845 9473 5534
7847 836 8382 1587
4648 1369 5274 1477
9789 0 9928 1746
1317 8843 2045 9815
5330 273 5966 720
5151 9316 6938 10000
8211 7687 9878 9274
4891 7671 5902 9145
4675 9544 4912 9835
116 8843 586 10000
1317 9903 5151 10000
0 55 9203 140
116 5839 848 7035
0 3355 116 10000
914 1056 1380 1264
5902 8862 7113 9145
