6304 7996 6738 9504
243 8350 765 8522
6016 305 7213 1644
4799 8422 5446 9446
3473 3029 5389 4593
8807 28 9577 825
2383 3390 3096 3412
782 2408 2201 3351
9774 2357 9794 6210
2437 8193 3263 9188
2436 8193 2437 8644
73 7048 218 7536
0 8522 2122 9259
5218 2944 7942 2954
218 5393 782 6198
7827 0 8320 1644
5218 2954 8195 3028
6449 4677 7226 5154
3480 906 5149 1102
7266 9412 8557 9682
218 6198 4204 6489
7023 6661 8155 9033
0 9259 2122 10000
4204 6716 6304 8028
341 1412 1249 1726
6304 5420 9753 6176
2510 305 3056 1728
341 1763 782 5393
3473 4593 9274 4677
0 153 7213 305
5937 8517 6110 8914
2324 3412 3078 4823
8320 0 8807 4593
7226 4677 9774 5175
4003 9704 9980 10000
765 6489 2122 8522
782 3612 2324 6180
4221 4694 6449 5135
6304 6227 8990 6659
6016 1644 8320 2944
2122 8193 2406 9932
3096 906 3471 5115
0 0 7213 153
3096 5337 6304 6198
2122 7641 3196 8038
0 305 2510 1412
6304 6661 7023 7996
4204 8028 5446 8422
2436 9704 3983 9998
3473 5175 9774 5337
320 3416 341 4345
1326 1412 2510 1763
7023 9033 7885 9363
9274 1155 9768 4671
2437 9546 6144 9604
6627 3463 8320 4477
4788 9620 4897 9648
5559 3029 8166 3449
9472 7996 9712 9057
8807 849 9965 1155
255 1562 275 3121
8807 1410 9223 4405
3096 305 5218 906
2324 5224 2664 6083
8155 7996 9219 9380
8155 6661 9713 7930
5218 305 6016 2944
5446 8028 5937 9546
4366 6259 4787 6716
3290 6489 4204 9299
7319 0 7827 1534
9843 1155 9980 5845
