1788 8270 2444 9382
2444 8270 6226 8367
8666 6443 9648 6575
4235 1101 5100 1748
3783 362 4235 1180
482 0 913 1573
11 2492 178 8770
1386 7664 5632 7709
8564 21 9633 791
6912 4928 7919 5524
9036 8432 9354 9628
1347 3901 1428 4070
6226 8800 9008 9274
7780 3505 8247 4321
8666 5491 9417 6442
5554 8367 6226 9274
1758 3 4563 21
1734 8922 1783 9319
2444 8919 4283 9274
1173 4821 1705 5675
5632 6818 7995 6900
8570 1802 8666 3582
3811 3771 6014 3835
7792 1101 8290 2965
808 5450 907 7867
4283 8367 5554 9274
9354 9577 9897 10000
9897 1802 9986 10000
5251 7709 7034 8150
2542 2519 2957 3304
5809 21 7627 142
5403 6201 5569 6713
7711 2965 8249 2997
4161 5945 4205 6158
1840 6953 2694 7664
4876 4479 7383 4609
3316 2519 6893 2681
3009 1263 3531 1748
181 5450 723 7795
1571 6849 1840 7263
6237 362 7769 812
1386 6094 1559 7664
5135 5898 6598 5944
2694 6953 3053 7664
3588 8150 7034 8270
3531 362 3783 1748
5743 6978 6839 7640
1173 2592 1924 3087
9674 4601 9897 7145
482 1573 913 1997
7034 8113 8564 8432
5632 6201 8261 6699
4519 5524 8554 5897
2444 9274 6866 9382
5471 198 6680 362
1788 8150 3588 8270
3819 3013 3911 3122
4310 412 5031 925
2542 4524 3316 5945
4519 4670 5302 4822
8148 9655 9354 10000
1077 0 1758 1050
6866 9274 9008 9655
1173 3087 1347 4821
7117 2519 7375 2965
2429 362 3335 1263
6017 3226 6786 3476
1924 2592 2372 4821
3009 1748 6772 2517
936 2973 1173 3797
844 9746 2577 9757
2444 8367 4283 8919
844 8710 1734 9382
5302 4686 7484 4822
5519 362 6184 823
1758 1263 2542 2107
9354 8432 9897 9577
8290 1271 8354 4711
723 8150 1788 8710
6226 8432 7171 8800
1705 4821 2303 5300
79 516 482 1715
3335 362 3368 1259
507 2107 749 2566
2372 2107 2409 4821
7034 6960 8502 8113
1758 188 2429 1263
749 2107 2372 2592
9986 21 10000 10000
8446 3730 8501 4193
7375 1748 7792 2012
7375 2012 7784 2943
8564 6575 9674 7145
4490 4081 4924 4477
178 1715 482 4191
907 8123 3554 8150
178 4191 446 4865
482 2592 736 4258
7952 5235 8347 5398
2429 188 5409 362
8666 4822 9357 5469
6226 8270 7017 8429
5100 1101 7792 1748
907 5675 1386 7709
2542 1263 3009 2519
7171 8432 9008 8800
3053 6953 5632 7664
1840 6849 5632 6953
3316 4107 3664 4670
178 8710 844 10000
2968 3088 3309 4524
9434 4601 9674 6084
8361 925 8424 5514
3350 4670 4519 5097
4519 4822 8361 4921
8564 7145 9897 7742
8666 2756 9799 4601
2409 2107 2542 5945
1117 1050 1758 1582
1389 5675 1559 6055
6017 3505 7779 4479
1692 7933 5251 8040
3783 1180 4235 1748
482 1997 1758 2107
2451 6229 3910 6278
3316 2716 7117 2858
1758 27 5801 188
8675 7742 9897 8422
844 9382 6866 9630
844 9630 6834 9655
6772 1748 7345 2514
3316 2705 4623 2716
3316 2858 7117 2965
4531 4921 6817 5514
8084 925 8248 1099
3368 362 3531 1263
1559 5675 2409 6849
913 0 1077 1050
1482 3087 1924 4549
4235 925 8084 1101
