3479 3904 8749 3918
6173 3818 6351 3877
0 9453 3923 9677
2514 1698 2559 4532
6576 4109 6959 5913
3498 2982 4458 3753
0 7285 1405 7588
1240 4602 1874 5086
1975 4845 2196 5474
6076 4143 6576 4568
5098 1025 6400 2982
4321 7398 8000 7507
6400 1025 6626 2982
2500 6655 2884 8211
4159 228 4657 1627
5075 5913 5597 6286
6626 1317 6995 2982
2043 1688 2201 4010
51 5754 1240 6202
2243 1463 2514 4532
4458 2982 5922 3753
4958 7774 5775 8682
987 7710 1363 8176
5597 5913 6681 6459
7811 5913 9258 6297
2500 4532 2884 6655
6959 4816 7621 5709
1975 5474 2208 6409
0 8816 844 9453
6995 3129 7083 3904
3907 6761 5340 7142
0 9677 3176 10000
3907 7398 4321 8260
2850 228 4085 803
1975 6409 2500 6605
3776 6711 3907 8260
3968 5175 5047 5780
3968 5783 5001 6417
3240 3918 9049 4109
595 4564 1240 5731
1066 487 1385 2273
6681 5913 7617 6451
2074 6605 2500 8211
8000 8952 8071 9984
7710 4816 8842 5913
0 6766 2074 7285
3517 4874 3854 6078
637 644 795 1473
5052 5175 5999 5899
5098 228 6626 1025
1874 1463 2021 4117
499 75 701 612
7083 3129 8432 3872
6019 4568 6576 5913
0 4564 51 6766
2884 6459 9309 6711
1385 1022 2084 1463
6959 4109 9193 4410
0 2273 859 3402
9185 9737 9990 9824
2596 3533 2671 4390
8838 1533 9049 3904
3240 5648 3514 5873
3907 7142 5597 7398
2577 2003 2981 2712
7592 7774 7606 8297
8127 2241 8692 3129
4373 4609 6019 5175
1440 487 1967 576
1405 7285 1970 8044
0 3402 645 4564
8692 2241 8838 3129
9193 932 9601 4410
2577 2896 3198 3350
2884 5149 3206 6176
9601 932 9602 6049
5938 8427 6437 9575
2884 3350 3498 3753
1313 8683 3207 9323
1240 3494 1822 4602
8842 4856 9447 5543
3176 9677 7592 10000
1066 0 2850 487
2208 1463 2243 6409
95 7588 873 8139
645 3402 1240 4564
2987 2004 5096 2761
4604 7507 4955 8592
8842 5566 9418 5892
4321 7507 4604 8683
1240 5086 1874 6202
1967 4609 1974 4986
2928 1101 4159 2003
6864 932 8418 1315
7423 1317 7924 1960
4958 7507 8000 7774
2243 4532 2500 6409
9457 6543 9600 6590
9604 932 9814 6670
2884 6711 3369 7577
3498 2761 5098 2982
6959 4410 9601 4816
1874 4185 1967 6766
9828 4193 9892 5736
5597 6711 5723 7084
2867 12 7489 228
7034 2241 8127 2918
9049 1533 9192 3966
701 0 1066 644
7924 1408 8510 1533
3923 8683 5938 9677
6074 7774 7581 8361
2884 7577 3369 8211
51 4564 538 5754
7924 1533 8838 2241
3240 3753 3479 3918
6626 228 9828 932
859 2273 1385 3402
3479 3753 5922 3904
3776 8260 4205 8673
1993 6605 2074 6743
5922 2982 6173 3904
21 0 407 1718
987 8211 3173 8636
1385 1463 1874 3402
407 644 637 2273
51 6202 1874 6766
3369 6711 3776 8683
8000 7699 9229 8952
