476 7937 1158 8279
4379 576 4885 967
2800 3001 3278 4261
1049 844 1084 1517
2986 8800 3185 8817
3278 3336 5220 3833
3946 9573 6057 9590
1284 322 1959 576
7130 4408 7831 4480
1662 2232 3945 2447
5520 2447 6267 3778
5305 7937 9778 8270
752 322 1284 844
1662 4641 7613 4742
8058 2224 8705 2801
2961 7201 4416 7365
5305 8274 8568 8520
777 9099 2041 9244
777 9244 1382 9882
6290 2874 6355 3591
391 8653 777 8711
8720 5134 8916 5837
7610 8520 8230 9099
4016 6764 4416 7201
9778 0 9964 7219
9480 5837 9778 7937
5329 5181 6707 5778
7342 697 8291 876
2290 4446 3576 4502
947 7090 1434 7693
4943 9244 7630 9451
3278 3862 3851 4360
1682 9882 3367 9995
586 5112 949 6016
6355 2874 8091 3201
9005 9700 9984 9974
1879 1677 2161 2214
1382 9335 3101 9585
476 6892 1398 7090
1947 3001 2783 3644
8916 5134 9778 5471
3557 1922 3930 2213
2139 576 3496 1219
6275 7365 7329 7937
9145 3822 9763 5002
9819 8270 10000 9700
4203 9244 4596 9489
1947 4386 4736 4423
7488 3876 8958 4126
6271 2801 9024 2874
2972 8817 3586 9116
3586 8817 4231 9244
3342 2447 5091 2920
2901 6669 2961 7126
5802 5909 6094 6358
1959 134 2781 481
7342 576 8363 675
1294 8393 2041 9099
4572 2174 9525 2224
1662 4544 6604 4641
3945 1677 4572 2224
586 3281 1276 3782
3672 6669 3759 7063
4945 5181 5329 5909
8091 2874 9024 3822
3995 5112 4399 5807
8591 8270 9737 8507
8400 6779 9477 7363
8026 7365 9370 7908
6604 3846 7130 4641
3855 7365 5440 7937
8901 4126 9145 5134
3278 3001 5459 3229
5305 9124 7610 9192
7582 5909 8287 6062
9005 8520 9819 9700
2072 7074 2636 7920
3945 2224 6583 2353
6355 3201 8091 3487
1662 2447 1947 4446
6776 6248 8397 7365
1335 2232 1662 5112
4416 5112 8901 5134
4416 5134 4945 5904
3496 576 4379 1219
3777 145 9778 263
4487 5909 5395 6501
5305 8520 7610 8706
7842 9099 8966 9192
6094 5909 6595 6358
9024 2801 9638 3217
8074 4126 8541 4552
3557 1677 3945 1922
608 3804 1335 5108
7329 7365 8019 7850
2844 1684 3174 1997
8916 5471 9778 5837
2972 8289 4159 8715
4416 5909 4487 7365
2041 8393 2972 9116
3940 32 5314 133
5802 6358 6595 7073
4177 4742 7604 4983
777 8393 1294 9099
7615 4715 8059 5063
2888 5261 3995 5829
338 1741 460 5948
7147 1756 8146 1915
8230 8520 8991 9091
8326 2171 9429 2174
6370 8706 7610 9124
5440 7365 6275 7937
5329 5837 9092 5909
0 4 2339 134
7613 5063 8901 5112
5314 78 9778 145
8558 4126 8893 5053
0 6822 216 9673
4581 9192 7948 9244
5345 334 6568 470
3269 149 3776 334
6811 481 8377 576
4231 8845 4556 9005
4925 1677 5457 1816
2076 5261 2344 5518
5305 8867 6370 9124
1284 1586 5273 1677
1689 137 1959 322
1914 5261 2071 5636
6776 6078 9451 6218
4885 576 7342 926
9638 3229 9771 3570
4945 5134 8720 5181
4207 4448 6306 4544
7922 4126 7983 4301
5520 3823 8514 3846
2193 4261 3278 4386
3925 9597 7862 9877
3459 9244 4203 9570
2775 9244 3448 9335
9119 5848 9480 6072
6595 5909 6776 7365
7948 9192 9005 10000
2072 5589 2335 6967
6707 5378 7986 5827
6317 2727 8058 2801
752 2232 1335 3281
1284 576 2139 1219
8145 1508 9239 1641
3342 2920 4794 2992
5329 5778 6126 5788
5314 0 9778 78
1382 9244 2775 9335
1284 1219 7870 1488
6271 2447 7952 2703
1491 7120 1623 7551
476 8289 2972 8393
5305 8706 6370 8867
4338 506 6811 522
5395 5909 5802 6970
2254 3644 2800 4252
3924 7954 4169 8051
4581 7937 5305 9192
6355 3487 7981 3816
2926 7365 3855 7752
4487 6501 5395 6970
8400 6327 9280 6779
4937 926 8779 1215
4379 967 4885 1219
0 5405 255 6193
9024 3217 9638 3674
985 5185 1303 5698
9525 334 9763 2160
8979 471 9517 1188
2781 0 3269 481
2344 5261 2888 7074
4487 6970 5573 7071
2888 5829 3995 6669
709 322 752 2465
2161 1997 3557 2214
8705 2224 9638 2801
2041 9116 3586 9244
985 5698 1464 6753
0 9673 311 9820
5122 2447 5428 2890
1175 8051 4231 8289
4487 7073 6595 7365
0 322 427 1641
1284 1677 1879 2214
4572 1947 9195 2153
8506 334 8979 865
493 4112 586 4511
9024 3674 9678 3807
6750 263 9551 279
1947 2447 3342 3001
1947 3813 2144 3981
752 2214 3945 2232
1623 5698 2072 7937
1790 4742 3873 5083
1594 5112 3995 5261
