5600 5848 7669 6605
918 3227 1205 3364
2952 2703 3820 3729
3125 8640 4602 9254
9741 485 9767 8496
623 3522 667 4163
7669 6049 8549 6626
530 6147 2664 6621
8681 9182 9252 10000
3422 4627 3488 5568
0 8153 1902 8748
3069 7133 4431 8134
4873 601 6123 811
3125 9254 4602 9517
547 2703 1370 2998
7435 6676 9365 7133
4814 5848 5507 6030
7515 7759 7863 8481
3020 485 9741 601
1902 8173 3403 8332
197 601 4873 811
0 5616 1251 5724
1902 8640 3125 9199
7211 8496 9767 8768
9510 6676 9738 7388
1157 9517 3212 9672
4958 5148 6563 5584
764 5160 2952 5584
0 5584 6563 5616
3653 887 3793 1518
9431 4707 9723 5848
943 359 1266 485
0 4968 2952 5160
8338 7133 9365 8496
5097 811 5127 3757
6564 2988 6635 3551
5140 7133 5782 8044
7659 601 9327 1590
3069 6626 7182 6655
6123 830 6830 2059
6847 621 7586 1890
6875 4621 8259 5148
2421 917 3653 1770
0 8748 1902 9517
922 887 2102 1713
197 485 3020 601
4564 8058 4691 8110
1205 3227 2952 3893
408 1838 520 2445
7435 6626 8549 6676
8975 4729 9431 4847
3827 4621 4958 5584
1189 5925 1888 6070
547 2212 921 2703
6796 8768 7861 9017
1902 9199 2753 9484
7211 7133 8338 7759
5782 7133 6716 7998
9365 6676 9510 8496
916 9706 2573 9717
547 4164 2754 4955
8259 4847 9431 5374
9252 9182 9767 10000
922 1770 3796 2373
6123 2060 9554 2988
2952 3873 3827 4627
3827 4218 8259 4621
0 5735 482 5951
7669 5848 9723 6049
8549 6049 9741 6226
0 0 197 4968
33 5160 757 5583
5961 8153 6796 9677
5127 2346 6060 2981
4728 811 5097 1818
4127 887 4150 1420
7861 9182 8681 10000
674 5735 896 6093
2196 3893 2299 4126
1029 0 4386 233
9510 7390 9741 8494
9767 4770 10000 10000
530 7570 1403 8153
7108 9017 7861 10000
9767 0 10000 4770
8421 3250 9322 3659
4728 1818 5097 3757
667 2998 2952 3227
6835 9017 7108 9726
7861 8768 9767 9182
1902 8395 3191 8640
5447 4622 6875 5148
9322 3573 9701 4707
6847 1911 9255 2060
0 9517 916 10000
9723 1890 9741 6049
8521 3757 8734 4683
1504 6626 3069 8153
8259 5374 9431 5848
3827 1770 4728 4218
6563 5148 8099 5532
4814 6032 5491 6203
8549 6226 9741 6676
197 811 4728 887
1343 6713 1504 7570
1583 5735 1901 5915
4728 3757 8259 4218
5127 1069 6049 2346
4602 8153 5961 9677
2068 9727 6796 9993
3349 5925 4814 6102
6796 7133 7211 8768
3584 6660 7435 7080
9554 2060 9723 2988
4814 5616 8259 5848
1370 2703 2952 2998
408 981 561 1790
