6672 2141 7823 3045
4312 4462 5960 6701
9444 4783 10000 5878
1854 1945 3345 2401
6181 1115 6583 4462
1284 0 3641 1945
6583 510 6672 4462
8578 510 8774 8500
9022 1533 9444 4355
7944 4898 8236 8182
0 3585 501 4790
5433 1445 6181 4215
8774 510 10000 1533
6672 510 7823 2141
9444 1533 10000 3383
4383 6701 7922 7353
6622 8255 7301 8500
3357 7599 3855 8461
8774 1533 9022 4355
2622 8500 8774 8859
783 7473 1168 8554
1645 2440 4692 3808
3656 510 3739 1733
4010 7358 4719 8398
6672 3045 7483 4302
2622 4782 4235 7358
1168 7473 2622 8859
8774 4355 9444 9298
6130 4898 6327 5877
1645 3808 2622 7446
2666 7358 2899 8227
3429 3808 3851 4164
3739 510 6181 1445
2622 4215 3891 4686
5960 4462 6672 4898
626 3585 698 8011
4312 4215 6181 4462
9444 3383 9936 4736
3641 0 10000 510
4976 7686 7153 8119
6181 510 6583 1115
8236 4898 8578 8233
1401 2440 1645 5406
3739 1445 4692 1945
4692 1445 5229 3808
8150 8859 8266 9131
2909 9298 9444 9962
698 3585 1156 7254
5229 1445 5433 4215
9444 5878 10000 10000
698 7451 2358 7473
3345 1945 4692 2440
0 0 1284 3585
7823 510 8578 3045
