3701 5307 4352 6066
7790 5308 8145 5912
4320 1407 5744 2902
2598 6385 2931 6883
4222 7420 6189 7726
0 5022 292 10000
7473 8341 7482 9555
2545 9739 4356 9750
3211 4477 3315 5851
6262 1407 6302 3140
1933 9895 8076 9906
1016 3529 1279 5895
2206 9303 2506 9688
506 3059 4611 3443
2590 213 6107 222
816 4188 1016 6251
2031 6886 2758 8840
1491 1004 6174 1200
3919 6066 4222 7967
3701 4067 4174 5307
9140 5703 9998 5837
3349 7967 4222 8274
6386 225 8411 431
1933 9074 2512 9303
5966 8274 6157 9350
1491 1222 1642 1738
0 3610 292 5022
736 68 1085 912
3932 2902 4727 3055
1936 6886 2031 8240
0 0 292 3610
900 2636 1650 3059
1500 6251 1933 8763
7822 431 8411 1589
7536 7407 8554 8308
736 0 10000 68
3556 7580 3919 7911
358 2344 506 7330
3081 2308 3982 2893
8411 941 9880 1589
8736 2219 9840 2609
8252 3876 8380 4637
8179 2219 8703 2503
4352 4749 6312 5024
8906 8341 9811 9537
6189 6656 6842 8341
2100 1407 3910 2305
5913 3770 6214 3915
6897 501 7469 1754
4375 5024 4664 6044
5012 5918 6167 7420
6842 6656 8602 7254
7536 7254 8602 7407
313 5811 358 9734
1933 4477 2598 6886
2506 9303 2545 9895
6312 1407 6354 4239
2100 1200 3759 1407
6174 501 6879 1056
6897 1754 7469 2858
1650 2305 3081 3059
2516 3847 3163 4004
9202 6656 9597 7731
2534 225 4103 501
8179 2612 9764 3812
8411 225 9880 941
7469 1987 7560 4940
2516 3543 4306 3793
2758 7920 2961 8005
8406 5837 9994 5890
7822 1589 9102 1959
5331 7726 6189 8274
1933 9706 2499 9876
3081 2902 3931 3059
4222 7726 5331 8274
4174 4067 4352 5307
4871 3529 5776 4375
3163 3793 4352 4067
4910 5754 5997 5775
8602 6656 9166 8341
6189 5024 6312 6495
1016 5895 1279 6251
506 6615 1500 7330
3519 4067 3701 5428
6189 6495 8406 6656
7405 2858 7469 5308
4744 2902 5911 3529
900 2090 1650 2636
5341 8274 5965 8829
506 2344 900 3059
2545 8840 3730 9391
1279 4067 3349 4477
8406 3985 9845 4305
6312 5935 8406 6495
6312 5211 7094 5935
6842 7254 7536 8341
804 7330 1500 8763
736 1741 1650 2090
1085 68 1491 1741
5101 501 6174 1004
2534 501 5101 852
7469 431 7822 1987
2999 4477 3119 7184
8406 5938 8885 6642
2545 9473 5923 9657
4103 225 6386 501
6354 1407 6897 2858
3910 1407 4234 1910
4222 7134 4803 7330
292 518 736 2090
6386 437 7420 501
736 912 1085 1741
1491 852 5101 1004
750 8274 804 9467
9166 7734 9821 8341
4222 6066 4910 7134
4910 5775 5012 7420
4666 5024 4910 6031
4199 8274 5094 8603
292 2090 900 2344
8179 1987 9610 2211
1491 68 2534 852
8406 4305 9140 5837
6378 2858 7405 3034
1279 4477 1779 5843
1279 3529 2516 4067
4352 3655 4853 4749
3759 1200 6892 1402
1650 1200 2100 2305
4523 8840 5624 9452
506 6298 1333 6415
9597 6656 9821 7734
9821 5938 10000 9739
6154 68 9880 225
804 8763 1933 10000
7747 3773 8170 4944
9880 68 10000 5703
5744 1407 6262 2902
7747 1987 8174 3659
9140 4345 9473 4928
292 0 736 518
9140 4928 9880 5703
