1175 735 3019 1100
90 2594 331 4326
820 9648 9641 9804
7806 2796 9277 3852
4384 1529 4887 5909
3813 4305 4117 5318
5076 5365 5235 6328
9641 3852 10000 7521
7290 4333 7773 7524
5404 5170 6462 5553
6533 6954 6666 7775
1787 5368 2589 7273
9271 3933 9634 9506
4139 2118 4384 5368
1787 8123 3962 8766
1787 7273 5076 8123
6462 8743 8378 9648
8496 6998 9144 9423
2321 1100 3019 1936
869 4305 1033 5412
9641 7521 9992 9238
6462 5170 6984 6681
5426 5553 5546 7714
1787 8766 1957 9517
9277 3813 9640 3852
3019 2118 4139 2397
6868 6954 6989 8697
5185 9804 10000 10000
8025 7418 8338 7898
6393 1833 7806 3933
7065 454 9358 1154
820 0 854 9517
8378 5267 9093 6926
5525 0 5574 4333
7893 3933 7996 8466
7806 3852 9641 3933
331 9804 1357 10000
854 0 1175 3531
5285 5001 7290 5170
1175 0 3045 735
1033 4305 1787 6319
3113 2397 4139 4305
7155 1162 7901 1555
1787 4305 3813 5368
0 0 820 2594
1281 1100 1831 2199
2279 2397 3113 4305
1357 9804 5185 10000
6393 0 10000 454
3045 0 4384 735
1175 2704 1795 3167
9218 1162 9647 2796
2589 6156 3319 7159
5076 1529 5285 4278
5285 4333 7290 5001
5301 5189 5403 8661
3328 6156 4709 7205
854 3531 1789 4296
8025 4088 9166 5164
4384 0 5285 1529
5551 5553 6377 7160
527 2594 582 7831
1831 1100 2279 4305
3962 8123 5261 8745
820 9517 3276 9648
2589 5368 3992 6120
3019 735 4384 2118
9216 6127 9271 7545
8384 6998 8496 8499
5574 0 6210 4333
1957 8766 3702 9517
6210 0 6393 3933
7806 1833 9218 2796
854 6319 1774 7744
9647 454 10000 3852
6991 5170 7273 8320
6210 3933 7893 4333
3702 8766 5301 9517
6393 454 7065 1833
5285 0 5525 4333
