5940 2736 7575 3481
6394 0 8411 1578
1784 4239 5940 4898
6394 2459 7413 2585
0 2731 475 3578
5538 7635 6318 8060
475 2085 841 3578
7975 9024 7994 9209
6654 9467 7145 9869
1315 2338 1731 4322
8489 533 9313 1930
667 3578 1315 4950
2075 9341 3335 9981
1288 4950 1315 7826
0 194 475 2731
841 1068 2267 1982
5097 977 5554 2385
5932 6896 6546 7635
1784 1982 3177 2736
7389 5127 8680 5177
7225 5550 7902 6795
1784 2736 2960 3461
254 6205 1216 7748
2075 8599 3011 9195
3132 965 4662 1905
3132 781 4831 965
8612 6795 9783 7643
1315 5499 2696 5799
0 4950 1288 6192
8439 8295 9307 9800
8557 0 9301 531
4275 5423 5815 6531
6654 5835 7119 6568
1784 4995 3486 5489
1315 1982 1784 2338
1925 5822 2881 6083
3490 4995 4167 7635
5620 965 6388 2582
1784 4898 7459 4995
3035 8596 6565 9195
0 8596 2075 9371
254 7826 2338 8570
9359 8295 9958 9934
8978 2103 9014 3796
9338 1476 9604 2069
9276 2103 9781 3366
7459 4103 8179 4790
2267 906 2959 1982
6654 8310 8439 9024
4167 5674 4228 6251
0 9371 594 10000
3177 1982 4268 2631
2959 909 3114 1813
9786 1476 9975 8183
475 906 841 2085
2882 5499 3490 6082
3490 8114 5538 8596
6573 5423 6654 6854
5940 3686 7358 4014
0 3578 667 4950
5940 4103 7459 4898
7328 9474 8434 9956
3811 9349 4984 9471
2960 2736 5940 3461
0 18 5937 194
841 1982 1280 3418
3490 7635 5538 8114
2075 9195 6654 9341
0 6205 173 7252
4780 965 5097 2584
1925 6083 3490 7826
5538 8064 6271 8361
6654 6795 8439 8310
8439 6795 8595 7547
1404 319 6141 654
1228 912 2267 1068
7575 2103 8109 3264
4275 5212 7225 5423
9338 0 9972 1159
4710 2585 6761 2723
594 9371 2075 10000
3811 9471 5173 10000
8612 7644 9753 8247
4275 4995 7389 5212
5195 9341 6477 9998
475 654 2935 906
1784 3461 5940 4239
2405 7826 2849 8509
1315 6081 1563 7310
6654 9956 9332 10000
