3005 8307 3155 8891
598 8441 1215 8603
0 13 3476 1060
8945 0 9087 7848
3005 9709 8711 10000
4582 7048 6474 7632
1867 7507 3005 9637
5223 5461 7115 7048
6071 2542 7143 4283
3671 5380 5223 7048
0 1060 3520 1331
3194 4755 3589 8833
2284 1331 2727 7507
8711 5320 8939 6518
704 2439 755 4180
3146 4499 3183 5752
9087 5405 10000 7241
4736 931 6654 954
962 1883 1333 6115
9505 3514 9999 5405
7435 0 8035 3687
7946 5320 8227 7616
1867 3041 2284 7507
3044 8891 3671 9672
3671 7123 4306 9709
4311 7048 4574 9455
581 6158 1202 8434
9589 7848 10000 10000
4736 954 5178 5320
6071 4283 8945 5320
7143 3687 8945 4283
4763 9534 7159 9707
5567 5320 6638 5377
3918 0 4736 578
8711 7848 9589 10000
0 6158 566 9362
3110 2927 4736 4499
9087 0 9402 5405
8035 1856 8869 3687
3671 4755 4541 5297
1300 6158 1345 7742
8035 0 8869 1856
2727 1757 3110 7507
5178 954 7143 2009
6529 8430 7105 8629
2727 1331 4204 1757
9087 7241 10000 7848
3110 1757 4736 2927
4736 0 7310 931
7115 5320 7946 7631
1345 2275 2116 3041
3520 578 4736 1331
6589 8629 7151 9170
0 9637 3005 10000
4582 7636 4627 9166
5178 2009 6071 5320
5128 7636 5963 8078
4204 1331 4736 1757
8227 5320 8710 7636
3194 4499 4596 4747
4630 8134 6529 9529
8869 13 8945 3613
7643 9136 8274 9424
1345 3041 1867 9637
9402 3743 9503 4812
7143 954 7435 3687
3520 0 3918 578
9402 0 10000 3474
6795 7794 8711 8379
0 1331 938 2358
7159 8379 8711 9136
6071 2033 6792 2542
5223 5438 6940 5461
