7291 1117 7838 2647
3324 4524 4485 7772
8257 1531 9737 2496
4485 4524 5605 7772
3257 9518 8509 10000
812 9146 1220 10000
0 5308 3324 5473
1220 8538 3257 10000
1475 6090 2102 7768
812 5473 2910 6090
7098 281 7838 1117
4482 0 6162 2504
3870 713 4482 2846
6713 7984 7441 9391
9737 1531 10000 10000
2910 5473 3324 7772
7838 1214 8665 1522
2760 7772 5144 7860
781 4019 3324 5308
0 5473 812 10000
3257 7984 5330 9518
8150 5598 8481 7319
1274 6153 1475 7543
7852 4019 8481 5598
5330 8918 6670 9506
1841 713 2583 2164
957 6090 1251 7568
0 2168 2477 2691
5733 7984 6713 8824
2110 6090 2910 7767
959 3052 4017 3473
3324 4072 5563 4346
8509 9518 9725 9999
6420 281 7098 1117
1220 7889 3257 8538
4519 2504 6420 3434
0 3473 9737 4019
3257 7889 8150 7984
8481 4019 9724 6250
6420 1117 7291 3473
5605 4019 7852 5598
8716 0 10000 1531
6162 281 6420 2504
0 4019 781 5308
846 7900 1220 9146
2583 1774 3870 2846
7291 2648 9732 3473
2583 713 3870 1774
5605 5598 8150 6349
8150 7319 8344 7948
7446 7984 9682 9493
5605 6349 8150 7889
840 0 1839 2007
4017 2846 4482 3473
7838 0 8716 1214
6162 0 7838 281
1839 0 4482 713
3324 4346 5605 4524
