9109 207 9598 1329
4066 9007 5922 9770
6980 4921 7405 7529
6261 2503 7111 2661
7639 9102 9418 9617
6875 9061 7639 9469
0 4861 1068 6141
2428 736 2648 1015
8424 2594 8645 2667
7096 8860 7536 9061
3823 191 4382 573
7574 5345 9867 5452
9489 6561 9850 6768
8514 4921 9849 5316
2341 6141 5585 6377
7639 8849 9418 9102
7192 1896 8424 2667
6980 4525 9027 4804
6875 9617 9681 9789
5680 720 6215 1896
7759 7450 9882 7592
5875 2765 6215 3182
2820 3975 5241 4090
7759 5452 7820 7450
517 9444 824 9904
2820 3325 3277 3952
2428 1041 2931 1937
9109 2117 9867 4464
5680 1896 7192 2208
9681 8000 10000 10000
6251 1637 6477 1835
4441 191 4863 1192
869 2818 1956 3031
2240 736 2428 2095
8652 483 8873 2765
2679 6377 4040 6546
8835 8000 9418 8849
1068 4458 6056 4915
5991 5734 6838 5931
204 6141 497 6322
0 9904 2679 10000
1884 1541 2072 1631
6980 8000 8176 8290
2679 7493 6713 7675
3925 8839 5618 8962
108 729 267 1322
2679 9707 3052 9992
8153 9789 9681 10000
2388 4918 5722 5341
0 1322 288 3031
288 0 710 3031
3080 7846 3919 9547
315 7538 1179 9444
6056 4458 6968 4581
7820 5452 9489 6789
2679 7772 6869 7846
1068 3031 3302 3325
1179 9157 2679 9904
9093 1971 9109 2493
7820 6789 9893 7450
2073 6923 2341 7985
6436 7846 6875 9007
6875 5962 6946 7155
5211 2667 8652 2765
5491 3262 7008 3674
2818 2503 4546 2660
497 6687 2341 6923
497 6141 2341 6687
9109 4464 9834 4902
5839 7846 6436 9007
2240 2095 3227 2374
710 0 869 3031
3302 3476 3954 3973
6215 720 8346 1189
3755 6546 3796 6973
1068 4252 8873 4458
0 6923 1179 7240
9867 0 9893 6167
4302 7846 5839 8827
1068 4251 8377 4252
4977 6377 5501 7094
5211 3674 6573 3975
5221 720 5680 2208
1753 6923 2073 7985
0 3031 1068 4861
6678 9809 8153 9999
2341 6377 2679 9157
869 0 9867 102
0 9444 517 9904
869 736 2109 1467
6875 9469 7639 9617
7759 7605 9932 8000
3954 2667 4926 3974
7699 2765 8827 3649
4574 1212 5221 1504
2679 7151 5673 7393
1179 6923 1753 9157
6056 4598 6980 5341
3222 9548 3925 9988
8346 1010 8555 1047
2109 736 2240 2374
8176 8000 8835 8290
5221 553 7582 720
5991 5962 6875 7493
9601 102 9789 1193
869 1467 1884 2667
3584 761 3979 1212
9418 8000 9681 9617
3662 2374 5575 2387
4290 2208 7192 2374
3302 3031 3854 3459
2388 5341 6980 5734
4041 6377 4914 7141
5221 191 9012 480
6477 1189 7081 1896
824 9683 1174 9846
1068 4915 2388 6141
2347 2744 2358 2998
2388 5734 5021 6141
3227 1930 4290 2374
0 7538 315 8200
7574 4928 8363 5345
9109 1329 9867 2117
5585 5734 5991 7151
0 9090 312 9428
1753 7985 2341 9157
0 8200 315 9090
7081 1189 8652 1896
3823 102 5453 181
6875 8290 8835 8849
869 102 3823 736
1068 3325 2820 4166
4926 2667 5211 3974
0 7240 1179 7538
6573 3674 7598 3974
3227 1212 4290 1930
1068 4166 8720 4242
8884 483 9088 3751
9893 780 9994 7109
7588 6524 7759 6877
