43 7898 76 8631
6453 6190 7390 6373
4863 6357 5290 7587
6154 4908 6453 7252
25 0 169 6241
1066 7840 1289 8867
6242 188 6918 367
9421 3380 9724 5194
384 6884 1074 7169
9341 0 9415 4183
5424 8078 5654 9000
380 0 614 3622
614 0 1362 1409
1362 1079 1698 2199
4684 1016 6701 1347
4822 4833 5971 6132
4366 9034 5056 9563
7856 3643 8455 4437
200 6881 371 8978
2713 4242 3394 5806
2969 6241 4274 6629
2611 802 4110 923
3453 2199 3575 3407
7146 3643 7390 4908
7036 554 7337 1482
5290 6357 6154 7252
301 3954 735 5659
5764 387 6848 502
8058 7850 8285 9417
9249 5277 9382 8880
3394 4833 4186 5806
5614 3679 6251 4348
8572 387 8918 4068
4186 4833 4822 6132
1603 8495 4971 8944
3161 7896 4630 8476
7390 3643 7856 6083
3582 3649 5601 3780
8455 3464 8572 4342
3582 2199 4295 3643
4543 918 6212 927
200 9034 4366 9505
384 7169 2653 7587
9421 5210 9584 8684
384 7840 1045 8845
7450 1996 7768 2543
4971 8145 5420 8476
1289 7840 5424 7896
2579 9801 6380 9950
4490 2376 5336 3305
8390 5302 8776 6451
996 3014 1260 6132
8817 7266 9245 9556
5336 2376 7262 3160
4295 1004 4335 1468
76 6881 200 9505
200 9033 7044 9034
9595 5210 9751 8139
735 3954 996 6132
5336 3165 8540 3348
169 3622 614 3954
76 9505 4366 9563
4295 1869 4480 2259
1507 4242 2640 6132
9421 1063 9715 3380
5663 8078 7097 9033
8572 4081 8904 4394
3142 276 3271 374
5290 7252 6102 7587
614 2832 886 3014
1289 7896 3161 8495
1289 8495 1603 8944
1275 9563 2396 10000
1698 1079 2244 2199
3394 4421 6154 4833
5424 7587 7256 8051
1260 2814 1895 4236
4274 6241 4863 7465
2969 6629 4274 7465
6102 7252 6453 7587
76 9563 1275 10000
9725 1447 9751 5005
9725 244 9986 1447
3449 188 5673 387
1605 2199 3408 2810
1079 6881 2653 7169
6453 6373 7390 7587
7856 5688 8161 5966
0 0 25 10000
2394 3977 5614 4242
4486 1770 4556 2233
4342 1704 8200 1770
2244 0 3417 271
1260 4242 1507 6132
384 7587 5424 7840
7390 6104 8178 7502
614 1409 1362 2435
6453 4908 7390 6190
25 6241 1868 6881
5443 1838 6483 2376
2819 3289 3453 3866
2244 1078 4282 2170
8298 5277 8380 7681
8396 6739 8817 9953
7396 7587 8298 7850
2396 9967 9973 10000
169 0 380 3622
4863 6132 6154 6357
7396 7850 8058 9033
4295 3348 8455 3643
2653 6881 2969 7465
1868 6241 2959 6623
7856 4437 8920 5276
7296 2595 8454 3053
734 3529 987 3677
9751 1447 10000 9967
2244 276 2613 735
3745 3797 4076 3977
6393 3643 7146 4908
3928 5806 4159 6068
2671 4242 2713 5476
614 2435 1321 2782
4918 554 5841 711
5971 4833 6154 6132
6207 4421 6393 4846
3394 4242 5614 4421
7097 8078 7396 9033
4217 7465 4863 7566
2396 9563 8058 9718
2396 9718 5172 9797
169 6139 3919 6241
1362 0 2244 1079
5056 9034 8042 9562
1806 8944 4928 9019
1982 2814 2394 4240
3449 10 8688 188
8921 36 9216 4178
