4129 1930 4306 3463
3036 7645 3935 8247
8942 9349 9818 9807
234 1305 2081 1440
7107 1762 7208 2271
796 3500 960 6083
7845 3295 9624 3369
161 7197 1438 9272
8673 3369 8726 4096
1436 3500 2350 4090
3092 6880 5815 7645
234 968 3870 1285
1441 7379 1876 8202
234 1523 2933 2907
161 9282 1438 9754
6264 6559 7151 6824
4306 1930 5122 2411
4052 6559 6264 6824
960 3500 1436 6087
4129 1523 6259 1930
781 6090 1436 6699
4560 4561 5090 6559
3092 3463 4560 4518
5090 4561 7364 5595
234 3500 790 6071
0 7197 145 9876
210 6405 781 6839
234 2907 2368 3500
6491 2953 7364 4561
1441 8975 3875 9728
1441 8247 3240 8874
7845 3369 8673 5015
4236 8182 5774 9207
5122 2044 6059 2326
781 6700 1883 7197
7151 6559 8191 9026
2368 7597 3036 8247
1436 4092 2366 6669
8757 3548 9238 5434
7151 9026 7580 9815
3134 0 5916 299
2368 3463 3036 7597
3092 6559 4052 6880
110 914 234 4461
234 230 3022 938
9675 0 9872 2722
9789 3283 9990 9349
3036 3463 3092 7645
7364 2807 7845 4421
3134 299 4272 968
5510 299 5714 1408
5815 6880 7151 8651
8942 8710 9773 9003
5090 5595 7785 6559
7580 478 9577 913
4236 7645 5815 8182
161 9815 10000 10000
4306 2953 6491 3463
7110 1163 7364 1431
9266 3369 9625 4577
3393 8247 3906 8934
8191 6559 8942 9815
4236 9262 7027 9758
7845 2807 9675 3283
7364 1163 9675 2807
7935 1018 8353 1133
9990 0 10000 8815
5916 488 7579 1163
7364 5015 8673 5595
4283 361 5294 1523
234 0 3116 229
1886 7521 2302 7905
3935 7645 4236 9815
6036 229 8245 478
4306 2411 6259 2953
3092 4518 4560 6559
4560 3463 6491 4561
7364 4421 7845 5015
7580 9026 8191 9815
2933 1523 4129 3463
4052 6824 6298 6860
5815 8651 7060 9221
2368 2907 2933 3463
8673 5434 9789 5595
8942 6643 9689 8357
6259 1523 7107 2953
7785 5595 9789 6559
