1382 9385 2157 9846
8449 0 8482 2683
2157 9379 5559 9846
1224 8637 9720 9015
1224 6913 1831 8436
1224 9846 9176 10000
0 3781 8449 4014
5495 7001 7978 7206
0 129 1325 2211
0 4014 8337 4079
6986 6325 8083 6439
4708 4529 8447 4787
4708 5219 6149 5498
8267 984 8427 2232
64 4587 309 10000
8492 8077 9718 8637
2972 129 4449 1980
1325 1350 2972 1980
6150 5535 8743 5586
9595 0 10000 3339
2205 4529 3170 6569
0 2552 4369 2903
5559 9015 7481 9846
1255 6572 8785 6578
1325 1980 4449 2211
8492 6913 9258 8043
8604 3284 9595 5003
0 3767 7333 3781
2522 6913 5173 7036
0 3593 6693 3760
8806 9015 9176 9846
8604 0 9595 2910
110 4365 290 4587
664 4338 1137 10000
5469 6006 6139 6222
0 4587 64 10000
0 2 5767 129
1137 4338 1222 9983
7621 984 8111 1780
9176 9015 10000 10000
1979 7091 5296 7390
1325 129 2972 1350
4909 1910 6723 2502
7621 1853 7697 2982
1224 6303 2165 6312
9595 3839 9719 5141
6363 0 8449 984
3170 4529 4669 5202
6785 2552 7621 3394
1842 4342 8099 4489
4369 2552 6785 3593
5111 9016 5306 9379
7455 3394 8447 3766
6942 3394 7455 3587
6730 984 7621 2552
9595 5141 9720 6913
4449 984 6730 1910
4449 129 6363 984
3352 7710 8318 8601
6150 5219 9585 5535
4708 5008 8136 5185
2098 7414 8159 7698
8604 2910 9581 3284
7481 9015 8806 9846
0 2903 4365 3576
4708 4801 8310 4958
1224 6578 9595 6913
309 4338 664 10000
1224 4643 2136 5419
3170 5534 5455 6571
9720 3339 10000 9015
0 4085 7577 4287
0 2211 4449 2552
