3055 5068 4150 5662
2283 2202 2544 2833
2176 4905 2248 5613
2725 3830 4218 4554
5286 6379 5956 7186
6612 427 9226 593
5695 9603 6773 9993
2253 8168 9876 8470
5107 2927 5412 3498
8538 5910 9745 6350
206 687 1356 1710
3695 687 4261 2224
0 0 151 10000
206 9496 3541 9861
6909 690 7999 727
151 449 4261 687
5531 2064 5710 2723
5531 1121 6209 1368
2809 5068 3055 5581
5007 3781 5796 4971
6320 6342 7442 6892
6794 1804 6955 3125
6160 21 6612 688
6951 6892 7751 7836
206 8209 1312 8546
9745 5910 9833 8160
7324 2780 7395 3141
6281 1121 7776 1774
2721 4564 4181 4930
5711 3141 8603 3155
5695 9256 7298 9596
9974 2578 9993 5426
2253 4234 2456 8160
2721 6765 3100 6935
7802 7778 9609 8121
5626 1420 6090 1804
9833 3674 9892 7757
7248 4769 7442 5140
3521 3783 4353 3830
2693 6960 3235 7174
4131 5662 4854 7186
3763 9407 5090 9539
6320 6892 6914 7782
8955 9655 9974 9995
2721 4975 7248 5068
6127 3781 6252 4452
2855 8471 7746 8749
7802 6350 8664 7778
1921 8768 3762 9043
2721 5662 4131 5911
1505 4317 2170 5806
6252 3781 8608 4188
2576 1710 3665 2184
151 237 4067 449
7999 690 10000 732
6252 4188 7248 4975
8664 6350 8747 7449
3684 7186 6320 7391
3239 5911 4131 7186
1679 2833 2640 2878
1158 4234 1369 6100
5075 3503 9905 3674
8603 1950 9938 2453
5956 5140 6320 7186
3374 7186 3684 7715
4305 5068 7248 5140
1356 687 1797 1710
6320 5140 7442 5616
1797 687 2865 1710
4733 8835 5267 9407
151 687 206 9981
1728 6580 1865 7339
1158 3674 9833 3781
2693 7838 4122 7916
9187 4769 9720 5908
9258 2453 9938 3294
3695 2809 5523 2894
2865 687 3331 1710
4883 3822 5006 4958
8738 109 8887 427
7801 9655 8954 9987
4305 5140 5956 5579
491 5342 1155 5984
1921 9063 3553 9476
5531 732 8288 1121
206 6669 1219 7315
8213 5910 8538 6322
2456 3781 2693 8160
7248 4188 8608 4769
3763 8768 4733 9399
7801 9256 9947 9634
206 8027 1432 8198
9905 3294 9974 7872
6955 1804 9938 1950
151 9 3987 132
7802 4769 9187 5910
6320 5616 7442 6342
510 8777 792 9496
9223 8812 9402 8835
5276 8835 5695 9999
206 5342 484 6231
5842 3781 6036 4947
1158 3781 2456 4234
1961 5806 2253 6735
9425 8471 9961 9254
2555 2189 3075 2816
9938 1804 9974 3294
206 9019 503 9489
1162 2189 2225 2617
8172 2034 8603 2133
2253 8160 5631 8168
8319 774 9539 1672
5301 7391 5964 7806
4218 3830 4883 4975
5711 1804 6209 3100
8784 6350 9727 7732
7324 2133 8602 2534
207 2189 516 5253
7746 8471 9413 8764
206 8749 507 9019
1356 2833 1679 3664
5245 8768 8546 8811
2693 3781 2721 6960
206 1710 2576 2189
6955 1950 7320 3020
516 3985 1158 5342
516 2189 1159 3663
7309 9256 7801 9977
8603 2453 9258 3503
8608 3781 9833 4769
4150 5068 4305 5662
1505 7639 1718 8582
3684 7391 5228 7820
4261 0 5531 2224
3331 687 3695 1710
1679 2894 5075 3674
4854 6379 5286 7186
516 3674 1158 3985
3089 2189 3686 2879
9592 3294 9743 3484
4593 5579 5717 5649
5695 8835 9425 9256
1382 4234 1468 6976
206 7450 1486 8024
7523 2534 8603 3141
4854 5662 5711 6379
7442 4769 7802 6892
206 9862 3646 9990
5531 3155 8603 3503
5711 5662 5956 6379
206 6270 1104 6669
3695 2224 5531 2809
