0 3296 158 4951
1044 3647 1314 5197
5954 1674 6583 3037
738 7550 2248 7835
8830 5184 9335 6121
622 6749 1788 7436
0 9607 3092 10000
4829 7060 5353 9217
9762 177 9874 2936
1044 2965 2798 3647
3187 7550 3245 9529
5353 7060 5697 9217
3245 8746 4196 9548
8003 210 8508 488
4994 4518 7952 5083
419 708 2177 918
8176 488 8830 1115
474 1940 1044 5197
6195 7949 9874 8348
6983 6172 7948 7063
2049 5197 3822 6281
7570 1674 8125 3655
9335 1082 9747 3137
257 0 419 5197
2798 3264 3505 3647
9335 3137 9642 7057
4014 4621 4270 6292
1044 2050 1791 2965
8125 6121 8463 7057
2428 6558 2655 7403
5530 1096 5675 4518
5675 3037 7570 4009
4524 9217 9837 9578
6195 8348 9874 8525
6195 9136 8930 9205
3654 1974 4619 3596
7570 3655 7935 3987
5675 4009 7952 4518
2192 9574 4292 9605
2248 7550 3052 9574
1314 3647 4002 4379
4643 0 9874 177
2192 7835 2248 9569
288 5197 2049 5657
4937 177 5273 4518
2822 7491 3148 7550
3822 5197 4014 8746
4524 8211 4762 8850
5954 1115 8830 1674
17 2434 257 3296
6146 177 8003 1115
5273 177 5645 1070
288 5657 2049 5899
3788 0 4035 1523
6983 7069 9642 7949
4308 8281 4453 9452
5697 7060 6195 9217
23 5197 288 7360
8830 488 9335 5184
844 9009 2192 9334
6195 6172 6983 7949
3149 836 3630 3127
4994 5083 7890 5515
7115 1674 7570 3037
844 7835 2192 9009
622 5899 2045 6678
419 1264 1912 1367
4014 8423 4295 8700
5273 1096 5530 4518
8311 3408 8346 5219
6195 8525 9591 9136
4346 4621 4829 8210
1408 9334 1437 9521
4014 4518 4994 4621
2049 6281 3756 6550
7950 6172 8084 6773
370 6202 622 6773
3149 0 3654 836
1314 4379 4002 4518
419 1367 2273 1940
1314 4678 3985 5197
3052 7550 3187 9574
3092 9903 9092 9988
7952 3655 8125 6172
6583 1674 7115 2176
4002 3647 4643 4518
8125 1674 8753 3313
419 1940 474 5197
9591 8525 9873 9211
4994 6172 6195 7060
4994 5571 7766 5599
4994 5599 7952 6172
785 7835 844 8576
8463 6121 9335 7057
2798 0 3149 3173
9874 0 10000 10000
6583 2176 7114 3006
5675 177 6135 1096
5675 1115 5954 3037
8125 7057 9629 7069
8003 488 8176 1115
2655 6558 3721 7474
4643 177 4937 4518
3245 7550 3688 7946
9642 3299 9828 5853
0 7550 738 9607
4829 4621 4994 7060
2273 0 2798 2965
419 942 2100 1162
419 2 2243 692
9335 177 9644 804
3092 9607 8631 9886
