5067 8199 5956 9357
2110 3634 8370 3786
473 2769 968 4627
1830 4231 5055 4614
6373 2400 8142 3634
2764 4956 3629 6746
0 4627 968 6210
968 3237 1268 3244
2735 1432 3979 1992
9025 3634 9366 9360
2146 8991 3105 9358
5433 2051 8012 2400
3645 6609 5615 7211
5520 3388 6373 3624
8807 0 9208 788
2110 1432 2688 3248
9287 0 9890 951
8370 7407 9025 8831
2764 7612 5957 8199
2764 8199 5067 8388
2764 7424 5205 7612
8142 2208 9486 3634
5957 4458 8337 5152
4503 2400 6334 3162
271 8111 2119 8388
7922 5152 8370 8829
9486 5318 9688 9312
1818 1432 2110 3786
5303 360 8807 1113
0 479 1010 2769
0 0 1010 479
2735 2024 3584 3422
8142 2024 9468 2208
9366 5271 9433 6442
2119 4898 2764 8388
271 6210 1463 8111
4875 8388 5067 10000
6177 3908 7862 4258
3277 1270 3996 1432
5067 9360 10000 10000
4503 2024 5417 2394
1010 1453 1463 2769
7047 8671 7771 8800
1862 6832 2119 7768
1302 2769 1463 6184
0 2769 473 4627
1010 0 1463 1453
9688 5318 9954 8450
1818 3786 5957 4030
1818 4030 1830 7841
0 8965 2146 10000
7120 5163 7593 5369
1830 4614 4736 4883
5957 5152 6634 9360
1830 4044 4081 4231
8370 3634 9025 7407
7047 5369 7662 8671
7047 8831 9025 9360
3996 0 5303 2024
5303 0 7602 341
2146 9358 3107 10000
0 6210 271 8965
9486 1114 9973 5225
1818 0 3995 1112
5055 4030 5957 4898
7662 5152 7906 8669
6634 5152 7047 9360
3638 4898 5606 5229
5649 5345 5957 7612
7973 0 8801 344
3107 8965 4875 10000
5303 1114 9027 1952
968 3244 1260 5791
271 8388 4875 8965
1463 0 1818 8111
4506 5400 5649 6587
