1398 3744 6689 3801
623 5677 873 7151
3195 2989 7827 3005
7529 7998 7860 8723
9533 7212 9670 9167
8538 3351 9308 5330
1260 3005 1398 5048
888 6371 1878 7456
395 438 2569 1136
5101 0 10000 660
3146 3005 3807 3351
623 1203 782 5560
3210 1203 3697 2636
888 6123 1871 6368
3974 9029 5183 9127
888 8097 4556 8453
606 9505 3545 9953
1398 4727 3937 4824
1424 7457 6689 8097
3183 4345 3632 4488
606 7722 888 8453
0 7722 606 10000
5804 5547 6689 6966
8725 5476 9304 7210
4556 8097 6689 8804
606 9356 3974 9477
606 8804 6689 9028
1398 3801 3183 4727
2591 359 3255 1203
3378 6124 4680 6709
6689 3744 6874 6063
8248 662 9274 2583
1398 3005 3146 3744
1514 1203 3195 2908
6814 9384 7449 9427
6814 8723 8194 9384
8538 5330 9307 5476
6192 3447 6875 3744
7505 1626 7993 1814
6814 7998 7529 8713
7817 3351 8538 5476
888 7457 1424 8097
3807 3005 5629 3351
6814 6497 8124 7934
3974 9127 6689 10000
6875 5476 8290 5577
9860 779 9994 9665
5740 660 6644 2662
8938 7212 9533 9437
3938 8453 4448 8764
6689 6497 6814 10000
6814 9665 10000 10000
6644 660 7166 2859
0 312 394 7381
606 8530 3576 8804
606 9477 2910 9502
6814 9437 9133 9642
797 5153 4561 5648
3183 3801 6115 3803
8194 7212 8938 9437
9704 3231 9810 3246
395 1203 622 7574
8248 2583 8762 2909
3655 3804 5636 4712
888 5677 4666 6123
1889 6123 3378 7283
4900 4758 5494 5547
1009 312 1836 348
4010 3351 5452 3712
3711 2662 6641 2989
856 1890 1241 4673
1241 1802 1505 2997
7868 7998 8194 8709
2631 7283 3378 7406
3378 6709 3683 6966
6875 3351 7817 5476
606 9028 3974 9356
9308 660 9704 7212
6196 4727 6613 5413
164 7642 570 7722
5629 3005 9308 3351
3683 6709 4900 6966
5462 660 5689 1530
797 1203 1494 1760
3711 1611 5740 2662
4900 5547 5804 6966
6875 5736 8723 6497
8194 6497 8713 7168
5101 660 5455 1496
3378 6966 6689 7122
7168 1852 8161 2939
0 0 3711 312
606 8453 1696 8522
5711 3804 6683 4724
3378 7122 6689 7457
3711 0 5101 1611
7168 660 8248 1626
