3237 6192 10000 6482
3051 2986 3813 4842
517 0 916 862
2190 1624 2493 8841
7932 3925 8107 4002
3051 4842 3802 5189
3412 2382 4366 2502
48 1587 161 3570
3229 7638 3237 8677
751 6084 1437 9829
0 4473 493 10000
8312 1686 9781 2986
6652 233 7721 1152
3237 5489 10000 6192
3813 3917 7090 5271
5512 7100 9048 8101
6368 1515 7721 2505
8312 233 8846 1686
0 3786 1394 4473
2499 1624 3124 2353
3237 8433 7836 8558
174 426 514 1378
7836 8101 9048 9668
1711 855 5034 1515
9656 3469 9966 5253
3813 2986 5390 3469
5034 1184 7721 1515
7162 6482 8949 7041
7721 544 8312 2986
9048 6482 9814 9334
2514 2966 2677 7909
161 2146 1152 3786
493 6084 692 9981
4164 7100 4597 7725
3051 9668 6449 9961
3884 1557 5107 1624
6651 0 9454 233
4649 7100 5512 7651
7342 3469 9656 3917
2700 2382 3051 5218
493 5577 1463 6084
8846 233 10000 1686
5484 8180 5967 8433
5589 9022 6734 9665
514 1515 2035 1984
9814 6482 10000 10000
1394 2133 2152 2325
2190 8882 2441 9929
3124 1624 5323 2382
5967 8101 7836 8433
5034 0 6651 1184
969 891 1711 1468
7721 233 8107 522
3813 3469 7342 3917
3237 8558 6915 9022
6915 8558 7836 9668
3237 6601 6972 7100
9048 9334 9718 9972
3813 5271 6955 5440
1463 2325 2190 10000
7090 3917 7932 5489
5390 2986 10000 3469
7932 4002 9638 5479
3051 2505 7721 2986
916 0 5034 855
5323 1624 6368 2505
493 4611 1358 5577
1399 3598 1463 3985
9781 1686 9968 2698
