5954 2475 6866 3024
2111 5963 3182 7251
1964 7709 2254 9131
5954 2081 6766 2451
4578 0 8195 452
6035 6376 6342 7235
556 5256 1098 5346
1004 1937 1071 2852
7551 871 7706 5428
3182 5963 8113 6265
1255 446 3033 1259
9173 1743 9502 5086
4169 8433 6197 8568
9821 871 10000 8209
1003 7709 1964 9131
1495 1517 2111 4372
4067 19 4563 734
0 0 812 446
502 6719 1734 7245
0 446 869 1517
178 4848 1292 5256
8113 8667 9621 9367
1750 5358 2111 7236
3061 4964 7551 5428
8113 9367 9220 10000
7062 6769 7451 9276
2254 9665 4169 9971
3033 0 4067 1517
6264 3091 6995 3660
9220 9367 9889 9980
1246 1517 1495 3318
3182 6265 4255 7251
0 9131 2254 9482
4255 6265 6708 6327
1003 7251 2784 7709
561 3441 1495 4372
6264 3978 7551 4964
0 9482 2254 10000
2254 7709 2784 8433
8364 5963 8645 6900
4851 9289 6560 9619
4166 2240 5283 2678
0 3441 178 9131
6560 9289 8110 9476
9504 3885 9740 4948
2254 8433 4169 9665
3061 3999 5954 4345
178 5256 496 5936
5985 4706 6264 4824
7542 6265 8077 9190
3972 4345 4583 4964
4943 791 7312 847
4255 6376 6032 7251
812 0 2146 446
6629 1681 6922 2081
178 7251 1003 9131
1292 4848 2111 5358
7706 1743 8591 5117
7706 871 9786 1301
4067 871 6886 1456
8113 8209 9915 8636
178 4372 2111 4848
2784 7251 6358 8433
2429 9971 3088 9980
178 3441 561 4372
2111 2833 3061 5421
4851 8684 7062 9289
0 1517 904 2852
6358 6376 7062 8684
4169 8568 5125 8674
4583 4345 5554 4574
904 1517 972 2659
869 446 1255 1259
3061 5699 9821 5963
3102 3044 3393 3999
8666 1743 9172 4966
2111 5421 3061 5963
178 5959 502 7189
869 1259 2461 1459
0 2852 1004 3441
502 5358 1750 6719
7706 5117 9821 5699
7706 1310 7889 1743
7010 1517 7549 3333
6560 9478 8113 10000
8591 1743 8646 4639
5078 471 8242 769
3393 2833 4166 3999
4169 9619 6514 9969
3061 4345 3972 4964
8242 0 10000 871
2146 0 3033 446
4169 8684 4851 9619
8645 6323 9659 7820
7010 3342 7548 3978
2111 1517 4166 2833
3061 5428 7706 5699
