727 7923 7633 8477
8231 5415 8647 7576
5806 6335 6772 6975
4499 4115 5806 5062
2493 9758 4731 9845
308 3906 2884 4438
5688 8752 8778 9050
9589 3507 9800 5158
7947 130 8222 8727
308 3499 825 3753
5709 2306 5917 2748
3581 2041 3920 3515
5796 455 6342 1392
1168 2335 1960 3906
1960 1456 6465 2041
5806 6975 6772 7923
0 9685 2493 10000
3243 4085 4470 4991
6588 791 7505 1639
4411 7131 4486 7263
2493 8752 3760 9758
1168 455 1960 1649
3722 130 7633 455
3661 4991 4411 7345
6772 6335 7633 7923
2493 8477 7633 8752
5806 4062 6530 6137
5688 9050 8131 9845
5126 2748 6465 3451
1960 455 5796 1452
1168 1649 1960 2335
6707 3965 7101 4535
9203 5399 9589 10000
3288 7345 4411 7923
308 0 3722 455
0 8945 2493 9685
8131 9050 8778 9608
727 8573 2394 8945
2493 9845 8131 10000
8131 9608 9203 10000
0 6552 727 8945
3128 4993 3661 7345
0 4438 1690 6552
5126 3451 5806 4115
6646 5265 7083 6331
1960 1452 5665 1456
6588 1639 6644 3991
2113 3515 3718 3890
1960 2041 3581 3135
3760 8752 4777 9421
4777 8752 5688 9845
7633 130 7947 8752
1943 4438 2248 6523
1732 6609 2884 7923
2248 4438 2695 6538
6465 535 6558 594
458 455 1168 3466
9831 0 9998 9941
1690 4438 1943 6552
4499 2041 6465 2271
727 6609 1732 7923
308 455 458 3466
2884 7345 3288 7923
3722 0 9203 130
2696 4438 2884 6552
2409 3135 2661 3413
61 0 308 3137
9368 1578 9401 3851
7101 1639 7633 5582
4499 5062 5806 7923
3760 9421 4391 9726
8778 130 9152 8241
3920 2041 4499 3515
767 6557 2737 6609
2884 4991 3104 7184
4499 2271 5126 4115
7101 5582 7633 6335
