6885 2141 8056 3045
3883 5111 5360 7358
9907 3428 10000 10000
2898 2176 3481 3342
6582 627 9588 1145
0 517 3738 1687
6181 2141 6885 3045
6663 3964 8673 4893
7275 3428 9907 3964
6802 4928 8671 5441
76 1687 317 4192
5360 517 5709 7358
6181 0 9588 627
6181 1145 8056 2141
9588 0 10000 3428
6191 6929 7922 8262
3481 8499 7640 8539
3357 3362 3440 8534
8056 1145 9588 1609
4085 8541 7875 9287
0 8342 1265 8671
3883 517 4692 4451
3738 641 3870 1410
3810 7358 4850 8067
6181 3045 7275 3964
2413 1687 2898 10000
0 8672 1750 9987
8673 3964 9907 6929
6181 4928 6573 5420
1750 1687 2413 10000
2898 5581 2978 8112
3810 2176 3883 4234
5709 517 6181 7358
2898 3362 3356 4667
6181 3964 6568 4777
317 5244 924 5769
3883 4451 4620 5099
7660 3045 9464 3414
0 0 6181 517
3810 8101 6178 8499
6181 627 6582 1145
6181 5441 8673 6929
1644 1687 1748 8646
2898 1687 3883 2176
4692 517 5229 5111
7994 8744 8266 8860
3357 9298 9892 9962
317 1687 1023 4067
5229 517 5357 5083
8266 6929 9907 9298
317 7418 981 7473
3481 2176 3742 5210
1023 1687 1644 8342
8056 1609 9588 3045
