6670 3462 9077 3594
8358 4016 9666 4407
4039 4183 5607 5261
4143 1889 5565 2292
989 1146 1873 1630
3508 4332 4018 4701
5590 1889 6834 2316
154 7550 747 8778
154 7339 752 7547
3203 6224 5145 6678
154 7000 4857 7339
0 4210 154 8778
6670 2838 7295 3462
7295 2838 7761 3462
7998 4016 8065 5053
4767 5695 5128 6219
0 589 580 2777
6912 3594 8447 3616
3508 4792 4039 5261
5514 5261 5689 9300
7761 0 8078 2440
8578 4436 8949 7056
3480 7339 5145 8355
3480 9422 7998 9627
3543 6678 4710 6953
9497 7166 9986 9984
2211 589 2868 1543
965 589 2199 1132
7245 7071 7870 9300
8951 4436 9782 6538
569 5261 3360 5680
8065 7862 9219 9555
788 9487 2531 9495
8358 4436 8577 7430
8738 0 9411 103
5145 5261 5514 9422
788 9050 3461 9487
1841 2877 2863 4183
5607 4771 5702 5243
9013 2262 9650 2398
6852 1875 7761 2368
154 6351 2073 6881
1355 9807 3466 9989
2863 3554 5607 4183
1070 8273 1502 9050
5514 9300 7876 9422
5607 3504 6412 3596
6689 3603 6912 3957
3480 9627 7078 9689
3634 589 4015 2154
8065 7633 8951 7862
8243 9555 8566 9616
7761 2440 8953 3446
8951 7451 9179 7586
8078 0 8402 2246
1533 4183 3517 4206
610 1641 965 2647
569 4246 2298 5261
4857 6678 5145 7339
1231 1659 2211 2343
5607 3596 6670 4016
5493 589 6583 1889
154 6973 2839 7000
569 5680 2128 5995
2868 589 3634 2370
0 9050 784 9999
6848 4016 7998 4771
1502 8103 3480 9048
8065 4016 8322 6764
7998 5582 8039 8619
752 7526 1070 9041
9077 2440 9808 3616
2211 1543 2868 2370
1502 7526 3480 8103
4143 2368 7689 2836
6719 4016 6848 4771
2212 6224 2879 6958
9219 7620 9465 8329
8415 0 8736 2370
2298 4246 3508 5261
0 2838 1442 4210
752 7339 3480 7526
154 4210 3936 4246
2574 5680 4765 6224
9808 0 10000 7166
8093 7222 8358 7633
0 8778 752 9050
1047 6043 2574 6164
4671 8355 5145 9422
154 6231 1547 6351
6852 0 7761 1875
3660 3544 4597 3554
3480 8355 4671 9422
5710 4771 7876 5261
2863 2838 6128 3255
965 2370 2909 2838
7998 9746 9493 9978
7876 4771 7998 9422
5689 5261 6848 9300
6912 3616 9808 4016
2909 2370 4143 2838
1070 7526 1499 8262
6583 0 6852 1889
788 9720 1941 9807
3480 9708 7975 10000
4143 589 5170 1889
5170 589 5493 1889
3360 5261 5145 5678
154 4246 569 6043
6848 7055 7245 9300
6848 5261 7876 7055
2863 3256 6392 3481
0 0 6583 589
4143 2318 5656 2367
5607 4016 6719 4771
