66 288 1592 713
578 6341 1567 8396
4317 9034 9432 9148
4140 2735 4356 4673
1670 7672 2313 8374
66 2775 937 3363
3834 1364 7899 1675
6751 2132 6794 3889
923 5645 2403 6341
8220 7186 9579 7912
8914 3911 9220 6578
2394 2032 3682 2846
7993 8217 9627 8594
5982 4678 7716 5106
4140 2132 6227 2735
7899 1364 7948 7968
6518 6642 7899 7131
1846 145 2394 2846
0 4678 1360 4781
0 0 1595 288
3 2069 66 3771
1846 2846 2859 3379
1846 4673 5532 4684
578 9263 2381 9994
2941 1181 3834 1675
4356 4260 5039 4643
6518 5631 7676 6047
7812 4678 7896 6635
8220 7939 9379 7959
5041 5631 5804 7968
2543 9030 3212 9975
6084 7131 7893 7940
1846 4684 5982 4792
2313 7672 5041 8164
6518 6047 7676 6642
7676 5182 7812 6640
3718 4826 5186 5117
578 8396 1491 9030
3718 5182 7652 5516
3930 752 8055 883
5982 2735 6139 3253
3930 883 8154 1181
2859 2846 3682 3379
398 7326 563 9698
0 7326 398 10000
578 4792 1435 5645
1491 8396 3304 9030
8654 3911 8908 7012
1595 8 7838 145
3262 739 3930 1124
2882 4792 3718 5631
2941 1675 3682 2032
8084 8661 9570 8867
3304 8164 4317 10000
9757 1546 9902 7967
3682 1675 4140 3617
870 3363 1846 4678
5584 2735 5982 4684
8449 30 9179 1638
6199 5631 6518 6083
1498 1782 1846 2356
8654 1951 9233 3832
4526 150 6582 322
6604 4504 7721 4519
5623 9192 7388 9657
4140 1675 7899 2132
4587 2735 5584 4260
6227 2132 6604 4678
2394 322 7674 739
8449 2182 8647 6116
4317 9192 5338 9771
66 3363 870 4678
1567 6341 2403 7672
9237 0 9491 6313
2882 6580 5041 7672
8154 145 8215 7472
4317 9782 6692 9991
4317 8504 5434 8856
2882 5631 5041 6580
2403 5645 2882 7672
8220 145 8449 7168
1435 4792 2882 5645
66 1782 1498 2356
6202 7968 7937 8114
1846 3617 4140 4673
3834 1204 5920 1364
6040 8747 7953 8853
6794 2132 7899 4504
7948 1364 8100 3975
9630 0 10000 1546
4317 9148 6929 9188
937 2775 1846 3363
9630 1546 9757 9034
7993 7968 9494 8194
4356 2735 4587 4260
2313 8164 3304 8396
943 782 1576 1782
3718 5129 5184 5182
1595 534 1818 1187
7906 9572 9989 9658
66 719 943 1036
0 4792 578 7326
66 1048 937 1777
9586 0 9630 7722
7674 145 8154 739
5804 6544 6028 7860
578 5645 923 6341
2394 739 2941 2032
66 2356 1846 2775
1846 3379 3682 3617
