4614 8028 7361 8123
3464 2094 9900 2223
4494 3963 5381 4006
4494 3431 6045 3963
4320 622 7845 988
9301 2764 9830 3472
6250 9205 9539 9297
3384 4031 3556 4293
7645 2792 8944 3103
5076 243 5338 293
2750 6584 3591 6888
6094 1191 6736 1362
265 9158 2195 9710
8424 4366 8942 5159
7645 3435 8069 4084
1465 9710 1485 9927
2714 8083 3313 8154
3852 450 5055 540
4915 1655 5178 1726
2034 7585 2114 8414
4385 7342 6764 7942
1948 2520 9301 2541
1041 1362 1444 4526
1041 6670 2750 6804
4568 9569 6138 9706
5836 4153 9226 4366
1985 5328 9054 5364
2796 422 3760 766
940 6888 1605 8913
4320 988 8766 1189
4391 8612 4614 8708
1453 2541 1564 6506
940 0 1004 6888
9696 4423 9709 6954
9054 5328 9226 8327
3124 5266 8942 5301
4894 8327 6947 8529
9401 453 9709 1620
392 6869 924 8168
6170 0 10000 296
4494 4035 5009 4102
3572 3431 4494 4114
2631 8154 3410 9709
3237 2802 3384 5159
3880 839 4320 1052
4385 9208 5858 9269
7142 2823 7534 3166
9416 4423 9696 7075
294 6158 392 7524
392 4001 606 5987
1985 5416 7886 5493
1605 6888 3591 7116
9946 296 9959 8581
0 1310 702 3068
192 255 202 718
8959 2541 9240 3103
1004 173 2718 847
3464 1857 6088 2094
6764 7352 7361 8028
2195 7224 2568 8259
0 4345 62 10000
1948 1473 2171 1857
9416 7081 9794 8627
6029 5525 7886 6526
3124 2541 3173 5266
9240 2541 9301 8733
4850 8773 5028 9154
2171 1473 2851 1857
8393 5364 8495 7001
9226 4153 9240 8327
3384 2823 3572 4031
3772 9850 9946 9963
8798 5364 9054 7352
1060 0 3852 153
3173 2792 7645 2802
9830 7967 9898 9669
4385 9154 5729 9207
7361 7352 7961 8229
1985 5364 8393 5416
8003 4366 8424 5124
1029 856 2428 1001
6022 331 7845 622
9830 2223 9900 7967
3772 9710 9240 9756
392 5987 816 6869
3464 2223 9830 2344
6888 2344 9301 2520
7886 5416 8361 6526
3587 8041 4385 9128
3852 563 5748 611
3173 5159 8767 5193
6699 9827 8668 9850
4894 8229 9054 8327
1959 3827 1985 5490
3959 7001 8798 7116
9301 3472 9817 4415
703 718 816 5987
2032 9963 3430 10000
3173 2541 8684 2792
4894 8733 8928 8771
2851 1473 5307 1655
1589 6483 2583 6526
7098 3431 7645 4035
1276 6804 2750 6887
1605 7116 6752 7224
1004 1362 1041 6888
0 769 350 1310
8942 4366 9226 5301
9709 453 9911 2075
3565 7238 6063 7342
9924 5398 9946 5490
1589 5525 4191 5878
3572 4302 3760 5120
702 3068 703 5001
1444 6584 2750 6670
8361 5416 8393 6526
1225 4526 1444 6589
9900 2094 9913 9710
2631 7485 3791 7780
5463 6584 6316 6926
3852 331 6022 450
9301 4423 9360 7119
62 5827 93 7056
4691 2823 6157 3195
3852 1189 6094 1362
1589 5493 7886 5525
7961 7352 8431 8002
8766 453 9220 1283
4916 5525 6029 5988
9913 453 9924 9710
8495 5364 8798 7001
9301 2344 9830 2764
1589 6001 2099 6468
4385 7942 6764 8028
4894 8123 7361 8229
7477 1620 9709 1857
6045 3431 7098 4035
7845 453 8766 988
6157 2823 7142 3431
5355 8773 6250 9149
23 3068 265 4345
3768 4337 5645 4358
3852 296 9946 331
1444 1362 7477 1396
3591 6896 4472 7001
7549 9322 8650 9569
3515 7804 4328 8041
3864 9302 4429 9580
5270 4201 5836 4253
1444 1396 1948 2541
7845 331 9924 453
3591 7001 3959 7116
1953 2214 3464 2275
6088 1857 9709 2094
2916 5301 9226 5328
2300 2541 2916 5314
8814 3103 9226 4132
3384 2802 7645 2823
8691 2548 8959 2792
7 4058 23 4345
3744 9710 3772 9943
1444 6526 7017 6584
2916 2541 3124 5301
1948 1396 7477 1473
7477 1362 9401 1620
3572 4114 8814 4153
3852 0 6170 243
5307 1473 7477 1655
8894 8960 9087 9203
265 8913 1605 9158
4690 8123 4894 8582
1591 2541 1947 5284
7886 7145 8659 7352
3464 2344 6888 2520
1985 2541 2260 5273
3173 5193 8942 5266
3173 2802 3237 5159
816 0 940 6869
3768 4358 4602 5011
7017 6526 8393 7001
