8789 1184 9601 1560
5920 8966 9356 9060
4305 5735 7819 6006
7110 2505 7210 3848
7536 9060 9356 9279
7115 9279 8135 9606
326 3901 791 6301
2269 724 5679 742
8204 2594 8425 2667
7096 9060 7536 9261
3823 203 4724 440
8425 4693 8796 5406
9489 5685 9558 6768
9682 1124 9735 9907
3069 4251 3462 6396
7186 8744 9356 8966
7110 1345 7819 2505
7819 4388 8424 5332
4431 9617 9571 9710
4952 1415 5692 2298
6703 7258 8265 7451
6045 2617 6215 3451
2109 3901 3642 4066
7819 5344 7925 6511
392 9846 1497 9907
2194 3424 2821 3881
2269 1124 9682 1184
9735 1124 9867 9907
6037 1763 6476 2617
9571 4465 9682 9710
6476 1763 6815 1895
1203 184 5687 197
870 2770 1555 3108
2347 1359 2750 2011
7819 1345 8789 1560
2109 6141 2868 6395
7134 8480 9352 8736
3462 4675 6467 5090
6467 5600 7703 5735
464 6301 497 7908
120 9907 4126 9987
1881 1359 1890 3235
5555 8063 8073 8231
3955 7451 5295 7999
1179 8942 5108 8995
214 82 267 1861
120 9987 10000 9994
4126 9907 9867 9987
3462 5090 4305 6396
267 1184 326 6301
267 184 1203 724
870 9268 4971 9616
120 7912 392 9907
6467 4366 7108 4541
8425 5406 9489 6544
5295 7451 6076 7848
1890 1359 2219 3235
1497 9710 9682 9907
9097 2065 9109 2761
5443 6653 9489 6876
2144 6866 3069 7151
5920 8480 7066 8950
3796 6638 9443 6653
6215 2617 6476 3674
6838 1415 7110 3674
4114 2374 4546 3002
1892 4765 2109 6866
870 5817 1892 6866
8457 4051 9224 4465
1179 8378 5920 8536
2347 2145 2696 2937
267 82 4415 184
3084 3316 3638 3901
2269 937 8346 1124
3369 6506 3796 6547
3462 4251 6467 4675
791 4765 870 9710
9867 82 9976 1553
1228 8536 5839 8863
2868 4251 3038 4294
4647 6653 5443 7125
5692 3904 7090 4238
2269 742 5687 937
1179 7248 2134 7636
326 2770 870 3901
120 9994 10000 10000
2109 6395 3069 6866
0 0 10000 82
392 8510 790 9789
267 724 2269 1184
6701 9334 7112 9617
8265 7151 9276 8000
3642 3307 5139 4066
7252 2505 7816 4273
4448 1345 7110 1415
2144 7151 3933 7556
1179 6866 2144 7248
6467 4854 7499 5547
870 9617 4385 9705
8346 344 8357 1047
2219 1359 2347 2997
8073 8000 9038 8220
5687 719 8048 886
4305 6006 7819 6396
9601 1184 9671 4114
326 1359 1881 2770
326 1184 4448 1219
9356 8000 9571 9617
5574 2374 5604 3203
5738 1763 6037 3411
1881 3235 5139 3307
4305 5090 6467 5735
3796 6396 7819 6544
5687 82 8138 529
5692 1415 6838 1763
791 9757 1432 9846
870 4765 1892 5817
2326 2997 2348 3124
2109 4683 2844 6141
4044 1219 4448 2374
267 6301 392 7912
8004 5344 8336 6335
9224 1560 9578 3286
3796 6544 9489 6638
105 2060 120 9091
870 9060 4920 9262
46 2741 93 8965
4448 1184 8789 1345
4415 82 5677 184
5920 8231 9356 8480
1203 197 3823 724
791 3901 2109 4765
5139 3235 5574 4066
875 6866 1179 8084
6215 3674 7110 3904
326 1219 4044 1359
2868 4066 5574 4251
7819 1560 9205 2041
9867 5181 10000 9987
7406 6876 7759 7047
