4824 12 6292 384
2275 2111 2471 7197
3662 1450 8708 1572
574 858 766 2055
2191 8137 3614 8559
946 9527 7914 9583
3662 1572 6695 1884
1500 8880 1814 9527
3354 2561 4151 3948
1814 9366 7774 9527
1022 7935 1246 8973
8862 3207 9301 3794
5931 4288 7774 4746
4151 2561 4629 3034
3354 3948 4772 4917
53 8767 943 9627
1814 6782 2275 7439
2191 7439 7774 7616
5116 9719 10000 9915
104 858 547 1478
6153 858 8708 1403
766 1489 3318 2111
401 8359 946 8403
1384 3096 2069 5147
7774 1572 8708 2384
7774 2384 8406 3812
53 9627 8397 9698
104 2148 2253 2639
1293 2111 2252 2139
3642 8234 4019 9366
53 384 104 8767
8708 858 8862 3812
4019 8250 4893 8531
1500 6782 1814 8880
6072 9915 10000 10000
1571 5813 1737 6204
4019 8805 7774 9366
4772 4140 5931 4917
2539 2178 5801 2290
3662 1403 8708 1450
1328 7014 1500 9145
4019 8531 7774 8805
1737 5813 2275 6375
7677 641 8598 852
104 750 7677 858
5085 9814 5116 9915
6852 6279 7134 7150
3542 2296 3838 2561
5931 1884 6695 3257
4891 2290 5510 4106
8397 3812 8705 6476
3318 1908 5931 2111
9831 1132 9901 5649
5931 3257 6695 4288
3354 5397 7774 5663
2565 6676 4808 7264
3326 867 3662 1302
7113 2058 7774 4288
104 2639 496 5813
5150 8097 6495 8495
2575 2356 2614 2994
3959 858 6153 1289
4151 3306 4681 3760
9303 7649 9484 8418
3354 4917 5931 5397
496 2639 1220 4252
9303 8569 9970 8927
8397 7670 9225 9197
946 6375 2275 6782
3662 1884 5760 1908
496 5176 1905 5528
2544 4547 2565 7256
8862 265 10000 1132
946 9583 8397 9627
8862 1132 9831 2640
766 866 3214 1489
104 641 7677 750
1857 7533 2191 8048
6695 2058 7113 4288
9312 2640 9737 2956
7914 4428 8391 7121
7774 3812 7914 9527
3642 7616 5064 8234
5510 2290 5931 4140
3354 5995 5556 6676
8862 2640 9308 3185
8406 2384 8708 3812
8705 3812 9260 5276
3845 5834 4836 5995
5931 4746 7774 5397
6695 1572 7774 2058
0 9915 6072 10000
5064 7616 7774 8097
8397 6476 9809 7642
0 384 53 9915
2191 7616 3642 8137
53 9698 8313 9719
3125 3450 3147 4637
104 384 8862 641
3168 2561 3354 6515
5556 5663 7774 6279
