323 4910 1356 5157
8923 6714 9246 9085
4609 9085 9246 9221
2606 3319 2964 5436
4413 3898 4585 8413
5633 3942 5937 4324
4588 3135 6312 3715
5038 6963 6515 7041
7978 1921 9192 2224
2964 2558 3065 6672
3676 4702 3904 6555
3426 2558 10000 2795
9405 5231 9546 5920
4609 4324 6286 5011
1926 9190 1988 9482
3426 4702 3676 8760
3676 6691 3743 8018
7011 5366 8608 6388
7869 8614 8758 9060
8479 6714 8923 8614
2519 9178 4010 9605
9246 6931 9343 8650
903 847 1318 4847
1717 8760 4609 8798
4622 6543 5036 6859
7011 6388 9246 6714
5431 7041 8479 7667
1717 8798 4596 8830
151 0 4903 158
1445 2558 2964 3319
9343 6462 9382 6827
5528 9915 6297 9962
3162 3684 3426 4210
5036 5377 6472 6963
114 607 2204 781
7381 8233 7646 8292
5095 9701 6245 9874
6321 9221 7412 9493
217 5185 1209 5253
7373 8292 7500 8781
3329 9628 8529 9692
2691 5436 2964 6672
217 9178 1926 9692
958 5272 1254 8070
217 9826 2564 9828
2223 873 3693 1891
1593 3319 1717 8830
4903 105 5894 418
7869 7667 8479 8614
7077 6714 7279 7027
5383 2425 9556 2557
4609 5020 7008 5297
6288 3825 6700 4990
7423 3116 9049 3371
5894 795 7679 1919
4781 7041 5431 8183
2223 607 3596 785
7681 105 9116 1237
5431 7667 7869 8183
0 158 4903 418
0 418 4613 607
1717 6672 2659 8760
5894 105 7680 791
9389 528 9913 908
4903 0 10000 105
7412 9221 9243 9628
5383 418 5549 2425
9552 8442 9616 9083
4610 7041 4781 8623
9907 2795 9994 9612
1445 1372 2135 2558
1717 3319 2606 4625
4613 418 5383 2558
4135 3101 4413 6009
1593 8830 4609 9178
3925 2795 4135 6009
217 781 772 2950
1356 781 1445 9178
7423 3371 9822 3822
7646 8183 7869 9085
6749 1921 7978 2221
5549 418 5894 1921
0 607 114 10000
6297 9692 8775 10000
6734 4266 8877 4610
3925 6009 4412 7884
3426 2795 3925 4702
3727 873 4386 1847
2659 6672 2904 8273
8775 9692 10000 10000
114 781 217 10000
217 5272 957 9103
6515 5297 7011 6714
1717 4625 2606 5436
2633 5436 2691 6672
3065 5694 3066 6018
1445 3319 1593 9178
4135 2813 9812 3101
2223 1995 3688 2553
1717 5436 2633 6672
