3864 2572 4476 3020
3479 6194 3754 8247
8942 9069 9818 9527
1677 455 1970 1306
7107 1762 7208 2271
803 4220 960 6918
8594 1175 8654 3369
41 8735 3035 9385
8668 1019 8674 7441
611 3443 4768 3556
4624 5869 4745 7990
1974 728 4085 1274
1130 8001 2647 8237
41 1637 4530 2130
0 9385 935 10000
6249 6267 7070 6572
3864 2130 4530 2572
4096 5869 4624 7093
611 3556 2367 4220
4768 389 5322 2070
960 5252 1129 7611
4745 5869 5025 8711
2367 3556 4768 4220
6574 4636 8331 5587
240 3443 611 7296
0 0 41 9385
719 4220 781 8217
234 3227 4768 3443
6574 1274 7080 4335
935 9385 3479 10000
611 8266 3016 8735
7935 1446 8461 4453
5278 2344 5531 8575
4768 2198 6574 2344
1161 5776 1695 6802
4745 8711 10000 9069
3035 7904 3458 8935
1695 5252 5025 5869
8674 4196 9405 5437
5447 9587 7327 9769
1677 186 5714 389
960 4220 3235 5252
3754 6194 4096 7093
110 3022 234 6569
185 186 1677 1509
9675 186 9872 2908
9699 4269 9979 8674
2011 5947 3056 6194
7487 1199 7778 4056
1974 389 4422 700
5510 389 5714 1498
5531 6863 8326 7830
8668 8468 9670 8711
5025 5252 5278 8711
8685 186 8932 3703
3754 7093 4624 7990
3479 9769 10000 10000
4530 389 4768 3227
7345 1019 7479 1527
9020 2821 9379 4029
3487 8247 3754 9567
5447 9069 8942 9586
3754 9069 5447 9769
9498 2821 9664 8178
8932 186 9675 2821
7308 973 8353 1019
9686 3342 9991 3631
5714 1019 6574 2198
7290 5587 8331 6362
1677 1306 4530 1637
41 7 3728 186
1130 7904 2794 8000
3754 7990 4623 8750
6036 229 8245 478
4768 2344 5278 4220
1695 6194 3479 7904
3235 4220 5278 5252
7358 2381 7487 4636
7557 9586 10000 9769
745 2130 3864 2971
5557 5702 5629 6825
5531 8489 8668 8711
234 3121 3211 3227
8674 5465 8859 6436
8674 6801 9489 8372
6144 2344 6565 5423
8331 4636 8594 8489
