6322 3345 7273 4015
8081 1776 9175 3049
2630 8322 3944 8585
4700 4154 5635 4617
2354 464 2600 2794
5239 5207 7382 6996
6594 458 7249 1139
237 6961 931 7185
3514 464 4386 2712
927 78 2295 1059
253 0 480 5159
1930 1059 2295 10000
9538 0 9581 8818
2295 9590 6580 9940
7919 3049 9175 4201
480 0 9538 78
7486 78 7919 4201
5261 1139 7249 2240
4700 6147 5203 6863
4006 9168 8672 9358
40 0 209 6522
1027 8813 1898 9988
5261 2240 6168 3345
2295 87 4298 464
4386 838 6594 1139
4006 7838 7367 8800
7382 7397 9538 8818
4006 8818 9744 9168
2600 4015 3781 5534
6594 78 7273 458
7382 6557 9538 7397
1784 7015 1930 7520
7919 78 8578 1776
480 78 909 6961
4023 6996 7382 7835
4700 5092 9175 5207
909 78 927 6961
931 8363 1733 8376
7382 5207 8949 5878
2295 9300 4006 9547
9581 0 9729 6611
927 3400 1574 5414
4386 1139 5261 3345
2600 464 3514 2712
2630 5534 3329 6503
6168 2240 7249 3345
4700 4687 7224 4899
2600 2712 4386 3116
9175 4339 9501 6557
209 8813 1027 9963
9744 0 10000 10000
7944 2253 8081 2320
7486 4201 9175 5092
2600 3116 4386 3345
7273 78 7486 5092
8578 78 9538 1776
3781 4015 4700 5534
4290 5534 4402 6583
2295 5534 2630 9300
2295 9547 8872 9552
4700 4905 6832 5088
7249 458 7267 2400
2600 3345 6322 4015
4505 169 4947 838
