9583 1819 9663 5000
8755 3240 8820 8005
8935 1762 9233 5726
2471 2372 5841 2839
3109 8294 3530 9837
3530 8294 4743 8961
8469 1762 8832 2959
992 8281 1807 8880
0 0 108 9837
7977 6022 8724 7597
4560 4282 4743 8294
7999 3558 8257 6022
1455 2092 1732 2610
5323 7372 6364 8524
9378 1762 9509 7785
4743 5210 4987 10000
6096 5364 6337 6369
880 53 1211 120
6364 6903 7044 8524
1054 5232 1771 8226
2471 1174 8350 1242
5858 8524 8079 8847
2471 1762 5841 2372
108 2341 1455 3782
5323 7227 6364 7372
6111 3142 6364 4729
2747 3768 3107 9837
3301 0 3654 1062
7044 6022 7977 7597
3107 3768 5323 4282
4987 9226 9880 9335
7527 3558 7999 6022
8838 2144 8903 5807
5323 2839 5841 7227
729 3782 925 8841
6208 0 7919 1174
8724 3351 8753 7899
5841 1762 6096 7227
135 3782 729 6923
2471 1365 6828 1762
5632 0 6208 1069
2471 3164 3513 3768
3316 4282 4560 5914
0 9837 2102 9938
8257 3558 8724 6022
108 120 1455 2341
8164 1762 8469 3240
3530 8961 4743 10000
4987 9343 9995 9974
9530 1174 9583 6700
1778 3380 1949 7267
7193 3240 8724 3558
7174 3664 7527 5285
3316 5914 4560 7236
1455 29 1935 1966
2471 3768 2747 9837
6364 1762 7193 3558
2261 1174 2471 9837
7193 1762 8164 3240
7919 0 10000 1174
4835 4539 5323 5210
1982 1174 2261 9787
4987 5210 5287 8327
3107 4282 3316 8294
7044 7597 7787 8448
6364 3558 7044 6903
3316 7236 4560 8294
5323 8938 9368 9200
