6432 8683 8040 9819
38 0 154 8188
9297 9599 9856 10000
7751 1556 8097 4903
2209 1036 2656 1922
496 9212 2668 9819
3117 3590 3953 4770
5296 6583 8648 6733
531 882 1292 3051
190 509 6805 882
1646 8846 3201 9212
5492 5522 7968 6223
531 5560 5296 6043
3664 882 6805 1406
2656 4841 5296 5098
154 323 6505 509
379 0 5505 289
9732 2873 9856 8683
8097 1556 8672 2292
5296 2544 6204 4903
2656 1406 3117 4841
3117 2544 4405 3590
2105 882 2199 5560
9203 1460 9843 2873
496 7288 1646 9212
5296 8586 9203 8683
3201 8846 5296 9819
5818 4903 6183 5488
9066 387 9178 1063
531 6043 2441 6567
1903 882 2105 4929
9217 2873 9653 5043
230 3606 531 3819
6907 449 8753 1556
5296 8683 6432 9819
1345 882 1896 3534
3195 7288 3337 8137
3117 2389 6805 2544
4405 2544 5296 4841
9203 5227 9659 8675
6183 5236 9066 5522
2668 9694 3149 9819
4672 7464 5091 8846
6805 1556 7751 4503
3465 882 3664 1320
6204 2544 6805 4503
7488 6743 8694 7994
496 7163 5167 7287
6204 4503 7751 4903
180 6708 496 9813
154 509 190 6585
7968 5522 9053 6572
496 6645 5185 7146
2199 5098 5296 5560
8802 317 9032 4450
9662 2873 9732 8223
3117 1406 6805 2389
8040 9599 9297 10000
8895 7067 9199 7264
5296 8106 8895 8586
531 3649 1888 5542
9856 0 10000 10000
5296 6750 7054 8106
8040 8979 9781 9599
6183 4903 8802 5236
154 9819 8040 10000
