6027 6296 8146 6660
1068 3249 1205 3536
2382 1652 3033 3020
3086 8332 3197 9492
9736 878 9767 9124
649 3002 667 4569
8146 5926 8954 6988
1452 6033 6027 6243
8032 9061 9203 9601
2547 4627 3488 4693
1245 6033 1452 9199
2586 6243 3197 8094
4541 0 4885 825
3197 7261 3391 9488
937 2380 1666 2804
3197 6988 9464 7261
5402 5794 7695 5849
7515 7731 7863 8453
3020 205 4407 803
2203 8094 3197 8332
667 574 3020 809
107 5663 7613 5681
2203 8332 2858 9199
7108 8607 9203 8931
9464 5784 9570 7261
3086 9492 5972 9601
4728 5511 9570 5607
520 5230 4071 5523
520 5532 3466 5607
3049 887 3680 1027
9692 5305 9736 7731
1152 205 1266 562
520 4815 3759 5003
9203 7731 9321 9896
5124 878 5288 2314
6634 2426 6705 2989
3392 7261 9570 7350
5682 44 7660 878
5570 6366 6027 6627
5293 1890 7263 2331
5293 1502 7710 1890
7015 4647 8518 5240
3045 1641 3820 2997
1452 8094 2203 9199
937 1391 4728 1641
1266 208 3017 574
4539 7805 4565 8059
2382 3020 3826 3893
408 1233 520 1840
6027 6660 8146 6686
9430 4391 9548 4847
4728 4647 6021 5511
250 5934 7007 5949
584 318 661 2703
7108 8931 9203 9061
1456 9199 2159 9544
7298 7350 9570 7731
3392 7350 7108 7567
9321 8238 9736 9124
855 9601 917 9895
667 887 937 4627
8519 4263 9100 5374
9321 9124 9901 9896
937 1641 2382 2380
7026 2331 9554 3638
3826 1641 4056 4867
4728 4263 8519 4647
142 5684 250 6648
6027 6033 8146 6296
8954 5926 9464 6988
0 0 107 9907
520 5101 2894 5230
5072 8059 5972 9491
5124 2844 5831 3682
4885 0 5124 1391
4149 868 4448 909
107 9896 10000 10000
538 5684 896 5906
2196 3893 2299 4126
520 0 4431 200
9321 7731 9736 8238
9767 878 9901 9124
999 6033 1245 8102
917 9601 9203 9755
9901 0 10000 9896
7075 3658 9322 3822
4728 1391 5124 4263
937 2804 1666 3249
6835 8318 7108 9027
5972 9061 8032 9601
2858 8332 3086 9601
6021 4647 7015 5374
9100 4263 9430 5511
7768 1890 9054 2169
283 6691 696 9594
9570 2424 9729 5305
6634 3878 9412 3949
1522 6243 2586 8094
935 5701 9254 5784
4080 1641 4728 5605
6021 5374 9100 5511
2789 5976 4820 6033
9570 5305 9692 7731
667 809 4149 887
1452 6243 1522 8094
1106 5796 1901 5868
5124 3949 9430 4263
5124 2331 6634 2844
3454 8059 5014 9438
917 9755 9203 9896
935 5872 5737 5926
7108 7350 7298 8607
3197 6686 8146 6988
9254 1894 9722 2331
520 5607 9570 5663
1666 2380 2366 3246
520 205 571 2632
