6530 2999 6783 4978
1097 7100 3978 7251
1097 8250 2275 8615
6290 354 6457 2153
1753 0 6922 147
6138 6816 6845 7189
1097 889 1106 6306
911 2464 1069 2852
7290 2978 7706 4731
1184 5957 4960 6306
1184 511 1753 1576
8895 3567 9472 5279
4492 8036 4909 8660
9872 769 10000 10000
1097 7713 4909 8036
1495 2652 2376 4123
4045 147 4162 3178
0 0 1753 182
1097 6645 3978 6868
63 182 294 2927
1106 511 1184 6306
8591 8210 9220 9806
1097 6868 3978 7100
3455 4722 4960 5957
63 9972 9532 10000
6548 8539 7419 9425
911 9364 2290 9806
3325 349 4037 3113
5947 2999 6516 3730
9220 7870 9443 9709
1246 1576 1495 3377
1097 6462 8895 6645
63 2927 144 9806
2113 6306 4566 6368
1097 7560 6138 7713
522 3759 893 6268
6922 4757 8254 5790
63 9806 9220 9971
2290 8036 2520 9806
8360 5963 8893 6457
4909 9121 6548 9425
4164 444 4383 2678
0 182 63 10000
7419 8579 7808 9324
9472 3567 9532 7713
2520 8036 4492 9087
3455 3974 3972 4722
192 4933 494 5649
6263 4722 6449 4899
4909 8210 8591 8539
3972 4115 5639 4346
7106 769 7312 1413
3978 6645 6138 7251
294 182 1753 511
6867 147 6922 2278
144 3759 192 9806
1495 5052 2281 5597
7707 769 8360 4757
8649 769 9710 1612
4542 147 5873 1386
6594 7833 8635 8210
1495 4123 2376 5052
1097 7251 6138 7560
63 9971 5994 9972
192 3759 513 4900
2376 2652 3125 5281
4909 8539 6548 9121
294 889 896 2927
6138 7226 9472 7713
4594 8660 4833 9084
3972 4465 5495 4611
896 889 911 6066
294 511 1106 889
4960 5683 6922 6462
3325 3974 3455 5957
8360 3567 8895 5963
2376 5281 3125 5957
192 6390 405 8261
1753 349 2073 1344
144 2927 896 3759
911 2852 1097 9364
8895 5279 9472 7226
7524 1310 7707 1743
6922 0 7085 4757
4909 9425 8591 9619
8372 2843 8592 3567
7085 140 8584 769
3325 3199 4535 3974
2520 9619 6909 9806
3125 2652 3325 5957
9726 769 9872 10000
1753 147 3793 346
2520 9087 4371 9432
9532 3567 9726 10000
7085 2978 7290 4647
1495 1576 3325 2652
4960 4722 6263 5683
