2207 9760 9291 9805
2234 5210 2662 6634
6305 7695 6754 7843
7271 1219 7468 2774
2753 4292 7322 4395
6787 7456 7426 7977
6265 404 7771 1128
3987 4399 5559 4864
570 5672 777 6756
2207 8566 3663 8974
1776 5724 1934 9880
4245 2093 6538 2336
237 8064 904 8577
1951 4072 2164 5210
5961 2880 7251 3788
25 9880 9387 9905
120 8577 1024 9684
3096 7456 5074 7574
2090 5210 2234 7413
3663 8270 5292 8399
9417 8821 9483 9425
2753 4395 7322 4399
3534 252 9334 378
5833 9526 9291 9646
1609 4400 1951 5129
9206 5922 9246 9359
5385 7224 7525 7297
2164 4118 8344 4292
7322 4292 7699 5898
9968 4391 10000 10000
3632 6977 5143 7058
4763 4864 5164 6020
4245 1523 5875 2021
6758 8088 9023 8207
9461 1670 9509 1896
2207 8974 2669 9646
4780 404 6265 520
1934 8048 7723 8087
5888 1241 7215 1304
2077 1219 7271 1241
1317 5210 1934 5724
8217 7899 9206 8088
8580 6520 9206 7484
5292 8088 5389 8255
237 2267 453 7991
1634 5725 1776 6275
3663 8399 5629 9148
1684 488 3098 968
3632 7303 8217 7405
8084 2913 8336 4068
637 1128 9347 1216
2077 1523 2140 3795
36 0 120 6462
5559 4562 7322 5183
2662 4292 2753 6634
8580 7484 9206 7899
5629 8212 5819 9039
9615 252 9899 4391
911 4860 1317 5137
9417 1128 9461 4391
2603 2078 4059 2336
5559 5922 6680 6520
1934 7594 3990 7926
9417 4391 9968 5376
6451 97 7588 252
120 0 453 2267
2164 4072 8344 4118
9502 5376 9775 5699
5559 6520 5791 7197
3096 6020 3632 7405
7964 6520 8211 6773
2077 1258 5424 1315
3400 4779 3987 4832
637 107 1684 1128
3663 9148 4300 9307
2140 2428 2522 3795
1934 8088 5292 8270
570 0 637 2813
1934 9805 9291 9852
3196 968 4529 1123
3098 404 4780 968
2005 8270 2207 8410
5629 8088 6713 8205
3632 6020 5164 6977
7252 1241 7271 2774
0 9905 9968 10000
1317 2813 1480 5210
8217 6520 8580 7899
1365 7626 1389 9239
120 2267 237 8577
6950 388 8213 401
1934 9852 9291 9880
1845 1385 2065 1542
5559 5398 7322 5922
1147 6275 1301 8560
7746 8212 7976 8817
1024 8577 1301 9684
9511 4122 9601 4391
2234 6634 2753 7594
637 1250 1328 2807
3499 3226 5956 3820
1684 378 6950 404
2603 2336 7252 2428
5888 1306 6901 1833
3663 9374 9291 9526
3154 4864 4648 4979
8462 3712 9126 4165
9347 1128 9417 9425
2207 9679 9291 9760
3604 1659 4217 1772
237 7991 839 8064
5819 9034 9206 9042
1684 404 3098 488
5974 9014 8663 9034
4 0 25 3394
4396 4999 4763 5972
9347 9425 9387 9880
2140 1523 2603 2428
2522 3830 5961 4072
3990 7594 6305 7980
2343 4292 2596 4841
2607 3517 3274 3830
8576 4265 8672 5886
2669 8974 3663 9526
9387 9449 9477 9750
5961 3788 8084 4072
5559 5183 7322 5398
2753 4399 3096 6516
9334 252 9615 1128
570 2813 805 5328
904 5724 1147 8570
7741 4292 8321 5217
2207 9646 9291 9679
3663 9359 9246 9374
453 0 570 7991
843 2813 870 7952
2753 6516 3043 7592
7468 1902 7599 2708
7771 650 9270 986
637 6 3534 107
6680 6374 8859 6520
1934 7980 5719 8047
5559 4449 7247 4562
9899 6 9948 3469
8344 2800 8462 5922
9246 1219 9291 9374
9775 5376 9968 8821
4780 520 6265 1128
2153 3795 2318 4064
5164 4864 5385 7303
1480 1388 1840 2887
1976 107 2035 322
2522 2428 7252 2774
1301 6728 1600 7019
5629 9042 9206 9359
2522 2774 5881 2903
3096 7405 8217 7456
2522 3019 5730 3224
9453 5730 9491 6139
5385 4864 5559 7224
637 0 10000 6
7978 6773 8217 7303
7648 2789 9199 2800
6791 8212 7648 8932
9291 1216 9347 9880
1480 2887 2077 4072
2669 9526 5833 9646
2077 1216 9291 1219
120 9684 1301 9880
2077 1315 5888 1523
7648 2800 8064 3766
9483 8821 9967 9757
2207 8270 3663 8566
