3702 3962 4101 6411
8099 3436 8145 8097
4061 1833 5679 2462
2598 6376 2707 7890
5791 6369 6291 8172
0 5320 330 10000
7481 8324 8088 8342
2369 9739 4180 9750
3212 3962 3271 6384
5590 2634 6263 2737
804 9895 6947 9906
358 3530 1143 4984
2048 9435 3548 9512
736 3059 6662 3325
2590 213 6107 222
868 4984 1143 6376
2031 6432 2598 8026
4061 747 6925 1096
3212 6500 4222 7248
4101 3962 4296 4500
9688 4931 9819 5809
2513 8026 3854 8235
292 222 7188 273
1754 9054 2048 9505
4553 8901 9120 8946
1556 1311 1676 1948
0 3868 292 5320
736 273 810 3059
2383 2902 4226 2968
1354 7046 2031 7236
0 96 292 3868
1388 1311 1556 2902
1500 8274 3009 9034
4061 416 9688 500
8145 6521 8519 8172
9199 0 9934 222
2598 7890 5314 7934
358 4984 868 6432
1556 2572 3198 2893
7987 500 8820 1754
8820 500 8989 2902
8348 3104 8419 4476
8566 1833 8820 2413
4101 4791 4909 5336
9158 7390 9543 9856
6291 4327 6533 8172
1676 1311 3359 1948
5913 3829 6058 4130
6925 747 7561 1754
4101 5336 4909 5663
3212 7248 5314 7890
8519 6521 9042 8172
7917 6172 8089 7363
330 3436 358 9741
1474 3829 2588 6015
804 9856 3965 9885
5552 2462 6316 2633
2436 799 3359 1311
6174 536 7987 747
5679 1833 7404 2462
1556 2171 4061 2462
2707 3962 2950 4380
9543 2628 9597 9856
1079 273 3651 416
9042 500 9688 2628
7188 222 9871 416
7404 2413 8318 2707
2041 3583 4172 3793
2598 7934 2801 8019
8420 5837 8601 6302
7561 747 7987 1754
3854 7934 5791 8274
804 9708 3833 9739
1448 2988 3830 3044
5314 5663 5692 7934
4296 4327 6291 4500
4296 3962 5913 4327
2707 3829 5913 3962
5692 5663 5713 6750
9158 4927 9543 7390
5920 5592 6291 6369
1143 6207 1844 6344
358 6432 984 7613
3519 3962 3701 5323
8348 4476 8420 6521
6909 3870 7456 4162
358 3436 8099 3530
884 2117 1388 2988
5791 8594 7228 8835
810 273 884 3059
2048 9054 3832 9420
3000 3962 3212 7890
8420 2988 8583 5813
8145 3059 8348 6521
6533 5934 6790 8137
5791 8172 7481 8594
804 8274 1500 9512
907 273 1079 2117
1079 416 1388 2117
4061 500 6174 747
3359 416 3759 1948
4273 1754 8820 1833
2880 4386 3000 7093
8621 5018 8973 5976
3833 8875 4553 9738
3651 273 7188 416
4273 1096 6925 1494
4061 1096 4273 1833
4222 6969 4908 7135
330 804 736 3436
6174 500 7987 536
884 273 907 2117
1388 799 2436 1311
750 8274 804 9467
9597 2628 9688 9856
4101 5663 4962 6500
4962 5663 5302 6383
4909 4791 5215 5594
4955 8274 5605 8727
292 804 330 5320
8989 500 9042 6521
1388 416 3359 799
9042 2628 9543 4927
7404 2762 8763 2895
1143 3793 1423 6207
1423 3793 8099 3829
4101 4500 5791 4791
3759 416 4061 2171
1556 1948 3759 2171
3834 8274 4955 8875
868 6376 2596 6432
9688 5809 9766 10000
9766 5809 9871 10000
0 0 9199 96
804 9512 3833 9708
7456 3829 8087 4614
9934 0 10000 10000
4273 1494 6925 1754
7404 1833 8566 2413
9047 4927 9158 6676
292 273 736 804
9871 222 9934 10000
