341 0 1918 583
2126 6703 3633 8241
1122 8241 5689 8813
919 6703 1122 9812
9205 389 9423 3361
382 1614 626 9322
6995 3554 8936 4266
630 3460 919 7604
3633 7948 5689 8241
8936 3554 9423 5380
1122 6703 2126 8241
9599 389 9761 10000
3576 229 8969 389
1122 9660 7169 9692
3793 1291 7626 1451
8258 5506 8486 9649
5899 389 6856 1141
9761 389 9946 7958
2991 2778 8075 3019
9423 389 9599 8834
5689 3361 9423 3554
8486 5506 9423 8598
3498 9775 5103 9809
0 5774 224 7450
629 2491 9195 2774
2554 2774 2843 6620
6287 7825 7774 7901
629 1846 8971 2373
919 2964 2369 6703
1126 8813 3303 9593
1518 9812 2291 9944
5689 3554 6995 4266
4872 6681 5689 7948
307 1291 382 9624
3303 8813 8255 9660
1122 9726 2679 9767
5856 5393 6261 6370
1918 389 5899 669
8183 2790 9205 3012
7626 389 9171 1496
8486 8834 9599 9812
3518 3019 3633 6695
6303 5983 6394 6612
2848 3019 3516 6684
3677 4039 4872 7842
4872 4534 5658 6681
8255 5380 9423 5506
629 1569 4506 1669
8486 8598 9423 8834
286 669 5714 1286
5689 6612 8255 7825
0 882 279 4812
5689 3150 6892 3361
7124 4266 7239 4780
