2417 8196 4486 8384
8762 3220 8816 3496
4872 1404 6329 1751
1738 2377 1771 5061
1586 232 1625 8524
1771 2787 6679 3422
7031 232 7954 3500
2417 6193 6761 6241
8073 2871 8833 3178
4145 1751 6679 2016
343 9555 2043 9944
1771 2377 4145 2787
7718 9614 9871 9865
9744 1873 9871 2580
4716 9865 6728 9942
30 0 260 8706
7954 232 8073 3178
7421 7774 8879 9041
7026 5823 9166 6011
425 6997 576 9190
2699 4224 2841 4865
6679 411 6998 4651
343 9944 10000 10000
2580 1351 4145 1968
2496 8527 4367 8710
1777 710 2504 2377
2417 7413 2971 8167
3153 7413 5151 8195
5278 9614 7718 9865
4716 9431 5278 9865
4921 8196 5141 9004
9556 2580 9871 9431
624 7080 832 9555
2043 9555 4716 9670
6691 7774 7421 9041
2448 6730 7330 6789
2978 9040 3861 9117
9871 1597 10000 9944
9317 5741 9556 9431
1625 6028 3820 6135
3933 7333 6640 7381
2841 4411 4833 5097
4266 411 4649 1326
2504 245 6498 411
8816 3178 9178 5823
1586 0 8073 232
624 0 1586 2396
9299 1597 9317 9024
7031 3500 8553 3883
1771 3422 6679 4224
1350 2396 1586 8527
7026 232 7031 5823
624 2396 1350 7080
7580 6692 9299 7004
1625 5491 5470 5828
2504 411 4266 552
2043 9670 4716 9944
6691 6789 7580 7774
3082 4224 6518 4389
5278 9442 8361 9614
832 8527 2496 9431
1625 232 1726 4931
1634 6991 2416 8059
7580 7004 8879 7774
2417 6321 7813 6692
2417 6789 6587 7296
4145 552 4266 1751
832 9431 4716 9555
5754 7456 6691 8017
7760 6253 9223 6301
1625 6193 2407 6991
9317 2849 9490 5741
5153 9041 9257 9163
343 0 624 6997
8879 7004 9180 8562
4959 4696 6515 5123
2496 9165 7773 9385
8073 0 10000 1597
1625 8410 4794 8527
832 7080 1350 8527
3743 9402 3965 9431
1625 5123 7026 5491
9178 1597 9299 6193
4266 1370 4839 1734
4145 2016 6679 2787
265 50 343 6271
