1201 151 2087 883
249 7672 2119 8396
8066 9034 9132 9581
4207 3343 4850 3857
2119 7672 2313 9941
0 151 177 3770
1085 1545 6793 1647
6793 1782 6995 2156
738 5452 3799 5813
9571 1635 9655 9657
8155 3914 9226 4676
2747 1877 4040 2735
9132 7940 9571 8814
4391 4678 6228 5082
4040 2200 7003 2735
7899 5740 7936 8855
7632 5740 7899 7860
1425 1647 2287 2098
434 3798 542 5068
501 151 1201 883
0 3770 414 4029
2036 2834 6604 2961
4207 4651 5705 4678
0 9941 9655 10000
1596 1447 6373 1545
4850 3974 5533 4357
7003 5287 7279 7126
7632 5327 8030 5740
8897 7873 9243 7940
4150 7860 7899 8304
2313 8926 7936 9034
4150 7131 7244 7604
542 4593 2036 4875
2563 5813 2896 8855
7324 5287 7632 7686
7003 5087 8176 5256
434 5068 3799 5187
249 8396 1616 8834
3799 5257 4150 7938
5592 190 6371 883
4884 2735 5983 2809
1596 883 7003 1109
2617 3174 2866 4875
249 9107 731 9919
0 5187 249 9941
542 4875 4207 5068
3166 7938 4150 8815
8821 5087 9125 7678
0 0 5592 151
2477 1109 3930 1286
738 5187 3799 5452
2747 1647 4040 1877
9158 8814 9570 9557
4150 8304 7899 8815
9757 1604 9902 8025
2036 2961 5705 3174
542 3798 2036 4593
5705 2961 6222 4649
7949 633 9117 1638
6405 5257 6518 6533
1425 2098 2287 2329
8668 2055 9254 3914
6371 190 6885 878
6604 3388 6619 4505
5623 9465 7388 9930
4040 1647 6793 2200
4207 3857 4850 4651
6228 2961 6604 5257
2108 151 5433 841
8449 5740 8821 7834
2313 9272 5376 9465
177 1545 434 3770
249 7048 2313 7672
9254 1635 9554 6980
2896 6905 3799 7938
7177 4487 8155 4944
3428 9466 4473 9941
2563 8855 7936 8926
2896 5813 3799 6905
2313 5813 2563 8926
7936 5740 8449 7940
2036 3174 2617 4875
1085 1647 1425 3798
7936 7940 9132 8103
2866 3660 4207 4875
1596 1363 6364 1433
2896 8815 7899 8855
7003 2055 8668 3914
7203 974 7949 1506
9655 190 10000 1604
3571 9069 4877 9149
1425 2834 2036 3798
9655 1604 9757 10000
7936 8103 8925 8446
2866 3174 4850 3343
2896 7938 3166 8815
579 1781 1085 3032
3799 5068 4207 5257
1373 883 1596 1536
7906 9657 8539 9940
221 151 501 1144
249 5187 738 7048
434 1545 1085 1781
9325 521 9630 1635
6518 8 8089 190
4150 7763 7189 7860
738 5885 2105 6066
2287 1647 2747 2735
1425 2329 2287 2834
2866 3343 4207 3660
