0 1322 10000 1359
0 8997 7047 9060
0 5870 10000 5976
4547 2493 7233 2543
0 9209 10000 9279
7638 9279 8658 9606
0 5713 6701 5870
2068 716 2464 871
8352 2493 8425 2714
7147 9060 10000 9091
2923 271 3824 508
8563 5372 10000 5555
9489 6561 9850 6768
6040 5098 9702 5242
1709 6262 10000 6377
7047 8962 10000 9060
0 2188 9648 2292
0 4795 10000 4848
0 9617 10000 9666
0 1895 8486 1972
535 7450 8265 7489
5520 2765 6215 2969
0 3904 3814 3977
6387 6382 8721 6435
0 9887 10000 9904
0 3796 3371 3881
0 1099 3755 1190
0 4252 10000 4358
3364 2113 9948 2188
0 9157 10000 9209
5799 1769 6477 1835
4422 120 10000 192
0 2998 6339 3032
0 1406 4238 1468
6556 1406 10000 1547
0 6377 4258 6431
2636 8612 9088 8700
0 4554 10000 4795
6701 5713 8080 5834
0 6269 1607 6302
0 9904 10000 9937
1744 1604 1885 1724
5283 8166 9060 8278
0 7493 5207 7634
1149 8909 5078 8962
0 1256 1429 1322
0 9987 6719 10000
0 9937 10000 9987
0 5083 5259 5341
0 2561 5344 2669
0 192 1203 872
0 9461 6909 9617
0 9279 7638 9461
3634 4506 6839 4541
0 5372 8563 5555
5283 7670 6064 8067
0 3177 10000 3239
825 9733 10000 9887
756 2492 9109 2493
0 6682 9489 6790
0 7121 10000 7151
0 8461 8830 8522
6875 6582 8068 6653
0 2669 8063 2765
6574 3262 8091 3674
307 2493 4546 2557
0 6790 5442 6859
0 6549 6875 6682
6839 4464 10000 4554
0 8526 9025 8609
580 2014 2674 2146
0 87 4422 192
0 3881 10000 3904
0 1047 10000 1099
0 6546 8753 6548
0 4358 10000 4464
0 7198 9822 7239
1851 1256 9868 1276
0 8707 9791 8861
0 4251 7309 4252
5442 6790 10000 6859
3888 3904 10000 3980
0 872 10000 942
1867 7248 5396 7353
0 3032 10000 3177
6719 9987 10000 10000
0 6859 7758 6927
0 0 10000 87
0 9686 10000 9733
0 942 10000 1046
6909 9461 7638 9617
7841 7670 9950 8077
0 3465 4193 3768
6339 2765 10000 3032
4523 1359 8630 1405
0 7151 10000 7198
0 6927 10000 7065
0 4848 10000 4915
0 9666 10000 9686
614 1046 8347 1047
0 1359 4523 1406
5283 8119 9800 8166
5902 716 8496 868
0 5976 10000 6139
4634 1190 10000 1219
0 1835 10000 1895
0 1190 4634 1219
5078 8863 9812 8962
3662 2362 5575 2375
5575 2293 8253 2477
1905 3239 3303 3408
0 5555 10000 5713
0 6435 5278 6546
3824 271 6655 658
919 1470 6556 1547
10 9776 825 9846
0 4915 10000 5083
2326 2871 2348 2998
1709 6139 10000 6262
3364 2034 9363 2113
0 7806 2039 7912
0 5341 10000 5372
0 1547 10000 1604
5278 6435 10000 6546
0 9076 7031 9091
0 9091 10000 9157
0 8962 7047 8997
3755 1099 10000 1190
4422 88 8446 120
812 8290 8300 8452
1203 192 10000 271
0 3980 10000 4166
3303 3239 5661 3397
0 7248 1833 7450
3849 3793 7599 3875
0 1219 10000 1256
0 4166 7652 4242
4186 1604 9088 1740
0 7065 10000 7121
7758 6859 8817 6916
