7531 7991 8966 8463
0 1640 10000 1870
0 337 10000 439
5852 3864 10000 3968
0 5771 10000 5873
0 7593 2295 7991
448 882 3985 955
0 139 10000 172
0 5873 10000 5930
0 6904 3719 7036
0 1870 6450 1893
0 9855 9993 9967
9227 7991 9780 8166
1932 8708 2250 9239
0 2352 10000 2377
1145 4780 7356 5148
3966 2635 9923 2862
0 439 10000 544
0 5459 10000 5541
3649 9551 10000 9740
2644 2876 10000 2975
6513 6621 8014 6838
0 6610 5398 6825
0 1169 9631 1267
0 5654 10000 5771
1960 7134 4567 7300
0 6853 3543 6904
0 3864 5852 3968
8600 8708 8672 9367
0 5333 5349 5459
0 58 10000 115
0 1381 7499 1489
0 5166 9581 5304
290 1509 7658 1548
374 9551 1474 9737
0 2377 3966 2876
0 45 10000 58
2936 3968 10000 4155
5332 6904 9836 7043
1934 7991 5332 8261
5310 6239 10000 6353
0 6518 10000 6610
0 7482 10000 7593
0 6135 5310 6353
5200 3211 10000 3625
7615 5318 9709 5454
0 5541 10000 5654
0 544 9769 615
2295 7816 3702 7986
8615 7593 8846 7781
0 3968 2936 4155
4116 2169 4541 2222
0 1894 3338 2088
0 4155 10000 4258
0 9740 10000 9855
0 675 7483 842
0 1269 9787 1377
4458 5930 5310 6135
0 172 10000 337
5310 5930 10000 6239
2644 2975 10000 3165
0 7300 10000 7380
140 8708 1220 9334
0 3165 10000 3211
0 6353 10000 6518
2295 7593 8615 7816
0 5930 4458 6135
0 955 10000 1152
5028 883 9148 926
0 4258 10000 4280
398 4280 895 5082
0 3726 10000 3864
4318 1152 6512 1165
3966 2489 10000 2635
0 3625 10000 3726
5290 6838 9970 6904
0 616 9439 675
0 115 10000 139
0 2222 10000 2352
1145 4366 3418 4780
0 9499 10000 9551
4066 7816 10000 7991
0 7380 10000 7482
0 8463 8964 8708
0 3211 5200 3625
282 2876 1177 3123
0 0 10000 45
3966 2377 9957 2489
315 9336 5101 9499
3701 4280 8978 4499
5332 7043 9270 7283
0 1548 10000 1640
