0 8630 733 8663
0 6172 9069 6191
0 7347 10000 7460
0 6884 9965 7010
0 555 10000 580
0 7947 6736 7981
6242 86 6918 265
1540 4489 9624 4557
0 7161 10000 7180
6122 433 9415 527
2870 8152 5425 8235
0 1913 1444 1971
0 1263 8047 1435
1444 1913 9771 1962
6212 820 9601 1017
0 5125 10000 5157
484 9125 4367 9219
0 3644 10000 3676
0 7180 10000 7212
0 4358 10000 4379
0 6467 9754 6527
1087 743 4110 803
2303 2610 3511 2732
88 4638 7237 4685
0 1031 9311 1061
0 7212 10000 7290
0 4579 10000 4638
3271 365 8691 388
945 8853 8059 8903
7634 8152 10000 8352
0 5044 10000 5125
0 4297 6081 4348
307 3176 8631 3329
0 4827 10000 4911
0 8483 10000 8630
0 8007 5876 8152
0 5157 10000 5210
2673 3688 5266 3790
6081 4307 9016 4342
0 2436 4468 2545
4543 918 6212 927
0 9365 10000 9500
0 7546 10000 7587
8306 5442 9464 5931
0 8727 6151 8835
4468 2496 8169 2543
0 8469 10000 8483
0 7855 5696 7896
0 9879 9936 9936
0 2545 10000 2610
819 6394 8600 6451
0 4443 10000 4478
0 9500 10000 9556
3511 2610 10000 2743
3265 1450 4296 1468
0 7812 9577 7846
0 9033 6844 9034
964 5210 9751 5262
0 4271 10000 4297
0 3329 10000 3379
0 3606 8957 3623
0 9556 10000 9574
3282 2258 4343 2326
0 4242 10000 4271
0 3379 10000 3447
0 8352 10000 8469
0 4348 10000 4358
3142 281 3271 379
0 7290 6303 7347
377 2932 615 3140
0 7896 10000 7947
1465 8648 3273 8727
0 9970 10000 10000
0 2107 10000 2169
0 4478 10000 4489
0 7696 7392 7811
0 4073 9606 4167
0 6279 9721 6384
0 7010 10000 7065
6303 7290 9788 7341
0 9719 9953 9867
9133 3145 9726 3301
4683 1446 9916 1506
3271 286 8945 364
0 2169 10000 2258
0 7110 9924 7161
0 7466 10000 7501
4622 5942 8155 5966
0 3985 9054 4014
0 4210 10000 4242
3561 1793 4487 1828
4296 1661 6632 1770
0 17 4607 86
0 4379 4636 4443
0 7587 10000 7696
0 7501 10000 7546
0 1828 10000 1913
0 4911 10000 5044
0 6601 8791 6865
4343 2272 9723 2376
0 3829 9887 3866
0 1971 10000 2107
5895 5267 8299 5349
8294 9936 10000 9970
7545 7696 9645 7810
0 9938 7814 9970
0 1145 8668 1263
0 6246 9987 6279
0 8950 9932 9032
0 3447 9918 3603
0 7065 6074 7097
0 6528 6722 6590
1080 4703 8279 4827
3011 2932 7789 3043
0 3676 5349 3683
0 2743 10000 2932
342 388 2245 477
3083 3917 4076 3977
0 3623 10000 3644
4158 5345 4289 5807
2629 5267 2713 5884
0 2379 4304 2436
0 531 6038 555
5630 5420 6385 5745
1743 4562 6393 4579
4636 4379 10000 4443
7314 8630 8727 8832
0 7460 10000 7466
0 9574 8997 9683
0 9696 9535 9719
0 6191 7650 6241
0 580 8790 722
6527 9034 10000 9365
0 8911 6690 8946
0 4014 9958 4073
119 86 5358 264
0 4167 10000 4210
