0 6464 10000 6522
3753 7050 8065 7059
3554 1604 8509 1663
0 6894 10000 6923
1964 8278 2751 8363
0 7955 3137 7969
0 4306 5758 4459
2036 9458 9147 9490
0 8078 8185 8137
0 5679 9267 5775
0 535 10000 637
0 2439 10000 2483
0 9395 10000 9405
0 2539 6398 2572
0 7236 5221 7595
0 1811 9963 1844
0 3348 10000 3429
0 1137 10000 1217
0 5076 9720 5169
7939 8278 10000 8607
0 7859 10000 7945
0 5246 10000 5318
1229 1420 4982 1471
0 2944 2258 3098
510 268 3358 381
0 2270 10000 2419
1130 1584 1671 1604
0 7610 10000 7728
0 5423 10000 5556
1110 5182 8836 5246
4031 500 9738 535
0 1695 10000 1749
6616 6923 9281 7039
0 1410 5456 1418
5244 7405 10000 7610
2155 2483 9665 2534
0 3098 7690 3229
9062 8607 9513 8756
0 3429 7253 3446
0 6730 10000 6774
0 2905 7854 2920
0 9631 10000 9709
0 2572 4078 2826
6924 6029 7661 6133
1931 883 10000 989
1933 4622 2481 4857
0 5556 10000 5581
5637 3885 8579 4000
5655 3634 6696 3791
476 5921 8080 5942
0 441 9780 473
0 6923 1487 6925
0 4966 10000 5048
0 4506 7450 4579
0 816 10000 860
1812 6774 10000 6804
0 9490 4479 9569
0 5945 5790 6029
0 734 3125 816
0 5355 10000 5423
0 8607 8892 8799
0 7094 2334 7236
0 9209 10000 9277
0 6522 10000 6630
5984 8291 6674 8607
0 5318 10000 5355
0 9405 10000 9419
0 1556 10000 1584
0 9419 4394 9432
0 1663 10000 1695
6401 6265 9703 6401
0 6432 10000 6464
0 2419 9119 2439
0 7969 7651 8069
0 1749 10000 1811
5781 9351 10000 9395
348 3571 5355 3751
0 8171 2740 8268
0 1489 7939 1556
0 1988 10000 2017
1931 861 9214 883
431 5048 8469 5074
1816 8799 9407 8901
0 6882 10000 6894
767 9865 8884 9983
7941 7945 9946 7967
0 637 10000 680
6023 6630 10000 6730
0 4911 5524 4966
0 4058 10000 4110
0 386 9565 438
0 2017 2311 2270
743 489 1444 521
0 989 10000 1030
0 1845 9874 1988
0 5581 10000 5679
0 6646 4987 6691
0 1263 9845 1346
0 3791 5637 4008
0 5794 9854 5921
0 4110 10000 4177
0 6774 1812 6804
1552 9368 4561 9395
0 8137 10000 8171
6183 2017 9484 2142
5244 7132 6051 7405
0 6166 9032 6241
0 9277 10000 9351
3673 1030 10000 1137
678 4177 7586 4244
8 6254 2583 6432
4078 2706 8891 2717
0 680 10000 734
0 3291 10000 3348
7690 2946 8106 3223
0 4470 9966 4506
0 2826 10000 2905
0 3229 7690 3291
0 9590 4207 9631
0 9709 10000 9865
0 4008 10000 4058
0 7762 10000 7859
0 860 1931 989
0 6804 10000 6882
9009 8001 9772 8077
2434 1217 6773 1236
6098 777 9659 812
0 8973 10000 9209
0 9865 767 10000
0 1030 3673 1137
0 8917 6414 8973
0 7728 10000 7762
3370 4692 5408 4854
0 0 10000 268
