2775 9471 6640 9793
0 5555 10000 5750
3022 8139 10000 8508
2670 9267 5066 9440
0 6376 8825 6487
0 1354 6809 1425
0 8661 6481 8852
0 4733 9658 4878
0 3464 10000 3887
0 7399 9785 7568
607 7119 6916 7129
588 1096 6929 1354
4928 7733 9081 7807
0 4164 2585 4413
0 3324 10000 3464
0 8611 6481 8661
6767 4053 10000 4147
0 1571 9801 1826
6519 5927 10000 6322
0 4681 9836 4728
252 4053 6767 4134
0 2253 5397 2480
0 9471 2243 9782
0 7568 10000 7697
0 6760 10000 6834
0 5750 10000 5870
0 7852 8356 8014
0 7334 9998 7394
5246 4147 7139 4248
0 4910 9155 4969
6481 8611 10000 8852
252 2922 5399 3295
0 8139 2647 8409
6640 9267 10000 10000
115 6487 3046 6709
3431 4969 10000 5555
0 643 10000 696
0 7131 10000 7252
8106 8852 9346 9081
0 1426 9467 1554
0 8049 8691 8139
0 696 10000 955
6094 352 7215 643
0 9267 2670 9471
0 4969 2373 5372
0 1826 10000 2253
0 3887 10000 4053
3046 6487 9970 6746
2842 8139 3022 8498
0 6322 9975 6323
0 6992 10000 7119
0 7697 3373 7705
0 8852 8106 9081
6161 2650 6442 3324
0 9081 10000 9267
0 5872 9675 5927
0 6747 9567 6760
7599 4147 9565 4656
0 955 6774 1093
7259 4147 7599 4659
1642 5927 6519 5984
0 6834 10000 6992
0 8508 10000 8611
0 4441 3540 4678
0 9793 6640 10000
7629 40 8033 617
3594 4255 3778 4623
6937 955 8606 985
0 2485 5366 2920
0 7252 10000 7334
