0 8278 10000 8623
0 7554 10000 7633
0 6609 10000 6664
1803 4377 4825 4813
0 9740 10000 9759
0 3857 4677 4153
0 8766 10000 8862
7939 4991 9590 5202
0 8035 9729 8278
0 3731 5969 3753
5898 2747 6442 2916
0 2355 8187 2422
0 513 6476 592
179 2922 1937 3646
0 1454 10000 1638
4411 7134 10000 7262
0 9658 10000 9740
0 4840 7362 4991
0 1638 9600 1719
4411 7262 5071 7277
0 9050 8131 9399
0 961 6444 1116
3721 70 10000 273
0 7134 4411 7277
0 7277 10000 7344
0 8623 10000 8766
0 5893 6107 6139
6502 9799 10000 10000
131 2747 5898 2915
0 70 3721 513
0 1719 2523 1938
6816 3986 7101 4774
6054 5367 9459 5892
0 7633 9412 7713
3721 273 10000 513
0 9422 10000 9658
8131 9050 9266 9372
0 8924 4171 9050
1735 9799 6502 9996
0 9759 10000 9799
0 6779 6334 6990
0 7344 4888 7554
0 6440 10000 6512
5216 3851 9255 3966
6306 6234 8824 6419
3677 1359 3833 1454
6444 2747 6738 3195
2660 3334 5967 3516
0 2626 10000 2747
0 8862 10000 8924
4171 8924 10000 9050
0 7748 9990 8030
0 6337 6173 6440
0 6664 10000 6779
0 6139 9987 6233
979 593 6466 594
0 622 8253 961
2419 1957 9965 2177
595 5416 1716 5893
0 2191 10000 2233
0 7053 10000 7134
0 1960 2039 2191
0 7720 9711 7745
0 0 10000 70
2776 6512 9149 6575
2660 2922 2912 3200
0 1120 3522 1340
7128 3818 9401 3851
1438 4991 7341 5355
4888 7344 10000 7554
0 9399 8131 9422
6334 6779 10000 7053
0 2233 9361 2342
1208 6542 2737 6609
0 6990 6334 7053
0 2489 8763 2626
6123 5971 8770 6123
