5218 9360 7917 9394
2505 7404 9992 7691
5806 3791 8316 4310
2676 1420 9086 1538
0 1220 10000 1360
2362 5610 5018 5850
5209 2743 7601 3362
0 9545 10000 9663
0 1034 10000 1220
5098 8813 10000 9212
1780 4310 10000 4570
0 6892 10000 7393
1985 1360 9349 1417
1985 1567 9805 1771
7342 5967 7641 6714
0 1360 1985 3791
0 4791 9498 4806
1780 4570 9837 4595
243 7393 2298 7660
334 217 3513 1034
1985 1805 10000 1876
0 5610 2310 5846
5909 8061 9498 8093
0 4939 6336 5354
3952 2218 7474 2695
371 4596 9984 4791
2133 5576 4311 5610
7656 1876 9033 1927
5018 6056 7099 6346
9052 5575 9245 6710
0 9360 5218 9545
1757 4448 1780 4495
7669 2218 9897 2729
8316 2743 9964 4173
1627 6585 7339 6865
0 6346 7259 6576
4986 1 5641 415
1985 1771 10000 1805
0 8093 2842 8942
3981 2743 5209 3722
9723 7760 9936 8061
2891 2218 3844 3322
371 3791 5806 4310
2505 7393 9593 7402
0 9268 10000 9360
393 9663 1174 9949
0 9212 10000 9268
0 6865 9989 6892
0 5354 10000 5575
5098 8093 10000 8813
0 5850 4724 6267
4681 8093 5098 9118
1985 1948 9951 2215
4191 415 7798 729
0 3791 371 4791
4191 796 9660 1027
0 7691 9680 8061
0 4807 9987 4927
6570 4929 9975 5314
