6128 6938 6289 9064
5577 1953 7316 2431
4276 3963 5163 4006
4276 3198 6128 3578
5634 501 5668 1953
9637 2541 9901 4370
6304 8734 6669 9563
3213 4031 3385 4293
7400 2804 8483 3177
5238 122 5338 253
2477 6887 2953 8314
6094 501 6219 1362
21 9201 1938 9710
7213 4526 8882 4772
7400 3835 8317 4125
0 9793 4339 9794
3242 8041 3313 8640
4320 450 4763 693
5107 1393 5178 1656
2034 8413 2114 9242
5094 7342 5794 9568
8879 1035 8972 2698
940 2804 2035 2924
1786 6585 1938 8917
4156 9303 4569 9793
7143 4125 9637 4376
2035 3416 2237 5620
3723 122 3851 2450
940 4527 1254 8917
5668 501 6094 1953
4431 8707 4614 8824
1254 4527 1636 5620
940 3103 1599 3803
9696 6708 9884 6883
8976 5501 9633 6458
3224 5283 3397 7094
5794 7342 6128 8567
8714 101 9643 501
492 5001 673 8819
9947 0 10000 7608
4523 4035 4858 4138
4276 3578 5835 3963
2388 9303 4156 9710
2035 2992 3919 3416
4171 450 4320 1079
4764 8858 5020 9209
7045 2804 7143 4176
9073 4376 9904 4892
196 6841 392 7524
392 5001 492 9201
4495 4358 5383 5440
1938 6585 2125 8413
9933 0 9947 7608
23 718 806 2108
0 715 1543 718
9146 1035 9353 3835
0 0 2108 548
5178 693 5577 2431
7010 7348 7338 8615
2125 5620 2237 8413
23 2108 49 9201
852 1682 1949 1762
9577 8615 9999 10000
6641 4892 7560 6589
3000 4358 3397 5283
6306 6883 9904 6938
5027 7624 5074 9067
2694 1463 2965 2450
8478 5501 8969 5866
6641 6589 9696 6883
2237 3416 4276 3753
0 9794 8392 9963
8478 4892 9633 5501
3851 122 4763 450
3851 2431 7316 2804
9497 8308 9892 8601
4266 8725 4425 9173
7338 7723 9265 8054
2388 3753 2680 6525
8237 4892 8478 6147
2283 122 2428 1521
6219 501 7804 1362
9633 4892 9903 6440
4569 9303 5027 9793
737 2108 816 7685
8367 1035 8879 2698
8972 1035 9146 3835
7928 4892 8237 6589
3313 8041 4615 8707
5581 122 5634 1839
4357 4358 4477 5943
8667 9597 8846 9850
7338 8054 9495 8308
1772 5416 1985 5619
6712 7100 9904 7348
9353 2731 9637 4125
806 1762 2694 2108
2032 9963 3430 10000
816 2450 3851 2804
6599 7353 6710 8734
2965 1463 3723 2274
2427 6525 2569 6826
7143 2804 7400 4125
2644 6525 2982 6887
3224 7094 5463 7342
940 2924 2035 3103
0 718 21 9710
7243 4376 9073 4524
9637 1035 9895 2305
6029 4423 6118 7342
9924 5237 9932 5490
3000 5283 3224 9303
3572 4711 3948 5120
701 4034 703 5001
1786 6162 2102 6585
8237 6147 8464 6309
940 3876 1634 4527
9904 1035 9924 7490
3224 7342 3949 7814
5463 4941 5638 6608
5634 122 8107 501
8478 6458 9692 6589
51 3881 63 7056
4276 2964 6306 3198
3851 1352 4316 2393
4495 5493 4931 5962
7338 7490 9924 7608
8367 818 9933 1035
5785 4358 6029 6470
9495 7608 10000 8308
6304 6938 9904 7100
9353 1035 9637 2731
1392 5648 1859 6158
6304 7315 6598 8028
6719 7348 7010 8578
6094 1362 7804 1640
6128 3198 6306 6938
8367 501 9933 818
6306 2804 6836 4526
5794 8567 6128 9568
49 2875 618 3419
4276 4254 4655 4358
4763 324 5556 595
3286 122 3723 1463
4292 6120 4397 7001
7425 9568 8650 9790
3224 7890 4500 8041
4425 8840 4764 9303
5835 4149 6118 4253
816 2108 2694 2450
8107 0 8625 501
3572 7001 4078 7086
2965 2274 3674 2404
7316 1953 8367 2804
6309 4892 6641 6882
2680 3753 3000 6525
8542 2804 8954 3833
6836 2804 6982 4341
8367 2698 8972 2804
21 2049 23 4345
3539 9710 3772 9738
1254 6158 1786 8917
3000 3753 4276 4031
2727 359 3286 1397
7804 501 8367 1953
8317 3841 9044 4125
2108 8 7307 122
6094 1640 7804 1953
9006 8624 9087 9203
816 8917 1938 9201
4615 8124 4939 8413
1636 3103 2035 5416
7338 7348 9657 7417
4320 770 5021 2431
2237 3753 2388 8413
3397 4358 3570 7088
2035 2811 5304 2964
816 2804 940 8917
3998 4358 4357 5875
7560 4892 7928 6589
