7451 1191 9400 1403
5078 8830 6615 9699
7011 5406 7351 8666
6866 2443 7656 2613
8558 9050 9356 9992
7112 9109 7665 9699
120 3886 327 7911
2428 613 2923 737
8228 2594 8449 2667
6979 9050 8478 9109
3302 257 4375 456
8381 5142 9383 5406
9316 6561 9677 6768
9440 4464 10000 5406
3069 6140 5948 6484
7351 8828 9356 9050
6733 1191 7451 2374
6875 4722 8444 5086
7665 9109 8558 9699
4387 1533 6153 1903
7948 6660 8265 7611
6045 2443 6215 3277
2949 1555 3064 3976
7351 6434 8129 6593
120 9703 711 9992
2581 3682 2868 4662
2428 737 2947 1570
9109 2374 10000 4464
4435 1928 6418 2177
9681 7649 9986 9808
6447 720 6484 1923
2947 120 8814 192
870 1570 1006 3234
647 1425 2428 1570
7451 1403 9400 1604
2806 6140 3069 7008
9087 8000 9681 8828
2947 4586 6244 5256
6573 4888 6770 5735
441 5355 497 6302
711 5256 793 9971
1603 1571 1885 1631
7351 8230 8192 8733
2816 7493 4743 7874
3385 8839 5078 8962
120 1321 569 1531
2388 9707 2761 9992
2800 9699 8558 9992
1893 5256 5948 5562
120 1570 327 3886
93 0 647 1321
2388 8962 3924 9699
327 5256 392 9703
6573 4422 7214 4597
7351 5406 10000 6434
5295 7493 5692 8274
870 3234 2347 3682
825 9157 2388 9992
8587 2477 9109 2493
8265 6434 9316 7649
2114 6927 2388 7985
6259 6968 6615 8481
6875 5460 6946 6653
6215 2443 6573 4586
6866 2667 7278 4184
4387 2374 4858 2950
1179 6616 1893 6927
793 5256 1893 6616
8693 4464 9224 5062
5839 7008 6244 8830
2673 1570 2805 3664
647 0 955 1425
3302 3287 3672 4163
4103 977 6447 1391
3735 6484 3796 6771
3064 4167 6215 4586
825 6616 996 8971
9867 1191 10000 2374
2388 8404 5839 8830
2868 4082 2911 4252
3069 6845 5937 6976
4387 3875 6110 4146
3978 720 6447 977
1786 6927 2114 7985
327 1570 870 4662
120 9992 9681 10000
1893 5562 2388 6927
955 0 10000 105
392 7352 610 9687
955 751 2122 1425
6701 9334 7112 9617
7351 7649 9681 8000
3673 467 3978 4167
7325 2667 8453 3551
4103 1391 5482 1528
2806 7008 4595 7413
1179 6927 1786 9157
6244 4586 6573 6069
3924 8980 4364 9683
8346 467 8357 1170
2122 751 2428 1425
7351 8000 8235 8230
3978 553 6339 720
6615 6069 6875 9109
9601 661 9988 1191
1006 1631 2347 3234
3978 977 4057 3232
9356 8828 9681 9992
4896 2374 6809 2387
4387 2177 6484 2374
3302 493 3388 3240
2388 5562 5948 6140
4130 6484 5948 6845
4401 257 9601 467
6484 720 6733 2374
798 7733 825 9846
327 4662 2868 5256
2347 2987 2601 2998
2388 6140 2806 8404
4103 1533 4336 3567
120 7911 306 9073
7085 5128 8336 5391
9400 1191 9867 2374
5948 5256 6244 6845
105 2060 120 9091
1786 7985 2388 9157
46 2741 93 8965
6733 469 8320 1190
955 105 9540 120
8235 8000 9087 8828
955 120 2428 751
870 3682 2581 4662
4500 3279 5211 3803
1027 6616 1179 9052
6573 2619 6823 3849
3400 467 3673 3276
3150 341 3302 4167
8176 1604 9088 2335
9316 6768 10000 7649
7406 6706 7759 6877
