3594 1339 3639 4506
1472 4048 2389 4527
2294 8303 3217 8449
5255 5512 5444 9667
0 249 266 1807
6291 1556 7067 3844
4649 694 6291 1476
3669 5974 4004 6459
1487 8866 3209 9224
1318 1057 1472 8592
6291 1281 8381 1556
2482 1057 3134 2876
8599 5555 9420 7085
3222 9697 3817 9907
421 4047 642 7346
4252 0 5422 478
9420 1854 9846 2391
9420 503 9849 1619
285 399 655 1833
4087 9667 5444 9907
4283 3478 6291 3844
8401 1701 9321 2799
1597 7105 4004 8303
3641 1339 3669 5800
1647 5829 2482 6385
116 7632 640 7745
6974 503 9030 683
3492 503 5393 694
436 7745 1318 8592
1472 4527 1597 8303
1597 6459 4004 7105
4004 694 4283 4335
5808 5555 6290 8776
7067 2909 8818 3844
3136 0 3492 3035
4004 4810 4689 8303
2602 9224 3135 9744
4689 6556 5225 6982
8580 7742 9420 9482
7394 7085 9420 7742
668 249 900 7745
2972 5885 3633 6450
436 8865 1487 9907
2389 2036 2470 5800
7067 1754 8212 2909
3669 1339 4004 5974
5012 1476 6291 3478
8212 1556 8381 2909
4689 4810 8644 5512
8644 3844 8818 5512
116 7745 436 9907
2972 3983 3291 5800
1472 1057 2389 4048
900 249 1318 7745
6449 5555 7394 9482
4004 4335 6619 4810
1472 8303 1929 8365
7394 5555 8599 7085
2599 3083 2972 5973
5643 9864 9062 9996
6619 3844 8644 4810
6290 7052 6449 9482
436 8592 3222 8865
3492 694 3997 1274
3222 8303 3822 9697
9420 2406 9914 6268
1597 4527 2242 5795
6291 694 9420 1281
9875 163 9989 1173
5444 5512 6235 5551
4606 694 4649 3287
4283 3844 6619 4335
4689 6982 5255 9667
6290 5555 6449 7052
9321 1701 9412 2797
0 1833 668 3786
7067 1556 8212 1754
8818 2909 9420 5512
8381 1281 9378 1684
4699 1476 5012 1692
9208 86 9790 503
1487 9224 2602 9907
5393 503 6974 694
5444 9482 9359 9840
7394 7742 8580 9482
5444 5555 5808 9482
4592 8724 4676 9545
0 9907 5444 10000
3822 8303 4087 9907
0 0 3136 249
116 3786 411 7513
0 3786 116 9907
1318 591 1526 1057
5808 8776 6290 9482
