7076 1454 7249 5202
8454 2749 9558 4933
3037 6858 3220 8743
4053 4405 6095 4617
2134 1962 2600 3192
4053 5202 7249 6396
6347 390 7249 853
910 1962 931 9365
910 1454 4286 1962
1578 109 6589 385
209 0 480 3867
1496 3271 2630 7021
9558 2749 9716 5182
3697 9590 7982 9940
7559 2749 8454 4933
480 0 6609 109
7273 530 9734 1089
4286 1454 7076 2230
3695 6858 4701 7216
5355 9123 7382 9547
40 0 209 6522
910 9590 3676 9960
4286 2230 5935 2836
1366 390 3004 851
4947 390 6347 853
3220 7994 7382 8743
7382 7350 9175 9590
1930 8743 7382 9123
3037 3743 3646 6858
6609 0 7273 390
7273 6376 9175 7350
1565 7318 1930 7520
7273 1089 9734 2164
480 109 910 10000
3220 7350 7382 7994
4053 4878 6098 5202
910 109 1360 386
1062 8350 1463 8376
8780 4933 9552 6295
1951 9123 3428 9414
7559 2320 9734 2749
931 3271 1496 5548
910 853 7249 1454
2600 1962 4228 3268
2630 4210 2953 6307
5935 2230 7076 3271
4053 4617 6098 4878
4286 2836 5935 3271
9175 6376 9501 8594
209 5080 429 9356
9734 530 10000 9590
8014 2183 8081 2320
7559 4933 8780 6376
2630 3271 3589 3700
7273 2164 7559 6376
7273 0 10000 530
3646 3271 4053 6857
4053 6396 5102 6508
1930 7021 3037 8743
4524 9547 5307 9589
6098 4405 6590 5198
7249 390 7267 2332
4053 3271 6774 4279
4284 392 4947 838
