3070 6280 8671 6557
1068 3249 1205 3536
2952 2346 3478 3893
3162 8416 4301 9254
9648 2635 10000 3448
623 3522 667 4163
3070 6066 8671 6280
837 5868 1510 7371
8396 9027 10000 9398
3129 4627 3488 4800
696 8332 3070 8756
2655 5388 3070 8332
4789 157 5424 602
3162 9254 4339 9576
656 2080 2183 2804
7606 6758 9507 7484
4966 5847 6563 5925
7606 7484 7898 8309
2952 157 4789 602
1245 8168 2655 8332
2183 157 2952 1953
785 5388 1202 5712
2323 8756 3070 9716
7165 8635 9665 8931
9449 6030 9665 6758
3162 9576 4170 9892
4966 4627 6563 5847
757 4627 2091 5388
1738 5388 2345 5752
3679 748 4310 888
9153 4847 9723 6030
1247 0 1266 2080
2091 4627 2915 5366
7898 7484 9507 8309
4714 1178 5125 1751
6564 2494 6635 3057
5531 7048 5782 9378
7016 157 7704 2415
3162 6598 7275 6627
5424 1938 7001 2489
5424 1290 6987 1890
6635 2494 7016 4780
2952 602 3679 1887
696 8756 2079 9716
1456 157 1881 2080
1881 157 2183 2080
4438 8007 4565 8059
2183 1953 2952 3893
408 1233 520 1840
7606 6627 8394 6698
8975 4729 9431 4847
3488 4627 4966 5473
1510 5868 1541 8168
282 2212 656 2703
7165 8931 10000 9027
2079 8756 2323 9716
6598 7048 7606 7905
5782 7048 6598 7905
7606 8309 9665 8635
107 9716 1764 9727
667 3907 2619 4627
8671 4847 9153 6030
8396 9398 10000 9902
578 0 1247 2080
7704 2060 9648 3448
2619 4031 4895 4357
2619 4357 6563 4627
142 4903 250 5867
7704 3448 8269 6066
8671 6030 9449 6758
0 0 107 9907
267 4627 757 5252
5782 7905 6687 9027
5424 2494 6262 3201
3679 924 5418 1176
3679 888 4212 911
107 9902 10000 10000
250 5803 1695 5858
1664 3893 3378 3907
1266 6 6446 157
9507 6758 9665 8309
9767 3659 9876 8931
696 7405 1245 8332
4565 9387 8396 9683
9876 3659 10000 8931
8269 3448 10000 3659
3478 2346 5424 2909
250 2804 1664 3249
6687 8635 7165 9027
5782 9027 8396 9387
3070 6557 3162 9716
6635 4780 7704 5466
9071 3728 9510 4707
8868 131 9054 2060
283 6691 696 9594
9723 4707 9767 8931
8271 3659 8734 4085
1541 5868 2655 8168
8269 4707 8671 6066
3478 2909 5424 3907
6563 5466 7587 6042
3070 6008 5101 6065
9665 6030 9723 8931
1266 157 1456 2080
1321 7405 1504 8159
1704 5806 2627 5868
7016 2415 7704 4780
2952 1887 5424 2346
4565 7048 5504 9339
4339 9683 8396 9902
3070 5925 6482 6001
6687 7905 7606 8635
4339 6627 7606 7048
9648 2060 10000 2635
3070 5473 4966 5925
1664 2804 2183 3893
520 0 578 2080
