1241 3503 2502 3754
605 4669 880 6009
5409 2789 5537 3368
4418 8354 7769 8425
9533 7617 9752 8840
9028 816 9324 6162
1241 3754 1409 5393
337 6454 1755 7028
901 826 2451 1805
5490 0 10000 602
3125 826 3194 3754
605 2149 881 4659
3536 0 3863 2002
605 6123 1588 6368
4221 8525 4407 9162
1442 7625 3240 8358
592 9505 3240 10000
1758 4727 2179 5312
4418 7028 5824 8354
3128 3754 3194 4727
592 7625 1003 8094
0 7722 592 10000
5824 4713 6461 6705
8673 6162 9324 7617
4418 8425 7370 8946
1042 7625 1442 9477
592 8094 1003 9505
1409 3754 3128 4727
2503 826 3125 1727
3863 5903 4808 6709
6836 3745 7829 4177
8673 1487 9028 6162
1241 2245 2589 3392
3194 826 3536 6762
7405 9366 8040 9409
4582 9035 7195 9384
8646 4506 8671 8997
6874 3447 7557 3744
7989 1524 8477 1712
5824 7998 7437 8315
5537 2789 8277 3402
592 7304 1668 7625
4552 2924 5369 3743
7832 3402 8277 7629
3240 7625 4221 10000
7641 4179 7742 5594
9815 2223 9975 9665
5490 602 10000 816
8673 7617 9533 9725
4248 7592 4418 8525
5824 7408 7832 7629
4751 9725 9766 9994
5490 1014 8551 1389
0 0 337 7722
1442 8358 3240 8804
1042 9477 3099 9505
5953 9437 7847 9688
3536 2002 3863 6762
4612 3761 4755 3802
5824 7629 8277 7998
9704 3231 9810 3246
346 870 605 6454
7992 2137 8249 2789
4755 3745 6613 4713
901 5393 3194 6123
1755 6123 3194 7028
4552 5050 5495 5547
1770 277 2597 313
5369 3402 6874 3745
4558 1632 5344 2851
901 2226 1241 5377
901 1863 2087 2129
7769 7998 8277 8425
3188 7295 3557 7544
3194 6965 4509 7026
6836 4179 7641 7408
1442 8804 3240 9477
9324 816 9704 7617
6466 4713 6613 6659
338 7582 570 7722
8277 1712 8673 4506
3194 6762 4865 6965
5141 926 5490 1487
605 826 900 2142
3863 926 4447 4605
4865 5547 5803 6931
8364 4506 8646 9437
8277 4506 8351 9212
4597 926 5141 1470
5824 6706 6613 7408
6996 1487 7989 2574
337 0 1770 826
1003 7625 1042 9505
6613 3745 6836 7408
337 7028 4221 7295
3863 0 5490 926
5490 816 9028 1014
