3931 9760 7460 9862
2114 4859 2800 5882
6275 7394 6423 7843
6851 2707 7423 3480
3538 3895 3931 5147
6708 7779 7118 8591
5038 510 7771 1075
3987 3832 4995 4864
570 4663 708 6289
2945 8394 3598 9511
1171 7725 2095 8394
2933 2311 7648 2428
437 749 485 8386
1951 4663 2114 6083
3987 3621 8320 3832
1621 9862 3340 10000
487 7725 1015 9684
4602 6749 4720 8727
1776 7018 3519 7200
3873 6405 3931 9511
9399 7572 9424 9176
3157 4398 3458 4459
2422 108 4004 429
7460 9358 8086 10000
1780 4663 1951 6121
4788 6265 9245 6299
6204 6879 6632 7244
570 3895 3538 4398
7046 4688 7741 5455
9958 986 10000 5376
3931 6405 3976 9125
2114 5882 5834 6083
5244 1314 6379 2029
7151 7798 7380 8975
9461 1075 9465 3787
1621 9238 2343 9828
5222 260 5925 510
5197 6828 5292 8791
5038 1229 6110 1307
2077 600 2364 1235
1369 4663 1769 5457
8663 7601 9373 8004
8696 6628 9501 7535
5292 8100 5389 8267
200 1554 437 3978
1728 5477 1776 7104
3976 6405 4597 8931
2933 753 3463 2311
6708 6749 7144 7779
8320 3139 8448 4553
1338 802 1699 3818
2077 1235 2147 2707
25 1554 200 3978
6250 4085 7046 5455
2465 6083 2885 6516
8078 7086 8656 7572
5086 8791 5735 9033
9466 1089 9955 4019
764 4934 1318 5137
9398 1229 9455 4114
3463 1814 4216 2311
5834 5922 9461 6083
1369 7263 3425 7595
9512 4019 9958 5376
6451 97 7588 252
25 87 437 1554
7310 4085 8320 4384
9666 5376 9775 6185
4728 6749 6708 6828
2885 6083 3598 6516
7587 6628 8135 6742
5038 1314 5238 2268
3970 3895 3987 5725
487 108 2077 802
3976 8971 4545 9149
2367 3102 3880 3793
2095 7725 3187 8375
570 802 1009 2790
2426 9511 3931 9862
4314 108 4529 1069
4529 108 5038 2311
2095 8375 3583 8394
6437 7621 6708 8089
4597 6405 7578 6749
6840 2029 7271 2097
255 8386 487 10000
570 4491 2963 4663
8078 7572 8663 9022
1291 9238 1389 9633
0 3978 255 10000
6530 362 6951 401
3340 9862 7460 10000
1699 1322 1856 1542
5979 5455 9308 5861
570 7595 3187 7725
7380 8631 7886 8906
1015 7725 1171 9684
9494 4019 9512 5364
1951 6083 2465 7018
1009 802 1338 3895
3987 3102 6799 3621
4004 108 4216 753
2422 753 2933 2428
6379 1229 7392 1756
3598 6083 3845 9511
4150 4864 4648 5209
8448 3833 9354 4165
7459 1578 9354 2023
5206 9358 7460 9760
4216 1771 4528 1993
255 7802 423 8064
6708 9022 8253 9040
2451 429 2833 743
8466 9022 8663 9295
4 87 25 3481
4648 4864 4995 5882
8086 9358 9387 10000
2147 1235 2422 2707
4995 3832 5958 5455
4734 6828 5197 8758
2114 4663 2800 4859
1338 3818 3987 3895
5834 5882 9461 5922
2426 8394 2945 9511
9387 9749 9513 9964
5958 3832 8320 4085
5958 4085 6250 5455
2800 4663 3538 5882
9302 0 9615 794
570 2790 1009 3895
870 5667 1240 7536
7741 4688 8446 5449
4597 9358 5206 9760
3845 6405 3873 9511
487 802 570 7725
789 5667 870 7380
2465 6516 3249 6914
7423 2707 7648 3139
7771 526 8866 986
0 0 5038 87
7578 6405 9307 6589
3187 7595 3582 8237
7046 4553 8448 4688
7771 996 9919 1075
8448 5046 9362 5449
7494 1319 9271 1565
9775 5376 10000 10000
5038 1075 9461 1218
2077 3631 2346 3796
3845 6299 9461 6405
1699 1542 1872 3818
487 103 3024 108
2422 2428 7648 2707
1301 5667 1356 7249
4597 9040 8259 9358
2367 2707 5726 2836
7144 6749 8078 7798
2367 2927 6125 3102
9472 4913 9491 5731
4995 5455 5979 5882
7666 0 7923 231
8078 6749 8569 7007
7648 2767 8165 2800
7380 7798 8078 8631
8663 8004 9387 9358
1872 802 2077 3818
3931 9151 4595 9752
5038 1218 8672 1225
487 9684 1621 10000
3463 753 4216 1814
7423 3139 8320 3587
9424 7572 9736 9024
1171 8394 2426 9238
