5275 6629 6257 8550
7609 6133 8232 7576
5275 6200 6662 6629
4406 4224 6643 4813
4353 9421 4791 9849
2206 3136 2735 5753
4406 8550 6981 8922
7911 5097 9687 5292
6981 8277 10000 8922
394 3752 648 4269
5904 2747 6580 2883
1704 2195 4061 2417
5796 455 9614 589
1772 2956 2206 5889
1704 1462 6392 2115
6257 6629 6957 7941
777 9421 2955 9828
4406 4813 6981 5212
6805 1462 8289 1986
4406 6273 4416 7263
777 9116 10000 9421
1088 0 1704 1544
1704 0 7396 208
3781 3745 4212 7841
6981 5097 7522 7576
4212 3894 4406 8922
5275 5212 6662 6200
4791 9421 8285 9849
4838 2747 5898 3661
1704 455 5796 1453
1088 1544 1704 2417
6981 3894 7266 4682
7911 5292 10000 6123
3217 3943 3421 7634
1704 208 7396 455
265 5893 777 10000
7750 8922 9694 9110
1179 6266 1391 9116
4353 9849 10000 10000
8285 9470 9651 9780
133 0 265 10000
2959 3745 3217 8603
0 0 133 10000
4212 3745 7483 3887
6662 5212 6981 6629
1704 1453 4174 1459
6588 2195 6684 3567
2923 2956 3886 3581
1088 2417 4061 2956
3217 8140 4211 8922
3217 8922 7750 9116
6981 7576 10000 8277
1391 6266 2555 6716
1391 6716 2203 8662
777 5893 2776 6266
6435 593 6466 770
648 0 1088 5893
9687 0 10000 5292
1185 4886 1716 5893
1704 2130 8710 2195
777 6266 1179 9116
446 0 615 2787
3217 7634 3738 8100
7396 0 9254 402
2776 3763 2922 6513
2244 2968 2661 3136
265 0 446 3752
9400 3274 9530 3851
7306 4176 9639 5097
4416 5212 5275 8550
3722 9421 4353 9726
8232 6123 10000 7576
4061 2195 4696 3745
2555 6266 2776 6716
2263 6716 2923 7447
4696 2195 6588 2747
7522 5097 7911 6123
