1623 0 2155 1668
2722 4433 3302 8267
1265 8267 3302 9806
433 6347 1103 7303
8969 0 10000 1668
0 8267 1137 9806
7239 3537 8792 5221
0 7450 1201 8267
3608 7948 10000 8045
8792 3537 9328 5221
1201 7450 2722 8267
7864 5608 9761 7948
6668 14 8969 389
3803 9660 6780 9725
5913 1310 7626 1668
8223 8459 8819 10000
5899 395 6856 1147
9761 1668 9995 7652
4084 2712 8075 3019
9328 1668 9761 5608
7239 3052 8963 3537
3608 8045 10000 8459
5102 9806 5423 9976
0 7312 2720 7450
215 2414 9227 2683
2257 4433 2705 6914
6287 7825 7774 7901
215 1846 8955 2349
1103 2683 2257 7312
3302 4433 3608 9806
1518 9806 2291 9938
5270 3045 6289 4202
4887 7057 6276 7948
222 2683 382 6589
3608 8459 8223 9660
1137 9186 1255 9727
5856 5608 6261 6585
2155 0 5899 1668
8984 2683 9300 3401
7626 395 8969 1668
8819 8780 10000 10000
3631 4012 4635 4433
6277 5608 6304 7728
2257 2683 3631 4433
3608 4433 4887 7948
4887 5221 5834 7003
8619 5221 9043 5573
1623 1668 5500 1768
8819 8542 9784 8780
0 0 1623 1846
6304 5608 7864 7825
0 1846 207 7143
6289 3045 6922 3446
7124 4266 7239 4780
