1037 0 1994 674
819 5116 1434 9107
8672 8815 9570 9464
4242 3220 4989 3728
1611 7672 2313 8315
0 945 229 3659
3493 1145 4206 2032
5037 2113 6794 2156
1434 5349 3029 5962
9194 5395 9586 7912
8154 3880 9225 4642
2432 2032 3914 2607
9570 8260 10000 9693
5117 4617 6228 5285
4206 2156 7948 2723
7899 6366 8148 7963
5917 6366 7899 6726
2087 674 2432 3726
229 4186 435 4866
0 0 1037 510
0 3659 222 4142
2432 2607 3610 3033
4242 4617 4538 4754
0 9695 4408 9994
2951 678 3491 1545
4242 4356 5252 4615
4150 5973 8154 6099
7812 5349 8105 5910
8633 7920 9243 7958
5067 6785 5804 9464
1650 8503 2765 9070
6018 6785 7156 8071
1616 4573 3610 4792
2313 7672 4150 8371
5067 6099 7898 6360
6782 5180 7948 5349
1517 5116 3719 5310
229 8176 819 9107
3914 2032 4206 5349
3493 694 6352 883
5769 2723 6868 2797
4468 883 9228 1145
2432 3033 3610 3379
229 9107 1853 9348
0 4148 229 9570
435 4573 1616 5116
2765 8503 4243 9337
8292 4659 9581 5270
1994 0 6581 185
3493 883 4468 1145
3029 5349 7812 5528
2951 1545 3493 2032
8827 8403 9570 8815
4150 6099 5067 8371
9757 1520 9902 7941
3610 2607 3914 5116
435 4186 3610 4573
4989 2723 5769 3728
8154 1145 9226 2240
2206 5962 8154 5973
1037 1911 1546 2329
8278 2272 9080 3630
6581 190 7095 878
6604 3728 6619 4845
0 9570 7263 9683
4206 1426 7946 2105
4242 3728 6604 4356
5769 2814 6782 3728
1994 185 6581 674
8292 5270 9194 6134
229 9464 7712 9543
229 945 626 3726
1434 5962 2206 7672
9228 190 9586 4659
2802 5973 4150 7672
8154 4659 8292 7898
4472 9693 6277 9968
4334 8503 5045 9056
3029 5528 7812 5962
2206 5973 2802 7672
8292 6134 9194 7917
1616 4792 3610 5116
626 2329 1546 3726
7899 7967 9757 8103
229 3726 3610 4186
4206 1145 5398 1425
5804 8815 7717 8921
6782 2814 7948 5180
7948 1426 8100 4037
9630 0 10000 1520
4334 9105 4987 9265
1546 2703 2087 3726
9630 1520 9757 7967
6018 8103 9020 8216
4206 2739 4987 3220
1434 8371 4456 8455
1037 674 1546 1911
4206 3220 4242 5349
1546 690 1839 1187
7906 9464 8755 9675
0 510 626 945
229 5116 738 8176
626 510 1032 2074
9586 190 9630 7912
6581 8 8152 190
5804 6785 6010 8216
738 5116 819 8171
2432 674 2951 2032
1546 1187 2087 2703
2432 3379 3610 3726
