8671 1159 9435 1604
4245 8962 7549 9060
6702 5659 9489 5974
4548 2493 7234 2543
8487 8166 8913 9665
7549 8962 8073 9590
120 4252 496 7357
2244 458 2464 737
8424 2650 9373 2667
7335 9060 7536 9500
3823 439 4205 998
8401 5242 9702 5434
9489 6561 9850 6768
7871 4954 9702 5242
2389 5815 4010 6377
8913 8692 9356 9665
6477 1853 8294 2293
8093 4465 9662 4829
8487 9665 10000 9987
5033 1392 6292 1911
7948 6500 8265 7451
3852 2759 6215 2819
2029 3904 3064 4173
7502 6377 7820 6766
120 9687 632 9987
2347 3849 9702 3881
2428 1159 2971 1989
9702 1191 9864 5434
3205 2140 6419 2293
9489 7227 9794 9386
6427 1392 6477 2287
4505 191 4996 1034
870 2756 1208 3441
1912 1425 2395 1969
8294 1159 8671 2374
2341 6377 4896 6467
8913 8000 9489 8692
2389 4252 4010 5815
6475 5659 6702 6377
496 4695 529 6302
632 7873 822 9908
1878 1425 1908 1989
1250 8169 8073 8231
2477 7493 4743 7817
4245 8845 5919 8962
108 1047 267 1640
93 9987 10000 9994
4245 9617 8487 9987
4010 5051 6229 5659
0 2553 460 3547
0 0 735 1047
2674 8845 3830 9987
120 7912 392 9687
6821 3904 6996 4545
6229 5434 9893 5659
3097 7845 5296 7986
1787 2756 2347 3904
872 9157 2674 9987
756 2492 9109 2493
8265 6377 9489 7492
2136 6377 2341 7493
3589 8303 6615 8481
6656 6377 6898 6727
2209 2558 6270 2756
6574 2943 7429 3674
24 2493 4546 2553
1892 6377 2136 7493
632 4252 1079 6626
8626 3934 9224 4465
5919 8481 7496 8956
1912 2052 3119 2281
735 88 4996 191
2347 3881 9702 3904
1878 1047 9435 1159
3509 6486 3796 6547
4010 4252 6229 5051
632 6626 1079 7426
9864 88 9893 5434
2674 8481 5919 8845
2439 4235 2869 4252
4971 6377 5443 7173
5145 3904 6618 4221
5227 722 9226 901
1753 6377 1892 7845
460 2553 870 3547
93 9994 10000 10000
2341 6547 3967 7151
735 0 10000 88
392 7912 632 9687
735 737 3823 1047
4245 9590 8487 9617
7820 7492 9489 8000
2347 3240 4447 3845
7504 2756 8418 3847
5033 1246 6327 1392
2341 7151 4491 7488
1079 5860 1753 7426
6229 4234 6821 5434
3830 8923 4237 9683
7644 1036 8347 1047
1878 1159 2428 1425
6656 8056 8586 8166
5227 553 7588 720
6702 5974 9489 6377
9435 100 9623 1191
267 1047 1878 2492
3978 1159 4183 2028
9356 8692 9489 9665
3662 2374 5575 2387
1912 2293 8229 2371
2347 3007 3361 3240
4010 5659 6475 6377
3967 6467 4942 7151
5227 88 8058 475
6477 1159 7048 1853
824 7733 851 9846
1079 4252 1753 5860
2347 2871 2369 2998
1759 4440 2389 6141
4251 1435 4950 2113
120 7357 496 7912
6821 5242 8401 5434
9435 1191 9671 3780
5443 6377 6640 6869
98 4297 120 9091
872 8555 2231 9157
46 3547 93 9771
7048 1159 8294 1853
4996 88 5159 878
8073 8166 8487 9590
735 191 4505 439
93 3547 1787 4252
4737 2998 5211 3784
872 7426 1693 7877
6243 2920 6574 3849
3205 1159 3978 2140
3064 3904 4977 4208
8671 1604 9426 2487
9893 780 9994 7109
7702 6876 7759 7935
