1286 4671 1811 5157
8037 8328 9346 8487
3870 9129 4730 9866
2633 5253 2964 5703
4413 5204 4655 8413
5173 4172 5937 4324
4588 3135 6312 3715
6514 6963 6569 9057
8066 1369 8673 1975
2964 5253 3557 5979
3681 5253 3782 9436
3870 2442 8585 2776
9390 5919 9549 6530
6159 4324 6578 6963
1926 9358 2072 9482
2795 6018 3618 6227
3618 6018 3681 7429
7279 4610 8037 6469
7554 8487 9346 8649
8579 4109 8832 7848
1829 9482 3680 9826
8674 8649 9247 8940
286 3412 1286 5072
1829 8125 1915 9415
4781 6583 5255 6859
7011 3715 7257 9123
5264 6963 6514 7733
3870 8811 4210 9082
0 13 5178 158
114 2867 3421 3411
9352 3980 9357 6827
5528 9874 6297 9921
3425 2440 3488 4644
5280 4372 6159 6963
642 418 2132 662
7587 8027 7646 8292
5264 9625 6063 9874
6629 9202 7412 9581
114 5224 2440 5253
7337 8090 7500 8471
6297 9584 9378 9692
2795 6227 3544 7277
0 9278 1829 9827
114 5703 2964 5986
0 9827 2347 9829
1932 662 2818 2321
1286 3412 1880 4639
1221 181 5534 409
8037 3371 8579 8328
7267 3715 7279 8984
3425 2321 8054 2440
6578 4324 6963 6050
4781 3715 6620 3976
7279 3153 9181 3371
3554 1444 5895 2301
4798 6859 5264 8487
2136 462 3509 640
8745 0 9350 2685
5570 7733 6479 9126
114 409 8066 418
3728 418 5117 968
561 7450 3681 8125
5534 0 8066 409
9357 907 9390 6941
9357 0 9940 907
7412 9202 9357 9584
2818 1352 6895 1438
9552 8442 9616 9083
4706 4571 4781 8178
9940 0 10000 9692
1472 779 1932 2558
1896 3412 3425 4646
5117 418 8066 968
4205 3715 4393 8206
2149 8125 2969 9431
3870 2776 4159 5196
114 418 616 2816
692 662 1369 1950
9390 907 9552 5919
7646 6469 8037 8487
7798 968 8066 2321
3728 968 7798 1352
0 158 114 8125
6297 9692 10000 9934
7279 3438 7908 4610
3870 5483 4196 8284
3495 2440 3870 5225
2818 662 3728 1352
2393 5986 2660 7450
3870 9934 10000 10000
114 5986 561 8125
561 5986 2393 7450
6578 6281 7011 9202
1813 4646 3466 5207
2660 5986 2795 7450
3054 5991 3066 6018
0 8125 1829 9278
4198 2776 9064 3112
1932 2321 3425 2867
114 5253 2633 5703
