72 2584 76 8631
6675 5290 6740 7941
4177 7027 5732 7465
6282 5290 6675 7040
26 365 2244 580
1017 7947 1289 8789
6242 56 6918 235
9079 4489 9672 5416
233 7073 1659 7206
9079 252 9883 637
5250 7945 5641 8476
233 1465 614 3677
826 743 3062 1362
743 1913 1507 2435
4684 1016 6701 1347
1261 5137 6741 5290
3661 8794 4367 9311
7222 3668 8494 4042
170 1500 233 7192
1507 4300 3064 4870
3772 6360 4177 7805
3446 743 4465 921
3267 2633 3511 3237
6817 4605 7391 5137
7129 743 7215 3991
5732 5635 6282 7252
529 4594 907 6529
6847 365 7931 480
8058 8473 8911 8890
8058 8090 9887 8352
1507 4870 4075 5137
5580 2376 5786 4348
8630 365 8840 6430
4203 4412 5266 5137
3121 8476 7391 8794
3121 6683 3701 8152
6741 5137 7391 6715
2673 3678 5266 3780
7869 4167 8456 4342
2526 2376 5266 2633
4773 918 6442 927
1007 8794 3410 9563
912 7206 2968 7720
8840 5758 9736 6390
76 8040 986 8770
7578 2225 8125 2543
4863 8027 5194 8476
3768 7895 4424 8251
3251 9755 6380 9936
5266 2376 5580 4605
8058 6450 8647 7203
907 4293 1261 6529
8941 8415 9800 9556
5786 1483 6303 4042
3265 1465 4296 1483
76 7720 1296 7947
6514 8911 6543 9147
9750 3379 9906 6308
529 4293 907 4594
6823 1465 7087 3686
117 1465 170 4338
3410 9419 5198 9563
4342 1952 4577 2259
1507 2081 2146 4300
9079 3379 9741 4408
5641 7945 7391 8476
8456 4042 8630 4605
3013 270 3271 319
5732 7252 6282 7465
614 2598 733 3014
1296 7720 3121 8579
1296 8579 2200 8737
0 9970 7468 10000
2146 2081 2526 3780
5580 4348 8456 4578
6741 6715 7391 7945
233 3677 1261 4293
4159 5427 5253 6360
4177 6360 5452 7027
6282 7040 6675 7465
76 8770 1007 9936
9133 3145 9726 3301
9915 252 9975 5485
26 319 9079 365
2526 2081 4342 2376
1659 6603 2566 7161
4863 7465 6675 7945
8058 5688 8363 5966
0 86 26 9936
3064 3976 4075 4870
4342 1770 4561 1918
3794 1552 4962 1770
0 17 4607 86
1261 3677 1507 5137
76 7206 912 7720
7391 5433 7571 8794
614 1770 4342 1913
5266 4605 6817 5137
233 6529 1659 7073
4601 1838 5641 2376
3064 3780 4203 3976
1507 1913 4342 2081
7391 5277 8630 5433
8058 8890 8941 10000
7571 7193 8046 7697
0 9936 6543 9970
26 743 826 1465
5466 5635 5732 6874
7468 8911 8058 10000
7578 2543 8630 3668
2968 5585 3082 7290
1261 6147 2352 6529
7391 4605 8630 5277
7222 580 7444 2969
743 3529 996 3677
9726 641 9915 3379
2244 385 6701 423
4075 3976 4165 4638
6303 1483 6823 4042
3242 5741 4159 5807
2096 5290 2713 5374
1046 2435 1502 2973
3800 484 5841 555
5452 5290 6207 5615
5580 4578 8456 4605
4203 3865 4995 4412
5235 8794 7571 8911
4661 7465 4863 7788
1007 9563 3226 9936
3226 9604 5133 9719
274 4741 529 6241
26 580 7222 743
6543 8911 7468 9970
4727 8794 5173 9319
2146 3780 3064 4300
26 86 5891 245
8840 365 9078 5499
