8392 341 9601 1436
7362 7768 8282 7921
697 0 9982 57
948 3779 1805 4513
988 7878 5630 7954
7318 7255 8637 7354
6564 3118 6986 6290
3428 5954 4061 7250
4828 2967 5459 3259
1467 9393 5629 9575
948 5636 1591 6297
1992 5321 2504 5830
8419 4650 8627 5801
92 4330 878 6414
7940 3735 8419 4815
8310 299 8384 1200
6031 1851 7525 3118
1467 8213 5965 8271
878 1373 1571 1809
2800 8668 3460 8865
1992 3294 2506 5110
5223 7255 5482 7853
2620 5210 3957 5594
6671 1472 7717 1544
988 7954 1467 9624
92 3552 878 4330
9166 7829 9898 8290
7291 6280 8012 7255
4732 1807 4828 3259
8474 1448 9655 2056
2339 437 3297 1442
2712 8877 4724 9389
4082 1448 4828 1807
9960 57 9982 8105
1094 1980 1878 2619
958 1809 1094 3032
5368 1000 5903 1214
92 0 697 258
6143 306 7390 887
1430 3058 2800 3215
9982 0 10000 8347
878 1809 948 6394
5359 57 7272 187
1467 8852 2569 8872
2818 6014 3428 6337
6776 8877 7892 10000
1992 6337 2233 6854
7810 5270 8419 5949
4649 3259 5459 3717
5482 7255 6575 7874
8644 5949 9655 6212
5965 7874 6575 8668
4828 1448 5050 2967
829 57 1208 178
2536 3927 3749 4335
9079 9220 9701 9362
2620 4335 3240 5182
1878 2300 2310 2911
1571 1373 1826 1724
4060 258 6186 295
5050 1544 7940 1851
8637 7255 9166 8347
1467 7954 4394 8213
8474 2586 9655 3467
9343 3467 9655 5754
3688 4335 4050 5080
6726 8877 6776 9500
1499 187 7556 258
6575 7255 7318 8877
6986 3331 7280 5270
7940 2575 8312 3735
3216 2188 3546 2906
1992 5874 4743 5954
6562 6290 6986 7255
5050 2836 5792 2903
8419 5837 9093 5948
7556 299 8307 1080
7318 7354 8316 7768
878 6394 988 10000
9166 6517 9609 7315
3140 1454 4082 1807
2536 4335 2595 5688
8474 2056 9655 2586
8312 1448 8419 3735
6986 5270 7810 5949
92 6414 878 8977
1499 57 5359 187
4313 566 5368 1397
8644 6212 9166 7255
8316 7354 8605 7925
2800 8271 5965 8668
7556 1082 8310 1448
6143 935 7470 1400
8014 7925 8527 8589
7318 7925 7692 8646
3122 1949 4732 2188
988 6854 2117 7102
988 6394 1825 6854
7892 8877 9079 9420
5903 1851 6031 3118
5319 6290 6562 7255
5250 3717 5459 6290
8474 3467 9152 4593
92 1373 878 3287
3122 1807 4732 1949
5459 2967 5903 5765
576 258 1850 1369
7556 57 9042 203
948 3280 1787 3762
1222 4513 1825 4698
7940 1544 8312 2575
8419 1448 8474 4650
4097 6290 5319 7244
92 8977 744 9956
1878 306 2191 1780
2339 1448 2787 2471
1467 8271 2800 8852
4394 7954 5965 8213
5368 306 6076 996
7940 4815 8419 5270
368 981 541 1069
7284 3279 7348 4408
4743 5360 5250 5954
8012 5949 8644 7255
6106 4132 6564 4492
0 0 92 10000
7892 9420 8749 9825
7537 2735 7887 3236
1215 2619 1582 3004
8605 8422 8620 8561
2939 2253 3122 3259
92 258 368 1373
1825 3259 1992 6854
7525 1851 7940 2735
2339 327 5180 437
2620 5594 4649 5874
4715 4592 4743 4719
6986 5949 7291 7144
3320 1403 5619 1438
1467 8877 2712 9393
6986 7144 7291 7255
1094 1809 1867 1976
92 3291 873 3552
7318 8666 8204 8818
5459 5765 5903 6290
3461 9624 4140 9961
4061 5954 4944 6145
4761 3806 5250 5360
8637 8347 9035 8635
9655 57 9958 7829
7291 5949 8012 6280
2233 6794 3219 7862
2233 6525 2922 6794
