3720 5374 4505 5677
6570 7769 7565 8001
6912 2229 6934 3122
6910 1338 7401 2152
7625 4645 7782 6503
337 1420 2319 2519
6535 6210 7273 7703
5855 6210 6535 8514
9058 2727 9856 3059
3012 1338 3514 2606
7110 9264 7853 9669
6226 4645 7625 5030
8966 7198 9739 7823
3619 7533 4079 8998
2319 4288 3313 5374
0 4232 166 10000
5681 2945 6013 4531
9458 4182 9743 4435
3830 1338 5001 3169
7401 1523 8571 2229
6175 394 7062 459
5302 5866 6992 6206
166 5180 404 8508
6226 4531 8240 4645
166 8508 659 9425
8287 4292 8818 5661
7935 9415 8828 9720
166 4680 523 4861
8571 1523 8662 1896
404 5180 535 8046
7156 4442 7797 4531
337 776 2998 1420
8818 4182 9458 6503
6201 2229 6891 4221
5681 5092 6033 5649
2976 2995 2994 3629
3720 5677 6226 5866
3556 5374 3720 7533
3313 4817 4505 5374
8818 1523 9058 3767
9058 161 9268 1970
7401 1250 9058 1523
337 2519 577 4680
9782 5384 10000 9844
4616 7533 5277 8130
7625 8103 9129 9264
7112 1129 7367 1131
4616 8130 5277 8508
3981 3227 4242 3789
8818 3767 9782 4182
4079 7533 4616 8508
7782 4645 8240 6503
8957 7422 8966 8103
1208 161 4801 341
1636 2519 2319 7402
1422 2832 1636 4675
3720 6522 5277 7533
6535 8001 7625 9264
0 459 166 4211
9272 0 9997 2719
8240 5661 8818 6503
3720 5866 5277 6522
5277 6210 5855 8508
5302 2945 5681 5677
1636 9160 6535 9264
9782 3767 9999 5327
577 2832 1422 4675
8240 4292 8287 5661
3313 4288 4505 4817
6226 5030 7036 5691
5855 8514 6535 9160
1636 9507 7110 9723
7428 556 8967 1250
825 169 1048 379
4505 3789 5212 5416
7625 6503 9528 6990
2696 9264 7110 9507
7605 2229 8813 4207
9129 8222 9763 8472
0 0 4821 73
2319 3789 4505 4288
2554 7402 3556 8054
6013 2945 6201 4292
1636 8068 3282 9061
166 9915 5225 9987
5302 2229 6201 2945
7935 9844 10000 10000
2043 9264 2696 9466
2319 5374 3310 7236
4079 8508 5855 9160
577 2519 1636 2832
5013 1937 5302 2624
577 4675 1453 4706
166 459 337 4680
3559 1725 3830 3014
7045 5030 7607 6206
1636 9723 7935 9915
337 577 7293 776
2998 776 7112 1338
2319 1429 2945 2301
6944 2229 7594 4260
