4129 2572 4306 4121
3057 7388 3729 8247
8842 8431 9137 9707
1624 1050 2598 1306
7007 1762 7108 2271
610 4303 3016 4460
7498 3249 8595 3369
126 7085 1389 9183
7978 3546 9405 3573
1402 1072 1624 3501
4623 7004 8324 7645
2656 912 3016 3966
1389 7427 1816 8247
0 186 466 4460
120 9183 1381 9661
6816 6200 7358 6662
4306 1851 4623 3016
4623 2326 4768 6824
670 1815 1377 3557
4932 1372 6816 1851
631 5446 968 6629
4768 6542 6816 6824
3016 2572 3922 4469
6816 3369 7424 6200
610 3557 2656 3966
0 6629 120 9865
120 6629 1262 6846
466 912 610 4460
6359 3288 6816 6542
2122 8247 3310 9707
1389 8247 2122 9707
7978 3593 9338 4756
4623 7645 6165 8651
4623 2111 5852 2326
1389 6194 1816 7427
3326 8951 8191 9564
1816 7905 3057 8247
1389 5378 4623 6080
7978 4836 9495 5434
6274 9707 8540 9858
3016 186 3733 1215
610 3966 3016 4303
3617 6194 4257 6712
0 4460 1471 4759
466 186 3016 912
9675 0 9872 2722
9530 3731 9979 6478
1389 6099 4106 6194
7505 3546 7947 5427
3733 0 4306 1215
4932 1059 6041 1263
6165 7645 8191 8951
9137 7880 9430 8711
4768 4746 6359 6542
8353 478 9675 1059
4307 6080 4623 8651
0 9865 10000 10000
4306 3016 4623 5378
6816 1372 9247 1400
7505 3369 9495 3546
3310 8247 4216 8636
8191 7645 8842 9707
120 9707 6274 9865
7108 2821 9940 3135
7108 1400 9675 2821
8258 513 8353 1019
9980 2821 9997 8006
6302 1059 9675 1372
7556 5567 8331 6608
4306 0 4932 1851
0 7 3687 186
1959 7393 2271 7905
3729 7388 4307 8247
6036 229 8245 478
4768 2326 5940 3288
1816 6194 3617 7388
4768 3288 6359 4746
7424 3369 7505 6824
3584 9596 8031 9707
3016 1215 4306 2572
4623 6824 5746 6896
3497 8651 5987 8936
1798 2769 2487 3227
7505 5434 8842 5567
8842 5434 9137 8431
5940 1851 6816 3288
8331 5567 8842 7645
