3188 3466 3639 3782
1734 2480 2002 4086
2348 8303 3277 8448
3813 9274 5568 9544
0 728 779 1260
5780 1351 6745 3066
5780 947 9419 1351
3857 5799 4299 6177
2045 8982 2602 9988
1318 6797 1414 8908
6745 1351 6994 3782
1734 1872 3668 2480
8251 5692 8798 7091
3297 9410 3645 9769
116 6931 886 7711
5374 140 5846 947
9419 1828 9960 2250
9419 947 9960 1828
0 1260 819 1872
3191 9812 6704 9906
5780 3066 6745 3782
8701 1587 9374 3088
1597 6797 3277 8303
3668 1872 3879 2464
2390 6207 3196 6783
161 7711 1300 7763
6994 230 7837 669
5012 140 5374 947
718 7766 1318 8908
1414 6797 1597 8448
1318 4886 2165 6797
3639 3347 5780 3782
5894 7513 7002 8970
6994 1711 7789 3782
819 429 4532 720
3277 6797 4861 8448
2602 9190 3135 9710
4861 6797 5287 7333
8798 7682 9845 9317
8251 7091 8798 9812
275 1894 724 5839
3217 6207 3878 6772
161 8908 1414 9562
2228 4663 2390 6545
7789 1711 8369 2502
2002 2522 4961 3347
5012 947 5780 3347
8269 2502 8369 4852
2390 4663 5150 5799
8701 3356 9304 3845
161 7766 718 8908
2390 5799 3850 6196
2002 3782 7789 4086
886 1872 1318 7711
6438 5141 7789 7513
5150 4663 7789 5141
1597 8303 2054 8365
7828 2502 8251 7204
1734 4086 6525 4311
161 9988 10000 10000
8369 1711 8701 5692
5894 6797 6438 7513
1414 8448 2602 8982
3956 720 4185 1999
2620 8448 3813 9154
9419 2250 9960 5692
1318 2697 1734 4663
6847 669 9960 947
9960 140 9998 3170
5435 5196 5526 5535
4648 1743 4898 2189
1734 4316 5350 4657
3813 8448 5312 9274
5484 5535 6438 5787
9387 1587 9415 5149
0 1872 116 7711
6994 1587 8701 1711
8701 3845 9387 5692
6994 1380 8935 1587
4699 1261 5012 1477
9208 140 9790 557
1414 8982 2045 9988
5846 669 6847 947
5568 9274 8178 9811
7002 7513 8251 9274
5312 6797 5894 9274
3855 9544 4676 9628
161 9562 1414 9988
2602 9906 8025 9985
819 11 6883 140
116 5839 886 6931
0 7711 161 10000
1276 720 1380 1652
5894 8970 7002 9274
