6708 5062 7193 6474
8009 6358 8065 7051
8147 1346 9012 1684
9147 2906 9457 7204
2084 8194 2871 8279
1865 7236 1902 8423
2084 4112 4276 4499
8053 9434 9147 9642
384 7056 576 9290
4951 5015 5598 6390
1444 438 2152 637
0 2443 1005 3684
576 9227 978 9648
1131 2443 1437 3133
576 7056 1033 9227
6772 1696 7583 2044
1131 3341 1438 6803
4565 734 6027 1403
2689 5015 3745 5871
8006 7946 8842 8757
1131 7236 1865 8171
1831 3098 2084 5957
3890 1411 4982 1584
1438 2527 2047 3098
2152 214 6027 293
0 1622 1913 2404
589 1584 1671 1594
2092 6712 2977 8158
7266 5015 7660 6463
8409 5049 8836 6207
7583 444 9778 535
7009 404 7508 1696
8843 6531 9144 7558
1444 1403 6772 1411
3972 7241 5610 7826
8163 2483 9665 2738
6696 3223 7693 3791
9512 8279 9661 8730
5374 3293 6274 3430
5796 6520 6178 7802
7538 2521 7844 2906
5833 9674 9087 9952
3720 1595 4276 3190
7660 4177 7693 6463
1444 967 2451 1403
2449 4499 2919 4773
2248 4499 2420 5992
6292 3791 6673 4679
6349 3320 6696 3791
8006 5386 8299 5931
0 438 305 1411
53 5657 55 7144
4276 4023 4910 5015
5929 3430 6273 5011
7583 837 8145 1684
1168 6803 1831 7194
1131 9479 1774 9661
3145 6000 4226 6432
2152 293 2451 967
1438 3098 1831 6803
2675 8458 5833 9080
1831 5957 2084 7236
1865 9080 5833 9257
127 5657 345 7056
5833 8458 6708 8704
4226 5015 4951 7241
1774 9395 3018 9538
0 1411 3890 1584
1131 9395 1774 9479
7583 1684 8936 2036
8843 5049 9146 6531
7747 6463 7931 8334
3273 2031 3720 2439
1033 2443 1131 9661
2084 1595 3720 2017
5833 8704 7266 9674
5354 3430 5923 5014
1131 8171 1816 8559
4982 1411 6772 1584
9016 1346 9928 2032
1445 637 1932 966
8103 4478 8469 5049
9147 8057 9512 10000
2977 6432 4226 7241
576 9661 2680 10000
8065 7872 8661 7946
1932 637 2152 967
6231 6520 6684 7765
2084 4499 2248 6000
7712 2938 8903 4071
0 214 2152 438
2084 2017 2479 3497
1412 438 1444 1139
2451 293 4565 1043
4276 1584 6772 2044
0 4442 923 5657
2084 6438 2971 6691
8147 845 9778 1346
4910 2044 5354 5015
5796 5015 6641 6496
6673 3791 7693 4177
345 5657 1033 7056
3558 9314 4561 9395
3972 7826 6708 8458
8226 2044 9484 2372
5660 5522 5777 7405
7693 5049 8006 6463
8006 8757 9141 9434
6027 214 6772 1403
6958 4177 7586 4914
2084 6000 3145 6432
6340 2614 6854 2717
4565 312 6001 734
2587 3190 4276 4112
7275 2946 7691 3223
3057 4499 4196 4814
2587 2439 3717 3152
5354 2680 6254 3291
86 5657 127 9864
2680 9661 5833 10000
4276 2320 4731 4023
2977 7241 3972 8172
305 438 1195 1396
6708 6474 7266 8704
9771 7811 9989 8077
6772 858 7001 1218
8472 707 9659 812
127 7056 384 9290
127 9290 576 10000
2451 1043 3908 1349
1880 8496 2633 8973
8843 7584 9145 8732
2449 4815 4224 5001
0 0 10000 214
