9180 4890 9841 5275
8809 3324 9468 3794
8809 2576 10000 3324
4459 643 5379 2373
3317 7929 3759 9381
3759 7929 4479 9342
8249 2576 8809 3267
1046 8879 1645 9694
0 120 108 10000
4732 5806 8886 6510
4525 5646 4732 9381
7560 3267 8112 4621
1212 2263 1730 2540
4732 7366 6046 8539
9482 5285 9799 7774
4732 6510 6656 7271
5856 4360 6097 5365
880 53 1211 120
6153 7366 6749 9327
1290 3783 1771 8246
6232 799 7265 1186
7977 6510 8261 9036
2793 531 4162 2367
108 120 323 10000
4732 7281 6552 7366
6097 3970 6626 4729
2793 2373 3949 4922
2793 120 3692 531
7219 6510 7977 9065
4525 4050 5319 5579
7055 9328 7868 9984
7526 5285 9482 5646
8886 5806 9471 6213
3949 2889 5807 4050
563 3955 849 7422
3692 0 8449 531
8271 7783 9408 7899
3949 2373 6671 2889
323 2540 1730 3783
5379 1186 6671 2373
5379 531 6232 1186
2657 1516 2793 4922
3949 4050 4525 7929
323 9837 1729 9988
8112 3928 9955 4879
323 120 2793 1516
7530 2576 8249 3258
1979 9381 6153 10000
8271 8939 10000 10000
9578 0 9747 1733
1771 4922 1968 8296
8112 3267 8809 3928
7526 4932 9147 5285
3317 4922 3930 7880
323 1516 1719 2182
1771 3783 2657 4922
6671 1186 7526 4729
1979 7413 3160 9315
7526 531 8449 2576
8449 0 9578 2576
5322 4050 5537 5573
1730 1516 2657 3783
4732 5646 9482 5806
2012 4922 3270 5717
6752 6510 7045 8668
6097 4729 7526 5646
2120 5840 3317 7386
8271 7901 9292 8939
