4779 9772 9900 9852
2125 4398 2563 6351
5974 7695 6423 7843
6998 2724 7461 3679
3273 3832 3912 4561
6708 7526 7226 8091
6172 401 7462 1511
3912 3832 5354 4561
322 4860 598 5673
25 8871 3570 9125
1288 7681 2233 8357
5918 1953 7096 2426
360 7913 1135 8386
1685 5209 2046 5885
5896 2725 6998 3788
1388 9852 3401 9945
0 9149 1015 9945
3731 7244 4720 7480
2233 6983 2482 8257
3508 8330 3930 8850
9423 9065 9749 9188
2857 4398 3158 4459
3236 108 4000 1315
6579 9618 9387 9772
1685 4400 2027 5129
8909 5848 9245 6299
5902 7030 6632 7244
1685 3796 3273 4398
7279 3832 7649 5420
9970 0 9994 7809
2233 6958 7129 6983
4821 5064 5164 6749
3236 1511 7270 1672
6423 8091 8317 8227
9455 1895 9503 2121
1965 9417 5716 9506
5924 381 6158 1132
4269 7955 5716 8100
5225 1219 6096 1315
1317 1201 2693 1325
1345 5154 1641 6227
8317 7795 9686 8004
8832 6775 9774 7526
5196 8100 5293 8267
120 385 500 2534
1345 6274 1895 6416
4269 8392 5716 9417
2693 472 3236 1672
6632 6983 7391 7526
7781 3529 8321 4068
1317 385 2693 1201
1379 1601 2085 1815
36 95 120 6557
4648 4561 7036 5064
2595 5869 2822 6836
8317 7526 9765 7720
5716 7955 5806 9700
9517 1075 9900 4411
1288 3796 1345 5726
9360 2335 9455 4066
3983 1953 5146 2276
6002 5885 6809 6716
1345 6958 2233 7681
9517 4411 9774 6775
7462 108 7617 1245
120 108 2693 385
7741 4068 8321 4566
9774 4568 9883 5377
4206 6749 5560 6865
2832 5869 4140 6480
7679 6628 8135 6765
4000 1169 5225 1315
3986 4561 4039 5148
500 385 1317 1953
3898 8876 4269 9149
2317 3124 4006 3743
2493 7244 3224 8262
120 2534 965 3336
2850 9506 3850 9852
4000 968 4999 1169
4000 381 4999 968
1399 8359 2207 8394
6437 7621 6708 8089
4763 5064 4821 6516
7270 1600 7338 2031
0 9945 3401 10000
1345 3796 1658 5111
7226 7526 8317 8091
1388 9169 1941 9239
120 3336 260 8871
6172 388 7435 401
3401 9852 6308 10000
1694 1325 1851 1545
5979 5420 8881 5885
1162 5695 1288 8394
7241 8631 7747 8906
1015 9149 1388 9741
9511 1075 9517 5110
1345 6459 2595 6958
965 2534 1288 5695
4024 2992 5869 3783
4000 335 7023 381
1755 1990 3723 2428
2693 1672 7270 1771
1965 9149 3872 9417
4303 4561 4648 5059
8462 3259 8794 4165
9271 1075 9511 1895
5806 8931 6579 9772
3604 1771 4217 1884
260 7862 344 8386
7211 8931 7284 9312
2693 116 3075 430
8662 8931 8753 9522
4 0 25 3394
4396 5064 4763 6037
6308 9852 9970 10000
2085 1325 2693 1953
5354 3832 7279 4561
3380 7549 5581 7955
2595 4561 2848 5110
3273 3796 7467 3832
8359 5885 8876 6186
1965 9506 2850 9852
9387 8976 9422 9750
7649 3305 7741 5420
5164 5064 6336 5413
2595 5154 4283 5867
9302 108 9615 902
598 3336 928 5127
598 6690 1162 7862
7741 4566 8321 5420
4779 9506 5716 9772
3872 9149 4255 9383
500 1953 1755 2534
627 6119 870 6690
2832 6516 4225 6740
7270 2305 7532 2708
7649 108 7782 3305
25 51 9970 95
6908 6230 8005 6520
3380 7955 4170 8276
7036 4561 7262 5405
9702 218 9900 1075
8321 3305 8462 5420
9051 1075 9271 3062
9900 95 9970 9852
4999 381 5924 1169
2317 3783 5731 3796
5164 5885 5977 6626
1291 2534 1755 3697
120 103 2657 108
2317 2428 7270 2724
1288 5726 1343 7308
6579 8931 7211 9618
4024 2724 5697 2983
7391 6958 8832 7526
2317 2724 4012 3112
9453 5322 9491 5731
5164 5420 5979 5885
5868 0 7667 33
7235 6829 8217 6958
7508 2724 7649 2845
6423 8227 8137 8587
8317 8004 9387 8931
1755 2428 2317 3796
3850 9506 4779 9852
5225 1173 5778 1219
1015 9741 1388 9945
3236 1315 6172 1511
7782 2707 8454 3305
9423 8004 9891 8972
360 8394 2493 8871
