923 594 1529 1464
8222 7336 8562 8057
5678 502 6072 3232
1601 8873 5208 8919
8680 992 8717 9805
7376 6457 7514 9255
840 4123 1116 5729
0 1464 490 2872
70 319 923 1464
5343 9255 8542 9487
1382 3526 1465 4123
3636 6428 6903 6561
3641 8226 3661 8873
4086 245 7147 319
1893 2536 2653 3050
329 6642 462 8845
9226 4630 9553 6896
1361 47 4086 319
3597 502 4370 2957
6920 6428 7493 6456
8595 1129 8607 8627
490 1571 1521 2254
1593 9005 7376 9058
1882 7416 2308 8873
6369 8356 6920 8922
1221 9956 7614 9996
6 0 70 1408
8905 6953 9922 8358
2546 8495 3015 8598
2855 3232 3101 4541
8905 8358 9767 8774
507 3944 803 4382
2534 6074 3345 6498
5361 2618 5548 3221
2065 4000 2172 4841
8910 992 9613 1635
6233 3232 6736 4107
1512 320 1529 594
4050 4309 5032 4496
4575 47 7147 245
3636 6956 5894 7627
7697 4835 8163 6244
805 6642 1116 9684
7819 6719 8222 8057
1449 9005 1593 9805
70 0 1361 319
5967 6952 6256 7937
1601 3185 2065 5173
3101 3448 5328 4052
490 2254 1345 2872
8140 0 8607 1129
6557 319 7147 1129
1565 1703 1777 1968
5328 3599 5929 4050
2855 1810 3528 3130
4370 502 5163 2618
1601 2536 1881 3135
1233 8919 2887 9005
2869 9509 7950 9520
3636 5962 5161 6428
8717 992 8863 2427
9622 992 9654 3650
9922 3499 10000 9805
1521 2536 1601 8844
1917 6334 2304 7416
1692 7021 1882 8520
5069 360 6113 502
1921 1989 2453 2408
67 2872 507 5628
8222 4109 8571 7075
1233 4123 1499 7807
9077 1639 9535 2684
4572 5506 6354 5769
7591 3827 8178 3839
1242 9005 1449 9780
7819 8057 8595 8706
7190 1787 7497 4890
1116 4123 1233 9805
3636 6620 6117 6952
9109 2813 9132 6304
8607 0 8649 9520
490 1464 1521 1571
1601 5173 3858 5427
7031 1129 7514 1787
5208 7627 5967 8919
4811 360 5069 500
462 9805 7614 9956
9294 2813 9471 4180
6920 6457 7120 7104
1882 5797 6791 5962
6443 5962 6686 6315
6790 3232 7031 4815
3700 7627 4679 8792
6920 8200 7183 9005
2887 8919 5967 9005
7614 9805 10000 10000
7514 6244 7819 9255
1233 8844 1546 8887
9654 992 10000 3499
1593 9255 1807 9805
7036 1787 7185 2027
840 2872 1326 3957
6113 319 6557 3232
8649 0 8680 9520
1593 9087 3324 9174
3986 9588 5359 9699
0 6439 1111 6638
1807 9520 3986 9805
1361 0 8140 47
5967 8008 6268 8355
507 2872 840 3944
2704 5054 7031 5173
7147 561 7920 688
7819 6514 8153 6719
5328 4522 6645 4994
1529 330 1579 1343
9132 2813 9226 6453
7819 8706 8607 9255
2855 319 6113 360
2308 7416 2546 8873
2304 5962 2528 7412
2534 6498 3016 7416
2855 360 3519 1739
6557 1129 6593 2502
7183 6457 7376 9005
4331 9087 4920 9228
8680 0 10000 992
9717 4996 9912 5027
4367 9255 5343 9394
462 6642 801 9714
3053 6498 3636 8853
9613 6187 9922 6953
1521 2451 2164 2522
5163 502 5678 2618
2657 319 2704 2451
5161 5962 6158 6428
2704 319 2855 4529
1593 9058 5998 9083
3991 3232 5808 3375
6920 7240 7183 8200
4050 4052 4868 4296
4196 123 4575 245
1777 319 2657 1989
0 5729 1116 6439
6072 502 6111 3158
2704 4541 5328 5054
6279 6567 6872 8340
3101 4052 4050 4541
8826 7341 8905 9570
7514 1129 7589 6117
