9351 6957 10000 7367
3445 8017 4294 8187
825 2297 1535 3632
8081 7178 9351 7367
4752 8202 5241 8787
1946 8187 2953 8535
4442 9605 5326 9754
9729 737 9845 2810
918 8187 1946 8535
4234 6498 9850 6509
6010 6509 7248 6672
217 9513 2953 9760
7266 441 9729 523
8015 1598 8844 2628
8551 3705 9095 4463
5583 5162 8694 5361
2285 4745 10000 4761
226 5086 375 5191
8811 4761 10000 5162
8875 5741 9370 6375
1718 2995 2834 3138
2614 2109 4095 2449
2070 2109 2614 2995
7266 1944 7845 2438
4757 2575 7842 2617
5892 441 5991 1194
6095 7441 7439 8336
5598 2628 6331 2757
6080 1152 6953 1987
3730 1601 4093 2100
5519 4237 6200 4625
1472 7152 1901 7163
8960 8237 9497 8829
6180 8829 6481 9559
4459 2762 6684 3138
2614 2449 2834 2995
807 3723 6267 3798
3455 3798 4120 4221
217 94 612 1390
3984 4761 6410 5159
6267 4463 9086 4632
2848 1248 3492 1292
5341 228 5892 549
9210 254 9709 403
4094 5162 4651 5256
2442 3263 3886 3705
5241 8336 5823 8787
1054 1673 3542 1887
8844 523 9000 2628
5892 334 9210 441
2499 3798 3383 4313
2716 1390 3989 1591
7905 3723 8550 4187
375 5713 466 9453
3586 8187 3799 9570
150 0 189 8307
466 5812 3335 6316
2285 4761 3901 5140
918 7005 1472 7985
4234 7672 6072 7840
3494 228 5341 444
1718 2620 2070 2995
152 9350 217 9992
8859 8965 9136 9644
7235 2628 9000 3138
8694 5346 8875 6375
1075 1074 2144 1194
2834 2449 4757 2762
5212 1987 6954 2449
829 7005 918 8232
2237 346 2390 729
611 5109 1284 5206
8694 5162 9850 5346
8081 7367 10000 7811
6267 3723 7087 4394
8404 7835 9131 8237
5077 6375 9370 6498
4095 1390 5212 1975
611 4745 2285 5043
1410 4313 3315 4708
1549 1903 3730 2109
5991 441 6064 1964
3993 6458 4234 7788
6473 5812 8694 6026
639 346 1023 1257
3492 549 4541 640
1535 2260 1718 3705
7776 1377 8305 1589
9095 3705 9764 4624
5214 8829 5495 8885
1718 3138 9000 3263
4234 6509 6010 6675
4234 6675 7958 6893
5495 8829 6180 9760
918 9327 2953 9513
217 9760 7901 9973
217 1399 2662 1601
4521 8787 7864 8829
7439 7441 7864 8336
2953 8187 3507 9699
611 3798 1410 4273
3487 5257 5583 5338
4120 3798 6267 4237
1679 5043 2285 5583
5892 241 8787 334
1472 7842 6052 7973
3315 4313 5181 4708
7330 1598 8015 1855
8081 7811 8404 8829
4234 6104 5077 6498
9135 1076 9666 1425
1410 3798 2499 4313
8875 5346 9850 5741
807 3706 7900 3723
3383 4237 5181 4313
7905 4188 8224 4423
375 1887 611 5219
3799 8187 4414 9677
7901 9803 10000 9979
611 4273 1410 4708
7776 523 8844 1377
5823 8336 7834 8769
4234 5861 5948 6104
7864 6893 7958 8829
9855 8829 10000 9668
1679 5583 2267 5707
9000 1978 9389 3041
217 25 976 94
1718 2183 2058 2620
6473 6026 8694 6375
5212 1292 5260 1955
4212 3490 9000 3705
611 1887 807 3798
611 4708 10000 4745
1229 6378 1470 7005
7000 5012 8811 5162
7303 6509 7809 6650
9853 228 9998 4503
5077 6104 6473 6375
6684 2628 7235 3138
6252 6893 7864 7441
5191 7615 5580 7672
2285 5361 4324 5592
4757 2449 7891 2565
5241 7985 6095 8336
1472 6338 3754 6450
0 0 150 10000
8404 8237 8960 8829
217 9973 3546 9993
612 1292 5212 1390
3886 3263 4212 3705
4521 8829 5148 9603
5181 4518 5374 4616
7266 523 7776 1598
8081 6957 9351 7178
5386 4632 8564 4689
4212 3263 9000 3490
466 6338 1210 6939
768 5219 1679 5691
6080 441 6950 1148
8081 6509 9850 6957
891 94 2621 308
6969 441 7266 1003
4452 8187 4521 9132
466 5736 7953 5812
9850 5162 10000 6957
918 8535 2953 9327
2756 6458 3938 7834
2834 2762 4459 3138
9136 8829 9855 9668
2621 0 10000 228
9370 5741 9850 6498
466 7754 699 9487
9136 9668 10000 9760
7958 6675 8081 8829
4095 1975 5212 2449
807 2109 1718 2260
7000 4761 8811 5012
3646 1194 3931 1291
9497 7811 10000 8829
9181 7811 9497 8237
1718 3263 2442 3705
638 5043 1235 5066
6735 4761 7000 5128
4234 6893 6252 7441
