5933 1283 7292 1899
747 4418 3705 5415
7466 1283 9766 1903
3705 4772 5160 7328
747 9776 9766 10000
747 9421 1926 9723
2537 5415 3323 6090
1967 7266 3303 9775
1251 6090 3314 6600
747 5415 2537 6090
6436 281 8319 632
4278 0 5912 3339
3424 0 4278 1542
5978 8635 6895 9752
9167 1903 9766 6159
3323 5415 3701 7951
5912 1214 9658 1282
4836 7328 5160 7961
770 2856 3048 4418
3 4637 747 9908
3323 7961 5160 9776
7156 6208 8234 6736
1220 7266 1967 7640
8357 4345 9055 5806
5272 8083 5729 9776
2211 693 3424 1542
760 6090 1251 6975
0 1884 2477 2407
5729 8083 7156 8635
1251 6613 3309 7265
3705 1884 4112 4772
5160 4345 5272 9776
7156 9539 9624 9776
5912 0 6436 1214
1220 7640 1967 9421
5912 2129 9109 2682
4112 3339 9167 4345
4069 7328 4836 7942
8357 6159 9600 8390
6436 632 10000 1214
5272 4345 8234 5587
9766 1214 10000 10000
5912 1903 8594 2123
104 2991 731 4637
846 7900 1220 9146
3121 1884 3705 4346
5912 2713 9129 3339
0 1542 4112 1884
5272 5587 8234 6208
8234 6062 8331 7320
7156 6736 8234 9529
5272 6208 7156 8083
0 693 2211 1542
4112 1542 4278 3339
8319 0 10000 632
6436 19 8316 281
139 24 3074 693
4118 4345 5118 4754
