4824 12 6292 384
2011 4637 2462 6586
7470 1452 7967 2604
622 1489 835 2568
2354 8079 3801 8494
6315 8544 7223 9538
3089 1450 6034 1792
1602 8128 1752 9527
2011 3061 4139 3731
2354 9366 4934 9849
554 8637 1246 8973
8702 3403 9997 3602
4835 4309 6379 4908
4202 2211 4468 3061
3580 4142 4151 6574
0 8079 397 10000
1814 6913 2435 7439
7314 7302 9256 7870
6073 9849 9380 10000
509 0 571 4430
6896 841 8743 1452
2252 384 3089 2638
837 8183 946 8403
622 3682 1581 5147
7967 1452 8743 2604
7470 3233 8595 4216
6315 9538 7916 9849
622 2638 4004 2950
1978 2014 2252 2112
2354 9251 6254 9366
0 7468 1063 7887
8702 2978 9797 3403
2354 8499 4048 8644
622 6879 1814 7468
397 9939 6073 10000
1654 5506 1737 6288
2354 8678 6275 9249
4835 4908 8623 5165
3089 2211 3837 2638
4700 1304 6346 1450
1246 8403 1565 9552
4052 8130 6181 8628
1737 5506 2011 6586
6744 745 8743 841
3089 745 4722 1301
5015 9884 5116 9915
6852 6279 7134 7150
3837 2296 4133 2561
5541 2211 6446 3417
4151 3941 6744 4309
8623 5222 9929 5855
3089 1908 6446 2211
9831 745 9995 2673
4468 3417 6446 3941
7314 5165 8623 6475
2462 6574 4151 7255
3089 1301 4097 1446
6896 1452 7470 4309
0 4589 509 7468
6315 7901 7124 8544
2237 2993 2614 3059
4722 745 6432 1298
4151 3061 4426 3936
9112 7901 9328 8544
4151 4309 4835 7468
0 2629 509 4589
9380 8544 9738 9211
8265 8544 9380 9538
622 6586 2462 6879
3582 1871 4943 1908
622 5147 2011 5504
2462 7255 2763 7444
8743 745 9174 2604
4934 9366 6315 9849
9174 745 9831 2604
622 528 2209 1489
3577 384 6527 698
0 8047 5549 8078
6446 745 6744 3941
8702 2604 9831 2711
7314 6475 9237 7143
7223 8544 8265 9538
0 7901 6302 8044
4468 2211 5541 3417
2462 4637 3580 6574
8702 2711 9792 2934
7541 2604 8702 3221
8702 3607 9922 4273
4835 5165 4996 6156
6379 4309 9914 4881
6744 841 6896 4309
1826 8123 2354 9939
7124 7901 9112 8544
9328 6475 10000 8544
0 0 509 2629
1085 7468 7314 7901
7916 9538 8754 9745
2011 4615 3198 4637
6527 0 10000 745
2011 3779 4037 4142
5089 5165 7314 6279
