1290 4124 1537 5157
8579 7848 9440 8649
2994 9129 4886 9464
1932 5028 4101 5357
3676 8178 4903 8811
5401 4323 6009 4514
5450 3100 6312 4260
6511 6710 6823 7063
7758 1922 8518 2406
1932 5357 3025 5691
3025 5357 4101 5691
6279 2418 8579 3100
9453 5816 9506 7649
4903 4610 6580 5297
1679 9481 1927 9554
2994 6018 3676 9129
3676 6848 3846 7371
7991 4610 8266 9111
7282 8614 7991 9167
8579 6510 9286 7848
3086 9481 6075 9694
8674 8649 9247 8940
707 1980 1286 4847
1829 8551 2331 8772
4903 6721 5851 6859
6823 5297 7646 6714
6511 7063 7282 9715
3757 8811 4097 9082
4812 0 4903 8178
1932 2430 4441 3147
9306 6632 9379 6827
6159 9898 6511 10000
3425 3148 3501 4975
5264 6859 6159 9129
1290 418 1931 985
7351 8239 7646 8292
3929 9873 5508 9999
7282 9167 7991 9584
307 4090 365 5253
7282 8292 7503 8573
7282 9584 9842 9714
2718 6018 2994 8772
876 7797 1354 9873
0 5377 1290 6018
1354 9813 1667 9828
1932 941 2937 2430
1593 3713 1932 5863
5401 105 6828 720
8266 4610 8579 8649
7077 6714 7279 7027
5401 2418 6259 3060
6590 4621 7573 5297
6322 3100 6645 4586
7800 3100 8565 3642
5609 1444 7688 2409
4916 6859 5264 9039
1932 418 2531 826
8579 105 9153 2935
6159 6859 6511 9898
221 0 4812 418
4457 418 4787 3061
876 6672 2394 7797
6828 105 8579 720
9306 528 9830 908
5401 0 9958 105
7991 9111 9552 9584
5401 720 5608 2414
9552 8442 9616 9083
4442 7380 4781 8178
9880 908 9947 9760
1624 985 1932 3642
1932 3188 3245 4625
4903 0 5401 4610
4392 3148 4719 5730
1829 8772 2994 9481
4101 3148 4390 5568
221 418 1220 1623
1290 985 1612 3693
9440 908 9793 3973
7646 4610 7991 8614
7758 1464 8563 1922
5609 720 8579 1444
0 0 221 5377
6511 9715 9880 10000
7800 3660 8576 4610
3676 6009 4795 6825
3504 3148 4075 4977
3241 418 3728 1736
2415 6672 2660 8273
9958 79 10000 9956
0 6672 270 9873
270 6672 876 9873
5391 5799 6808 6710
1932 4625 3425 5028
0 6018 2718 6672
3030 6009 3066 6018
1354 7797 1829 9481
6717 3100 7800 4610
2937 1881 4426 2430
1932 5691 4392 6009
