8351 202 9352 1436
7952 7756 8766 7925
1208 0 5903 149
948 3779 1638 4691
1144 5733 1268 8578
7952 6752 8094 7756
5837 5434 7267 6380
3466 6074 4649 6752
5060 2953 6393 3092
2528 9316 6118 9494
948 4721 1412 5637
2109 5829 2947 6140
8419 4564 8703 5407
104 1345 369 5889
4743 4564 8419 4771
8298 171 8351 1429
6001 540 6836 2953
2184 8218 2528 10000
1223 1530 1540 2563
2528 8662 3188 8859
2109 3341 2490 5791
5339 6904 5482 7987
3033 4335 3233 6902
7464 1459 8350 1544
1268 5733 1598 8321
369 4198 864 5541
9279 7314 9552 8550
3466 6752 7952 6904
3337 2796 4744 2897
8351 1436 9352 2005
2163 437 5502 717
2528 8928 5183 9316
4302 1479 5298 1759
9972 2264 9998 9074
495 2213 1223 3058
902 1530 1205 2079
5368 717 5502 1479
369 0 495 4198
7084 171 7464 2005
495 3058 4976 3106
8717 8 9988 202
878 3142 942 8269
2963 149 5789 237
1711 8218 1724 9913
3233 6074 3466 6904
6951 8914 7952 10000
2109 6159 2995 6651
7267 5070 8419 5445
948 3259 6890 3325
5482 6904 6398 7700
9319 5843 9542 7095
5487 7700 6061 8640
1838 2936 4829 3049
902 0 1208 149
2526 3634 3232 4335
9079 9220 9701 9362
2492 4857 3033 5828
1878 2016 2163 2936
1571 149 1600 2619
5903 185 6966 259
5502 437 5903 1807
8393 5445 8805 7314
1878 6904 2838 8218
7084 2820 9751 3331
9562 3341 9930 5280
3916 4719 4700 5063
6775 9494 6950 9672
902 149 1571 451
6118 7700 6951 9494
5837 5070 7267 5434
7550 3341 8195 4148
2163 2188 5753 2254
3233 4564 3916 5954
6398 6904 6951 7700
5060 2434 5166 2903
8805 4827 8879 5838
7762 171 8251 1370
7387 7165 7662 8666
948 5733 1081 8881
8971 7314 9261 8533
2783 1551 4082 1807
2492 4335 2647 4850
8795 2264 9972 2820
7940 2005 9352 2264
7532 5445 8094 6380
104 5889 878 8977
1600 149 1878 1898
3983 764 5368 1397
8805 5843 9252 7305
8393 7314 8862 7684
2528 8218 5388 8662
7464 370 7720 1448
6850 505 7084 3142
7982 7925 8527 8550
7662 7165 7938 8142
2163 1807 4202 2188
1649 3779 1711 8295
1711 4514 1878 8218
7952 8561 9079 9420
5903 888 5999 2586
4649 6380 8094 6752
3233 3799 5920 4075
8884 3341 9562 4467
495 0 902 2213
4202 1807 5903 2188
3233 4075 6563 4564
902 451 1571 1530
7084 0 8351 171
948 3341 1871 3779
1711 3846 1878 4514
7464 1544 8351 2005
7940 2264 8795 2723
2875 6904 5319 7381
0 8977 652 9956
1878 437 2163 2016
2163 2280 3087 2776
1724 8218 2184 10000
2838 8003 4922 8213
3056 241 5711 425
4743 4771 8419 5070
356 0 369 1171
6563 4407 7692 4471
5082 5409 5821 5952
8094 5445 8393 7756
6563 4477 8624 4557
0 1345 104 8977
7952 9420 8809 9825
7084 2723 8795 2820
1223 2619 1590 3004
8560 8546 8699 8561
948 3198 3966 3259
0 179 313 1345
1878 3341 2108 6648
7167 2213 7940 2696
1878 149 2963 437
3916 5409 5082 5954
4715 4592 4743 4719
6951 6904 7952 7165
2163 1437 4462 1472
948 9012 1634 9993
6951 7165 7387 8914
1613 1898 1808 2560
495 3142 826 3758
7387 8666 7930 8914
4746 6066 5837 6290
3461 9494 4140 9831
3233 5954 4638 6074
3916 5070 5837 5409
8772 7756 8947 8411
9352 202 10000 2264
7267 5445 7532 6380
2838 7423 4915 7930
1878 6720 2902 6901
