5120 7517 8166 8701
9366 1311 9580 2938
0 1643 1391 1844
0 1956 4569 2902
3705 3452 5767 6561
2398 5848 2504 7145
8166 7521 9202 7890
5866 3452 6483 6129
7513 4268 7987 4659
166 3095 2381 5511
1824 1729 2945 1922
5226 56 6451 1311
8194 4268 8906 7314
5866 6313 7333 7284
2759 4107 3695 7503
7419 3582 7513 6323
4521 9098 8003 9489
1051 5698 1670 6202
9839 4948 9999 9965
3705 6561 5519 7022
2398 3095 5130 3331
9065 4268 9355 6537
7419 2343 9366 3582
865 5684 932 9078
6705 1311 9366 2343
8166 7890 9839 9694
932 6279 2178 7143
8166 9694 9839 10000
5767 3452 5866 7517
9338 56 9677 1311
932 7145 2408 9478
2408 9098 4463 9928
139 5684 845 9900
6451 56 9338 1311
914 56 2284 429
7513 3582 9366 4268
4878 7517 5120 8701
4521 9527 7875 9974
7419 6323 8144 6902
6490 2343 7419 6313
2408 7145 2523 9098
845 9478 1320 10000
5866 7515 8523 7517
2523 4440 2738 5783
0 5 9301 56
5226 2343 6490 3452
2759 7517 4878 9098
1320 9478 2408 10000
3790 7244 3869 7399
9677 0 9934 4764
9366 4948 9839 7890
4774 56 5226 3095
5226 1311 6705 2343
4878 8701 7222 9082
3111 56 4774 1904
7744 8714 8166 8929
241 577 2552 1105
