5677 7996 6910 8521
275 8521 971 8650
6366 244 6928 3039
4928 7144 5446 8423
4787 2241 6366 4035
7992 824 9843 1154
2843 3350 3096 3412
663 1941 1295 3781
9774 5038 9828 6465
275 8692 5226 8858
2352 8323 2803 8324
0 7246 244 7536
275 8873 5743 9390
6928 2933 9198 2945
341 4344 2352 6317
6928 0 7992 793
6928 2945 9349 3036
6543 4466 6865 5617
4953 244 5262 1288
7640 9240 9655 9413
2352 5574 3143 8323
7640 7036 9711 8217
0 9413 3982 10000
5677 5135 6543 7996
663 1501 1295 1941
7640 5038 9774 6176
2352 244 3069 1288
275 244 663 4344
3254 3412 3538 5135
663 244 2031 1501
5937 8521 6110 8918
663 3781 2352 4344
7992 0 10000 824
7152 4466 9351 5038
4836 9648 9920 9996
275 6317 2352 8324
1295 1501 2352 3781
5677 4035 6543 5135
7166 5038 7640 7486
6928 1496 9351 2933
275 8324 2538 8521
2352 2241 4077 3156
275 0 6928 244
3143 5205 4085 8037
3143 8037 4655 8319
2352 1288 5262 2241
6910 4466 7152 8521
2538 8324 4787 8521
3982 9413 4815 9959
3538 3412 4085 5205
320 4344 341 5273
2031 244 2352 1501
7640 8217 7970 9079
9351 1154 9832 4765
5270 9457 7659 9547
6366 3436 9232 4035
4883 9430 4897 9648
6366 3039 9278 3415
9711 7036 9831 9158
7992 1154 9053 1488
255 1562 275 3121
6543 4035 9351 4466
3069 244 4953 1288
2352 5205 3143 5574
8006 8217 9464 9227
7640 6176 9774 7036
5262 244 6366 2241
5452 4730 5677 8252
4752 2241 4787 7738
4085 2241 4639 6877
6928 793 7992 1496
9843 824 9980 5514
