6844 6071 7153 8275
7930 7050 8081 7307
7579 1433 8836 1663
9312 3273 9664 7050
2694 8275 7840 8288
1626 7968 1866 8151
2075 4039 4636 4383
9146 9419 9873 9732
312 7945 673 9104
2626 5556 7622 5719
525 521 9350 631
619 2473 1106 5034
573 9104 975 9525
1193 2486 3648 2572
312 6924 1193 7945
5390 1810 7176 1987
1193 2575 1911 3617
3828 734 5926 1217
2075 5079 4153 5514
6404 8288 8767 8575
1519 7236 2626 7968
1531 4022 2075 6080
4243 1217 4982 1476
1911 3097 3040 3405
1838 268 4686 381
619 1612 2240 2473
1130 1584 1671 1604
2694 5754 3354 7693
7622 3679 8468 5719
8708 1663 8836 5526
9350 268 9771 734
4989 1584 7579 1810
8836 6401 9312 7050
3209 1410 3550 1538
3354 7201 5704 7692
9664 812 9766 4567
7176 1810 7579 3679
9512 8279 9661 8730
5726 3205 6274 3430
5726 6295 6188 7355
7843 2753 8613 2906
6423 9419 8624 9830
3888 1584 4989 2575
7089 5937 7661 6071
1932 882 2451 1584
2075 4388 2623 4623
2075 5556 2598 6047
6274 3801 7606 4055
6274 3679 7614 3801
6844 5822 8309 5931
0 0 519 603
53 5437 55 6924
3650 4383 4670 5079
5690 4063 6229 5072
7579 812 8167 1433
1548 6116 1831 7032
573 9527 1584 9877
3354 6028 5284 6280
1450 734 3209 882
1193 3617 1519 8171
2694 8629 8751 8969
1831 6810 2609 7236
1775 9104 3789 9419
55 1584 345 6924
5295 8291 5985 8607
4186 5079 7622 5556
1203 9104 1775 9415
0 1208 1932 1584
990 9419 1567 9518
7579 1663 7843 3222
8836 5385 9278 6401
7930 6463 8815 6852
2871 2294 3888 2473
673 7945 1193 9104
2871 1584 3888 2294
3789 9104 7827 9394
4989 1810 5390 4022
1321 8171 1709 8856
5024 1242 6718 1556
8836 1433 9664 2044
1450 882 1932 1208
8468 3679 8590 5392
8767 8288 9512 8972
3354 6295 5724 7191
573 9890 9146 10000
8525 7557 8599 8153
0 631 4153 734
6199 6028 6618 7374
2075 4623 2712 5079
8836 2044 9253 5280
582 42 1838 438
2240 1584 2871 2473
525 518 8002 521
2451 882 3209 1584
5390 1987 7176 2716
345 1612 619 5657
2626 5719 2694 8972
8167 812 9650 1363
1519 3617 4989 4022
3354 5719 6844 6028
6285 4063 7182 5007
345 5657 1193 6924
3789 9394 7482 9416
4287 7693 6844 8275
9312 2044 9655 3247
5726 7404 6533 7677
7153 6071 8836 6463
7827 9104 10000 9419
5926 734 7579 1217
7182 4063 7622 5079
1831 6116 2624 6694
6340 2716 6854 2819
4153 631 9350 734
3398 2575 4989 3617
7579 3222 7838 3667
2712 4383 3650 4747
1911 2575 3398 3097
5390 2716 5625 5056
0 9104 196 9984
1598 9419 6423 9890
4670 4022 5390 5079
2694 7693 4287 8275
0 734 1450 1208
7153 6463 7887 8219
9771 7811 9989 8077
6772 1217 7001 1577
7928 740 9659 812
0 6924 312 9104
212 9104 573 10000
3209 734 3828 1410
1193 8972 4400 9084
9034 7557 9509 8287
2712 4747 3650 5079
1838 0 10000 268
