9583 4874 9968 5535
8749 2576 9114 3384
9114 2576 9989 3926
2998 2076 5442 2697
3529 8434 4376 9201
3529 7236 4378 8434
8249 2576 8749 3384
759 8619 1645 9170
0 0 108 10000
7977 5807 9482 7119
4412 5426 4728 7898
7304 3928 8112 4853
1455 2281 1902 2602
5486 5075 5908 8714
9482 5807 9799 8296
4728 6663 5455 8677
6087 5075 6551 5597
880 53 1211 120
5908 7483 6850 8714
1013 5758 1771 8590
6232 815 6951 1371
7977 7946 9216 8525
2998 994 5321 2076
108 0 323 10000
5911 6487 6087 7366
6363 4252 7122 4781
729 4252 6363 4874
1944 443 6407 527
7373 5619 7977 8714
3374 3928 7156 4249
4728 9206 9064 9329
7527 4874 9583 5619
7977 5622 9264 5807
1455 2697 6232 3211
729 4874 994 8616
7037 443 9578 1509
8551 7141 8725 7899
5442 815 6232 2697
380 3211 729 8557
6232 1509 7244 3211
3001 589 6208 781
2737 3211 3367 4210
1001 5075 4378 5758
323 9837 2425 9938
8112 3928 9965 4874
323 120 1455 3211
7315 2576 8249 3101
323 9204 4378 9837
4378 9329 10000 9837
9578 443 9747 2176
1771 5758 1963 9204
8249 3384 9114 3928
6741 4874 7527 5602
2607 6145 4269 7236
1455 443 1944 2281
729 3211 2737 4252
3374 3211 8249 3928
1963 5758 2607 9204
7244 1509 9578 2576
1455 0 10000 443
4378 5075 5411 5392
1944 589 2998 2697
4728 5426 5484 6663
995 4874 6401 5059
6850 7483 7367 8706
6087 5619 7373 7483
2607 7236 3529 9204
4728 8714 8773 8976
