7170 6216 7997 10000
4 630 154 6962
9204 8372 10000 10000
6358 3467 8682 3880
2610 165 2805 2196
1273 7738 2109 9776
1273 3392 3307 3877
6268 6216 6508 8311
154 630 1273 2093
2805 165 7618 775
2124 8487 2839 9383
6676 5243 8134 6216
798 5673 2527 7209
3664 775 7618 1373
2124 4759 2896 5673
0 165 2602 619
0 0 8878 165
9204 3467 10000 8372
4418 2226 8098 2341
4473 3880 6211 5299
2896 4759 3892 7209
1273 2446 3192 3373
1273 3880 2124 4397
8132 2446 9702 3022
0 7209 3892 7738
3620 8487 5578 8685
2839 8846 7170 9383
6091 5311 6208 7136
8878 855 9242 1063
154 5673 798 7209
2081 630 2581 2265
7483 3030 9653 3466
303 3748 1206 3819
7618 1063 9259 2226
3410 9383 7170 9819
1273 630 2079 2443
3124 7738 3337 8304
2081 2372 10000 2446
2124 3880 4473 4759
8375 7335 9204 9105
6676 3880 8682 5243
2484 9494 2669 9819
2839 8708 7035 8846
3316 2446 7234 3467
3518 775 3664 1372
3329 3467 6358 3880
7997 6216 9204 7263
2527 5673 2896 7209
6386 3880 6676 6111
0 8912 1089 9813
154 2093 301 3581
8134 5243 9204 6216
3892 4759 4473 8487
4473 5311 5214 7776
7670 165 8803 1004
9702 2446 10000 3467
2805 1373 7618 2226
8375 9105 9204 10000
8375 7263 9204 7335
6508 6216 7170 8698
154 4397 2124 5673
9259 0 10000 2372
5231 5311 6035 8276
7997 7263 8375 10000
8682 3467 9204 5243
0 9819 7170 10000
