4831 3929 5498 4168
7065 7936 9733 8829
1895 5016 3018 5374
2781 3752 3274 4684
9163 9323 9731 10000
5498 3782 7559 4227
1235 2056 2780 4652
3998 5877 4965 7015
4364 3157 5700 3716
7115 9323 9163 9883
3998 9010 4954 9129
3998 8658 6906 8829
9412 4159 9598 4508
1235 1152 2575 2037
5108 9323 6370 9882
2780 3300 3742 3752
9047 1717 9733 4055
4018 3831 4315 4669
1895 5374 2402 6413
6258 6242 6858 7221
0 8068 752 9883
3380 9152 5108 9743
3998 7426 5522 8585
8315 599 8353 2958
3122 6024 3230 9191
5674 5877 5777 8455
4121 2025 5167 2816
3786 1152 3851 5230
9047 792 9733 1717
1235 4652 2780 4842
3998 8829 9733 9010
7559 2749 8127 3566
5168 304 6237 450
780 8068 1162 9694
9047 4959 9325 5040
6238 7516 6614 8499
754 6908 2408 8068
3998 5195 8200 5508
7559 4085 7956 4305
375 3619 1125 4794
2951 5374 3122 9743
9780 792 9981 7703
8353 6035 9047 6797
375 4842 754 8068
8472 792 9047 4019
8472 4019 9047 6035
0 5343 375 8068
3998 7324 5374 7426
8472 0 10000 792
5792 5877 6238 8624
778 123 6086 301
2950 5374 2951 7130
1469 8346 2950 8936
5211 861 5696 1786
3639 5894 3710 8173
6858 6379 8200 7516
9733 6641 9762 7891
6334 13 8109 428
3274 3752 3648 4773
8313 6797 9412 7563
6386 9323 7115 9878
9009 7563 9157 7900
3851 1152 3998 9150
754 4842 1895 6413
0 9883 9163 10000
2408 5374 2950 8346
5789 1203 7025 3782
8353 0 8472 6035
752 9743 5108 9883
5276 2244 5789 3157
5108 9010 9780 9323
6880 6242 8196 6379
9598 4055 9691 5624
0 2313 375 5343
1246 602 3860 1152
9731 9323 10000 10000
4364 4227 7559 5195
1162 8068 2408 8346
1162 8346 1469 9743
3998 5525 5513 5875
0 418 883 2313
6808 8627 7065 8653
1469 8936 2950 9743
3998 450 8313 861
6661 7516 6966 8418
5789 861 8313 1203
4982 6475 5401 7297
7065 7516 8200 7936
8200 4085 8210 6222
754 6413 2408 6908
6238 5508 8181 6226
7025 1203 7126 1772
384 2393 1235 3619
