3274 6156 8731 6506
3274 2325 3749 5486
118 0 916 431
2190 3174 3135 5488
7940 3918 7975 4303
3749 3301 3918 4843
3749 2203 4385 2383
0 2332 181 3570
3229 8558 3237 9597
933 5577 1463 10000
0 6240 689 10000
6804 1956 9705 2590
5088 645 7754 993
3274 5486 10000 6156
3990 3351 6197 5271
2677 7422 8118 8179
1499 1468 10000 1623
7909 258 8873 993
0 4188 1409 4874
1673 1623 3124 1937
2677 8433 7448 8558
38 993 514 1673
8184 8237 9773 9514
0 645 5088 993
9653 3918 10000 5486
3990 3079 6804 3351
3007 1184 7340 1390
7213 6506 8722 7168
514 993 8873 1184
8731 6156 9825 8237
2236 7375 2677 9202
201 2325 1192 3965
689 6240 924 9540
2677 7375 8435 7422
3519 9083 5218 9669
3884 1623 5107 1690
6589 0 8873 258
2190 7170 6676 7276
7653 3351 9564 3913
2190 2325 3274 3174
0 5577 933 6240
8873 0 10000 1468
2677 8400 6380 8433
6382 9022 7184 9940
535 1184 1499 1924
9825 6156 10000 10000
1499 2260 3738 2325
2190 9734 3524 9931
5107 1623 10000 1956
2972 8237 7437 8380
916 0 6589 258
1499 1184 3007 1468
7754 258 7906 992
6197 3351 7653 4348
3237 8558 7448 9022
7448 8237 8118 9817
3214 6506 6163 7138
8184 9647 9791 9913
3990 5271 7132 5440
1463 2325 2190 10000
6197 4348 7648 5271
3749 2383 6804 3079
7648 4348 9653 5486
6804 2590 10000 3351
916 258 7754 645
1499 1956 6795 2154
0 5005 1461 5577
1334 3984 1463 4176
9705 1956 10000 2590
