6105 9659 7166 10000
1728 5311 4418 5500
6422 7633 6570 8082
6950 2708 7648 3197
3446 3792 3970 4731
6708 7405 7391 7856
5924 619 6793 2335
4018 3792 5253 4771
597 4534 699 6690
2687 8394 3856 9028
1510 7047 2224 7942
5924 2335 6624 3131
261 7374 597 8393
1930 5169 7882 5210
5888 3197 7467 3792
597 9862 2263 10000
597 7942 1015 9862
3731 7221 4720 7457
1411 6742 2434 7047
3682 7467 3936 8331
8935 9065 9424 9147
3157 3829 3181 4594
2919 0 6793 330
7166 9588 9387 9750
1930 4902 2956 5145
9244 6275 9490 6891
6435 6749 6632 7542
597 3829 3157 4534
6258 5210 7912 5500
9970 792 9994 8601
2833 6897 4344 6978
699 5882 5097 6083
5231 1609 5888 2415
6708 7856 7391 8227
9366 1895 9462 2008
1591 9028 2313 9618
5924 381 6753 593
4174 7974 6172 8087
5888 969 5924 3197
1755 1234 4153 1310
699 5210 1728 5500
8698 7293 8931 8521
8422 6520 9244 7293
5126 8087 5293 8184
0 1542 415 2534
699 6251 3953 6275
4174 8227 5734 9148
2919 330 4096 969
6708 6619 7310 7405
8097 3234 8446 4068
1698 969 5231 1218
1755 1601 2129 2005
12 2534 120 7560
3446 4865 7169 5169
699 6138 2962 6235
8422 7293 8616 8741
5734 8671 7032 8792
8888 2708 9774 4065
911 4902 1317 5179
8888 4065 9465 4350
3983 1804 5146 2127
5097 5922 8888 6083
2224 7457 3655 7934
9512 4065 9727 7093
6950 0 7644 254
45 116 415 1542
8097 4068 8462 4865
9774 2708 9797 6542
5559 6749 6236 6981
3096 6083 8764 6224
7992 6520 8135 6957
4750 1314 5173 1765
3983 3917 4017 4832
637 116 1698 1218
4174 9148 8997 9169
2284 3283 4170 3792
1015 7942 2928 8331
120 2534 637 3829
1572 9641 3936 9862
4103 484 4529 969
4529 381 5924 969
1015 8376 2586 8394
6634 6520 6708 8227
2833 6416 6634 6749
7203 1600 7271 2031
0 8393 597 10000
699 4534 3092 4706
7990 6958 8422 9065
1144 9081 1389 9239
120 3829 597 7374
6950 254 6989 675
2263 9862 6105 10000
1755 1322 1912 1542
5168 5500 8871 5865
1125 7047 1510 7942
7648 8631 7977 9054
1085 9239 1572 9862
9494 4065 9512 5410
1125 6275 2434 6742
637 1250 1328 2807
4170 2954 5888 3792
4096 330 6793 381
1755 2028 3910 2428
6793 0 6950 2335
2313 9028 3856 9417
4018 4775 5927 4865
8462 3259 8794 4165
9271 1075 9970 1895
3936 9659 6105 9862
3983 1680 4736 1772
130 7728 261 8064
7085 8821 7212 9040
2676 116 2833 880
8662 8761 8859 9034
0 0 45 1542
4234 5500 5168 5882
7166 9750 9774 10000
2130 1679 3696 1953
5253 3792 7500 4561
3936 7458 5734 7955
1837 4711 2596 4894
3183 3829 3443 4632
5097 5882 8888 5922
2313 9417 3936 9641
9387 9621 9597 9750
7509 3792 8091 4850
1804 5219 6250 5311
699 5500 3943 5871
9271 254 9897 651
637 2954 1266 3829
597 6690 1125 7942
7169 4865 8888 5169
3936 9588 7166 9659
3856 8331 3936 9417
415 116 637 2534
699 6316 1070 6690
2434 6275 2833 7047
7207 2305 7469 2708
7057 650 8556 986
45 0 2919 102
6634 6374 8813 6520
2994 7942 3651 8328
5253 4561 7304 4654
9271 828 9958 1075
7912 5169 8888 5500
7494 1564 9271 1810
9800 1895 9963 9802
5231 969 5888 1609
2284 3792 3446 3829
2833 6275 6634 6416
1437 1218 1755 2915
45 103 2582 108
1755 2428 5231 2954
1125 6742 1411 7046
4174 9182 9756 9470
5231 2415 5888 2954
7391 6520 7990 8227
2284 2954 4170 3283
9490 5730 9509 6548
4418 5311 6258 5500
7648 0 7905 231
8135 6520 8422 6958
7648 2708 7695 3071
5934 8227 7648 8587
8931 7293 9483 9065
1266 2954 2284 3829
3936 7955 4174 9588
3414 1218 5231 1232
1015 8394 1085 9862
2130 1314 4717 1624
7467 3197 8097 3792
9483 7293 9771 8866
1085 8394 2687 9028
