5759 80 7691 439
5839 8037 6043 8887
801 1521 1174 6540
2262 8375 2474 8503
7691 210 9078 508
321 585 2454 1016
8059 2355 8723 3011
4543 5412 7031 5731
3377 4091 3914 5731
3634 598 4083 630
0 0 4083 585
3897 2287 4470 3167
1335 1817 7372 1961
6136 2355 7318 3525
0 585 321 7883
4940 8725 5826 9403
2317 3926 3011 5491
3897 1961 5374 2287
8527 5253 8722 5823
7393 9920 10000 10000
4083 0 10000 80
8975 1791 9819 2097
0 8037 164 9899
3377 5731 3854 6537
3011 3926 3914 4091
8975 2097 9902 3224
801 1225 3084 1519
8750 5253 8962 8307
3298 6540 5510 7787
6108 1961 8975 2355
984 1060 1991 1225
3871 5775 5933 6540
4083 80 5755 846
8037 7768 8527 8037
3052 8509 4879 9899
4931 3625 5721 3921
2497 8037 4879 8158
6600 4294 7009 5335
9080 210 9446 1788
7393 8307 7681 9920
7393 8037 8750 8307
2606 6649 2839 7787
7691 508 8706 1299
5844 1961 6108 3652
8975 3224 9902 3691
8161 5298 8518 7678
5510 6540 6054 7432
4470 2287 4931 2625
8723 2355 8975 3011
321 1045 801 1570
8707 508 9080 1297
7031 5298 7963 8037
4798 2639 4931 3142
4879 8037 4936 9752
5394 4294 6041 5408
9902 210 9999 2710
5839 9368 7101 9805
1335 1623 5821 1791
0 7883 717 8023
2606 7787 6054 8037
7318 3011 7520 3538
4470 2625 4784 3160
7031 4294 8527 5298
2648 8158 3042 9449
2606 6555 3298 6649
6571 5999 7026 7768
1335 2574 3415 2828
4931 2287 5372 3488
7318 2355 8059 3011
6571 7844 7020 8029
8527 3926 10000 5253
8962 9528 10000 9920
1465 3167 3864 3597
164 8037 2497 8166
1335 2828 3897 3167
1506 8166 2073 8429
321 4262 797 4684
164 8166 1506 9361
7691 1299 9080 1791
2711 630 4006 850
6061 8037 7333 9357
1399 7338 2172 7593
0 9899 7393 10000
8148 3011 8975 3691
2711 973 5304 1045
4226 4488 4542 5671
3023 4091 3377 5611
4116 3926 4543 4467
6959 476 7691 1138
2298 8599 2497 9899
6846 439 6905 741
801 6540 2606 7338
4543 3926 8527 4294
3415 2574 3544 2743
6187 4634 6600 5412
2839 6649 3298 7787
1810 5790 2012 6474
5510 7432 6054 7787
8962 7651 10000 9528
5374 1961 5844 3625
7691 80 9953 206
7978 5298 8036 7408
8036 5298 8161 7767
6054 5999 6571 8037
7527 3011 8148 3652
6054 5731 7031 5999
1335 3167 1443 4968
321 1570 801 4262
3087 1228 5746 1521
8962 7596 9503 7651
1174 1521 1335 6540
164 9361 986 9405
164 9409 1505 9863
389 5102 698 6811
5844 3691 9902 3926
3052 8158 4875 8509
1335 1961 3897 2574
4543 4294 5394 5412
3914 4488 4177 5523
5844 3652 8148 3691
7681 8307 8962 9920
9446 210 9902 1791
513 4719 785 5084
