0 2324 121 9822
8435 2619 9136 2826
6845 4490 7565 6072
2263 9366 4273 9636
6845 6072 7485 6380
890 4540 1112 6664
813 2073 1630 2864
600 4540 890 6373
5594 6916 5937 8009
1265 5136 1390 7609
9287 4294 9528 8122
2581 6079 2908 8439
3104 926 3991 2228
517 9964 6260 9965
6040 3195 6294 6079
516 4540 600 6181
7793 6455 8493 8122
134 2324 200 8335
1648 8759 2263 9754
3575 0 10000 184
9967 184 9990 9333
6845 6380 7485 7711
6801 614 7750 807
5288 3824 5461 4042
3509 8143 6222 8439
8590 7223 8624 7577
7750 184 9195 1514
9528 5270 9967 6327
872 7077 1114 7868
813 184 7278 543
3509 6754 4885 7603
8054 8122 9399 8412
5977 8471 6050 8715
317 184 460 1978
9199 184 9722 1377
774 8759 1648 9307
813 3497 2590 4105
3048 2339 8435 2692
5227 3880 5261 5809
2590 2864 2871 4521
1838 7179 2581 8439
3991 925 4845 1509
509 7077 872 8580
256 2324 294 8391
8184 3195 9643 3784
2929 6133 3141 6451
1838 4618 2203 7179
9528 3784 9967 5270
2581 4938 5172 5447
480 8739 7544 8759
1114 5249 1218 6062
506 2597 773 3245
8421 6131 9002 6292
2488 9657 5355 9754
6832 4445 7565 4490
7485 6072 7742 8439
5720 1514 8435 2339
5134 9428 10000 9654
0 0 317 2324
9528 6327 9967 8439
124 9754 9411 9964
5937 7746 6217 8143
784 4105 1747 4540
6849 8439 7293 8709
2203 5205 2573 7179
813 904 1836 1535
600 6373 890 7077
9643 2619 9910 3335
813 2864 2590 3497
317 1978 454 8739
1766 4540 1818 6491
1747 4105 2590 4540
7544 8439 9967 9366
8435 1929 9586 2318
2581 5447 5227 5810
7742 6455 7793 8122
460 184 806 1955
2908 6451 3509 8439
506 4105 784 4540
6075 1177 6126 1514
1838 4556 2253 4618
454 1978 506 8715
7565 4294 7742 6072
872 7868 1458 8715
6294 3512 7355 3578
6567 6079 6845 6916
3509 6079 4885 6754
6294 3578 8184 4294
8421 4313 9240 6042
7633 2692 8435 3195
1458 7108 1838 8715
1917 2645 2947 2814
2263 9159 7544 9366
7742 8122 8053 8432
4693 9366 5134 9607
8556 6455 9132 6766
3903 3025 3999 3312
3999 2692 5200 3326
4885 6079 6567 6916
454 8715 7544 8739
5937 6916 6845 7711
1265 4964 1766 5136
6365 2700 7633 3178
1114 6062 1265 7431
4885 6916 5561 8130
256 9586 1611 9748
8493 7577 9287 8122
3607 614 6216 803
8334 3784 8964 4151
9411 9654 10000 9964
8435 1514 9967 1929
6222 7711 7485 8439
9722 184 9943 1448
1114 4540 1766 4964
3991 1514 5033 2339
1114 7431 1265 7868
6294 4490 6321 6079
2263 8786 7376 9159
3048 2781 3873 3863
5461 3264 6009 5089
8028 4294 8408 6303
1838 8439 5958 8715
5033 1514 5720 2339
2897 5810 3526 6015
3509 7603 4885 8143
5261 5089 6040 6079
2766 110 3575 184
1458 5136 1766 7108
3048 3880 3887 4445
5134 9366 9967 9428
7742 4294 8028 6455
4871 925 5580 1105
6321 4513 6836 5827
