0 8630 733 8663
6366 6190 7090 6428
743 7161 4922 7465
6366 6499 8630 7027
0 0 1131 802
916 7822 1289 8436
6848 0 7186 358
9538 1020 9624 7412
418 6777 743 7382
8822 5 9415 527
4792 7896 5425 8231
0 1858 1059 3013
826 802 2958 1438
1261 1858 2120 2333
6373 686 8390 1017
4159 4893 6153 5635
4366 8185 4719 9219
7814 3668 8604 4250
170 5419 344 7465
2958 2376 3287 6527
4159 5635 4641 6529
3656 802 5155 923
3510 2376 3632 3584
6619 4479 7380 4904
6403 1020 7215 1364
4922 7027 8630 7252
170 4446 920 5419
6388 117 6848 388
7473 8283 8059 8890
8941 7881 9750 8471
3290 4078 3656 6529
5266 3668 5723 4479
8630 1020 8847 6889
4159 4479 6153 4893
2091 8342 3370 9133
2091 7822 3370 8342
7380 3668 7814 5965
4939 3668 5266 4477
8279 4250 8570 4603
4020 2539 4896 3668
6211 724 6285 927
3370 7896 4366 9500
912 7465 3370 7822
8921 4953 9500 5931
0 8726 1286 9207
7609 1449 7768 2543
4971 8246 5420 8577
3370 7540 4026 7896
5901 9113 6542 9945
5175 802 5548 2909
8279 5278 8604 6499
920 4446 1507 6303
8941 8471 9750 9668
5840 1370 6811 2925
4295 1201 4313 2232
0 5772 157 7846
6542 8918 6601 9034
9750 3300 9831 8941
170 4211 1261 4446
6628 2933 7376 3668
1 3056 170 3957
3370 9500 4366 9718
4342 1201 4410 2262
1507 2386 2130 5934
9624 1447 9725 7881
5425 7485 5901 9945
8604 2543 8630 6499
3185 172 3271 319
4922 7252 6102 7465
0 3013 1151 3056
1289 7822 2091 8726
1286 8726 1578 9207
1578 8726 2091 10000
2183 1858 2348 6140
5723 3668 7380 4479
6619 7252 7134 8890
170 3677 1261 4211
4641 5635 5731 6529
2052 6777 6366 7027
6102 7252 6619 7465
0 9207 1578 10000
9725 3300 9747 7505
9624 603 9996 1447
2244 319 5840 422
2958 802 3656 2376
743 6777 2052 7161
5901 7485 6542 9113
7545 5965 8155 6104
0 4013 170 5557
3656 2539 4020 6529
4486 1365 4556 1828
4896 1201 5114 2369
1131 17 5738 86
1261 2386 1507 4446
170 7465 912 8630
7134 7252 9538 7696
826 1438 2958 1858
6366 4904 7380 6190
344 6529 6366 6777
5552 802 5821 2882
3287 2376 3505 4054
3656 1201 4295 2539
8279 4662 8599 5278
6619 9668 10000 10000
7396 7696 8726 7876
2091 9945 6619 10000
0 802 826 1858
5731 5750 6354 6279
8031 8890 8941 9668
7376 2543 8604 3668
2052 7027 3757 7141
344 6303 2183 6529
7814 4250 8279 5965
6946 1422 7297 2933
913 3171 987 3677
9725 1447 10000 3300
2244 422 3223 595
4031 3668 4076 4992
4896 2933 6628 3668
4082 5021 4159 5807
2712 4674 2796 5291
1059 1858 1261 3013
5840 319 5997 1242
6153 4479 6366 5631
6366 4479 6552 4904
4229 3668 4776 4460
7151 7696 7396 8861
3370 7465 6619 7485
2091 9133 3370 9718
2091 9718 3998 9833
344 5491 854 6241
1131 86 2244 802
6619 8890 8031 9668
4773 8246 4948 9584
2393 1858 2560 5376
3271 86 6211 319
8921 2107 9511 4178
