3945 2342 4401 2943
3331 7886 3729 9328
8942 9137 9526 9824
1623 1183 1765 2939
7098 478 7108 5619
612 4227 960 5444
7498 3368 8595 3488
445 8202 1842 9328
7947 3546 8674 3599
1623 3317 4052 3539
611 7126 5182 7645
587 926 5107 1181
0 7966 1517 8202
234 926 587 3564
6 8202 445 9575
6249 6559 7070 6864
3945 1924 4962 2342
4390 6559 5628 7126
1137 1183 1623 3564
4964 1368 6645 1922
781 6560 4390 6669
4390 4811 5038 6559
611 3564 3105 4227
7108 4636 7615 9328
240 3564 611 7417
0 5850 211 7691
617 5447 781 6958
587 1183 1137 3564
6815 532 7072 6559
445 9328 3954 9780
1842 8581 3331 9328
7615 4062 9675 4813
4434 7886 5528 9327
4964 2111 6193 2326
781 6801 2472 7125
7615 4813 8191 9167
1842 8246 3188 8570
781 5447 2874 6560
8191 4819 9666 5434
6837 9328 7594 9780
549 186 3207 499
960 4227 3105 5447
1384 6669 3974 6797
110 914 234 4461
234 532 5148 926
9675 186 9872 2908
9684 4515 9979 8696
2874 5447 3105 6560
7108 3743 9675 4062
3703 221 6151 532
3496 1183 5714 1285
5987 7126 7108 9328
8942 8710 9773 9003
5038 4811 6815 6559
7108 520 9488 885
611 7696 5430 7886
0 9780 7615 10000
4390 2943 5038 4811
7110 1123 7364 1391
9222 2822 9675 3743
3729 7886 3935 9328
8191 7232 8942 10000
3954 9328 6837 9780
9222 885 9675 2822
7364 1019 9222 3368
7935 904 8353 1019
9979 0 9996 5185
5148 532 6815 1183
8191 5434 8564 7232
1775 1368 4964 1736
234 7 3921 186
1842 7886 2354 8198
3935 7886 4393 9328
7072 229 9281 478
4401 2342 6338 2943
3105 3564 4390 6560
5038 2943 6355 4811
7108 4062 7615 4636
7615 9167 8191 10000
1775 1736 3945 2943
5628 6559 5785 7074
5645 7126 5987 9201
1623 2998 3001 3227
8564 5434 9675 5595
8942 7232 9675 8710
6355 1981 6815 4799
8564 5595 9675 7232
