3323 3331 3639 3782
1318 3908 2392 4316
2879 8303 3802 8449
5147 8348 5902 9367
0 193 288 1632
6438 1352 7422 3403
1318 720 5971 1056
3585 5800 3858 6412
1472 8927 2873 9367
1318 4663 1472 9367
1318 1252 7594 1352
2392 1352 3044 3171
8599 6974 9877 8010
3644 9367 3842 9998
466 6997 907 8599
4129 31 6440 273
9420 1962 9957 2388
9420 548 9888 1571
505 462 892 1833
3878 9545 4803 9902
5935 3347 6267 5646
8704 503 9377 2004
1597 6982 5147 7668
3639 1744 3715 3347
2389 5800 3111 6443
117 6925 162 8241
7836 503 8350 1223
4386 307 5330 694
907 7646 1318 9367
1472 4663 1597 7668
1597 4663 2298 6972
3639 3347 5423 3859
5902 7629 7067 9079
7067 3403 7422 8617
1318 261 3672 720
1472 7668 5147 8303
2602 9367 3278 9777
4637 6538 5147 6982
8798 8180 9986 9621
7422 6974 8599 8180
466 3236 907 6997
2702 6449 3404 6981
116 8599 907 9832
2389 4859 2713 5800
7432 1352 7790 5797
3715 2642 6438 3347
3715 1744 6438 2642
8368 2460 8618 3400
4637 3859 5423 6538
8656 2460 8857 3927
162 6925 466 8599
3114 4931 3781 5800
1318 1352 2392 3908
907 193 1318 7646
6438 3403 7067 7629
5423 3347 5902 5534
1545 8303 1607 8760
7790 6057 9959 6974
2392 3859 4637 4316
8798 9624 9998 10000
7790 4068 8896 6046
5902 6735 6349 7616
1607 8303 2874 8927
2202 1093 4181 1241
2879 8455 3813 9357
9420 2406 9960 5939
1318 4330 3774 4663
5971 273 7836 1056
9960 0 9998 3030
5423 5534 5762 5625
3243 1701 5836 1744
3955 4316 4637 6124
3813 8303 5147 9367
6311 3663 6438 5556
9114 2010 9388 2374
0 1833 907 3236
7883 1241 7971 3904
8909 2460 9394 6006
8368 503 8663 1865
4386 1369 5012 1477
8539 309 9790 503
907 9367 2602 9832
5330 273 5971 720
4823 9367 7422 9906
7422 8180 8798 9906
5147 6538 5902 8348
3878 9461 4699 9545
0 9832 3644 10000
3878 9906 8586 9997
0 0 4117 190
116 3332 422 6925
0 3236 116 9832
1318 1056 1909 1220
5902 9079 7067 9367
