4878 7517 8165 8487
8960 1955 9482 2622
0 1481 146 3396
2243 1481 5931 2653
2524 5372 5788 6561
2408 7144 2461 9738
8868 4807 8992 7890
2524 4973 6284 5372
7830 4268 8221 4742
2380 3463 5924 4973
1865 1481 2058 2602
5936 0 6284 4973
8230 4268 8855 7738
6490 5828 7513 7144
2461 7245 8230 7516
7419 4268 7641 5454
5948 8900 8151 9518
1501 6095 1670 7941
9045 5564 9986 6417
2541 6561 4355 7022
3504 2654 4448 3337
9045 4804 9981 5507
8868 2622 10000 4804
798 4398 932 6095
7419 1190 8868 3362
8230 7890 10000 9813
910 6095 1497 7929
2431 9813 8582 9900
5788 5372 6136 6610
8868 1190 9465 1914
1670 3430 2380 9813
2705 8761 5195 9446
0 6095 896 9417
7419 0 9558 1190
914 0 2284 373
7419 3362 8868 4268
4878 8487 5945 8757
2705 9527 7984 9811
7513 5828 7830 7144
6490 1653 7419 5828
2461 8761 2695 9751
909 8340 1120 9529
2916 7516 8230 7517
2391 4973 2524 7144
2552 0 4922 197
6284 0 6490 7144
2461 7517 4878 8761
296 9529 1568 9997
2461 7241 5522 7245
9558 0 10000 2622
9045 6417 9998 7877
4922 0 5936 1481
6490 0 7419 1653
5948 8487 8164 8890
2552 197 4922 1481
8165 7517 8216 9296
241 577 2552 1105
