7766 7060 8010 8692
2481 2643 3550 5263
0 1873 3139 2643
7334 0 7944 3204
5577 824 6547 4867
3197 5263 4426 5291
9376 2189 9968 2761
1237 6758 1597 9247
0 5232 2481 6758
1237 9247 7766 10000
7766 8692 9921 8852
3197 5747 5577 7204
7944 0 8814 5158
6913 5277 7255 6783
3197 7204 6339 8245
6339 5277 6913 7060
7334 3204 7944 5158
9376 0 10000 1328
6339 7060 7766 8245
0 6758 1237 10000
3139 376 4276 2643
6553 824 7024 4682
3197 8245 6437 9247
1597 6758 3197 9247
0 2643 2481 3617
8010 8376 8347 8618
5646 4896 6906 5277
2415 10 3409 31
2481 5263 3197 6758
7334 5158 8852 7060
8852 5158 10000 8376
6437 8245 7680 9200
4276 824 5434 2947
1584 3617 2481 5232
0 3617 1584 5232
0 31 4276 376
3550 3186 4643 5263
4276 0 6543 637
8010 7060 8852 8376
3603 2716 3978 3186
8814 0 9376 5158
0 1259 2821 1873
4643 4889 5577 5747
5577 5749 6305 6257
8446 8406 9151 8690
7064 824 7334 2225
7766 8864 10000 9455
4643 3186 5577 4889
7859 9455 9477 9937
9376 1328 10000 2189
2821 376 3139 1873
1385 510 2821 1259
