6027 6497 7675 6866
1204 2924 1245 3883
2952 601 3229 3816
3162 8059 3801 9411
9554 2331 9767 3635
658 2924 667 6058
8354 5467 8875 6497
754 6005 1510 7343
8355 9182 9723 9579
3261 4627 7697 4641
0 8041 1510 8748
2773 5493 3071 9411
4122 601 5068 901
2269 9411 3198 9876
656 2347 2417 2924
9321 5467 9486 8495
5402 5784 5921 6027
7184 7759 7866 8111
1266 207 3609 561
2252 7325 2489 8332
0 601 2952 818
924 5178 1202 5664
2252 8332 2773 9411
7184 8111 7866 9182
9486 6218 9665 7105
3211 9411 3896 9876
4932 5148 5402 5925
1202 4627 1993 5867
1993 5493 2600 5857
3540 601 3680 1232
9486 3635 9723 6218
1164 86 1266 485
1993 4627 3180 5140
8580 6497 9321 8495
5096 1162 6038 1412
6634 2918 7197 2989
5050 6570 5849 7302
7403 601 9071 1590
5940 5784 6027 7155
6085 601 6558 2438
6634 621 7373 1890
7015 4647 8171 5418
3262 1410 4330 2394
785 8748 2064 9716
805 1110 2362 1736
1266 561 9554 601
4552 7551 4565 8059
2417 818 2952 4006
408 1233 520 1840
7675 6605 8463 6676
9390 4139 9466 4847
1993 5148 4932 5493
1202 5937 2715 6004
565 2347 656 4365
6234 8662 7184 8962
2064 8748 2252 10000
6027 7423 8580 7759
5050 7302 6027 8089
8580 8495 9665 9182
833 9716 917 9933
667 4006 2952 4627
8214 4627 9089 5388
8355 9579 10000 10000
520 1790 2417 2347
7704 2081 9554 3635
3262 3687 4237 4448
4314 4204 9106 4621
249 5435 490 5867
6027 5784 8354 6497
8875 5467 9321 6497
0 1840 237 6313
667 4627 893 5982
5050 8089 6027 9307
4330 2654 6600 2915
5096 601 6057 1057
4122 908 4163 1207
2252 9876 8355 10000
895 5664 1184 5939
2066 3893 2299 3996
1266 54 8860 157
9486 7105 9665 8495
9767 4770 10000 9579
520 7570 1510 8041
7184 9182 8355 9876
9767 157 10000 4770
7704 3635 9418 3850
4330 1018 5086 2654
667 2924 1204 4006
6399 9026 7108 9299
7866 7759 8580 9182
3071 6032 3162 9411
3834 4901 6875 5148
9108 3946 9390 5467
7704 1890 9554 2081
0 8748 785 10000
9723 3635 9767 9579
7808 3946 8734 4159
1510 6005 2252 8748
5581 5535 8354 5784
3262 2918 6611 3685
5402 5148 7015 5467
4143 6032 4820 6203
9665 6218 9723 9182
520 818 2089 1064
673 7404 1504 7570
1202 5867 2156 5927
4319 3687 7704 4199
5096 1452 6078 2651
3801 8059 5050 9411
5050 9307 7184 9876
3071 5925 5402 6032
6292 7759 7147 8660
6027 6866 7675 7423
9554 1128 9724 2331
3071 5493 4932 5925
1319 2924 2015 3795
520 1168 719 1790
