1397 3414 2025 3918
804 3861 888 7624
4698 2968 6701 3005
7644 8354 7906 9270
9340 8627 9960 9059
8647 3920 9942 5302
1397 4024 2018 4478
888 6747 2137 7607
1167 313 2440 1505
4698 0 9704 602
2450 3071 3147 3406
592 1931 888 3861
3294 1955 4079 2844
888 6129 1871 6374
4221 5667 4250 9725
804 7897 3355 8426
592 9505 3531 9953
2178 4307 2763 4728
4250 5667 5287 8524
3147 4437 4406 4488
592 7877 804 8804
0 7722 592 10000
5824 5300 6646 6844
8613 6497 9340 7617
5287 8419 6698 9509
592 9073 1442 9505
592 8804 3974 9073
1397 4478 2178 6129
2440 539 3284 1203
3693 5667 3974 7122
6815 3005 6874 8354
8859 943 9704 3246
1397 1931 2440 3413
2440 1203 3294 3071
6771 9384 7406 9427
6704 8396 7627 9384
8501 4603 8647 5372
6874 3564 7557 3861
7920 1401 8215 1712
6704 5300 6815 8354
6874 1926 7920 3564
804 7624 2088 7893
4698 3005 6733 3334
6874 6661 7920 8354
3974 5667 4221 9505
7713 4062 7814 5477
8322 9069 10000 9725
5535 602 9704 943
8322 7617 9340 9069
4250 8524 5183 8694
6177 7559 6704 8405
4751 9725 9766 9994
4698 943 6892 1432
0 0 354 7722
1139 8429 3309 8804
1442 9477 3746 9502
6704 9428 8321 9722
2178 4872 4579 5648
4742 3351 4755 3802
7920 3920 8322 8227
9704 3240 9969 3246
592 3861 804 7877
7920 2788 8434 3114
4698 3802 5451 5300
888 4673 1397 6129
2178 5667 3340 7153
4698 5300 5824 5667
1009 277 1836 313
5451 3350 6531 3832
4698 2012 5840 2851
888 2134 1310 4673
1165 1665 2351 1931
7920 8227 8300 8837
3129 7295 3378 7664
3378 6905 3693 7122
6874 3868 7713 6661
1442 9073 3974 9477
9340 6497 10000 8627
5451 5063 6658 5300
354 7582 586 7722
7920 3246 10000 3920
3405 5711 3693 6905
4698 1432 6079 1575
592 329 996 1290
3294 201 4086 1955
5287 5667 5823 8089
8322 5519 9760 6497
8322 6497 8613 7617
4698 602 5535 943
5824 6921 6700 7553
7920 1712 8859 2788
354 0 4698 201
804 8426 1131 8656
5451 3879 6734 4576
3378 7122 3974 8804
4086 201 4698 3071
6892 943 7920 1926
