6583 5701 9226 6364
2855 3079 3737 4821
650 0 916 1293
2190 2393 2559 8098
7807 4001 8052 4056
2999 4842 3750 5189
4126 1906 4366 2383
0 2332 181 3570
2198 8669 3237 8677
933 5776 1547 9022
0 3985 490 10000
8312 2067 9542 3649
6774 151 7807 993
3750 5272 5580 7119
5580 4069 6583 6364
4837 7290 7436 8175
6918 993 7807 2393
8312 276 8749 2059
490 3985 1547 4853
2190 1646 3998 1898
2511 8179 4837 8448
0 834 595 1378
7875 6954 9226 8452
1825 855 4990 1621
9656 4001 9811 7569
4081 3079 5182 3799
6059 993 6918 1900
7436 6364 9223 6923
7807 276 8312 4001
9226 4001 9656 9022
2559 3079 2722 8022
201 2325 1192 3965
508 4853 690 9114
4164 7119 4597 7744
3519 9083 5218 9669
4625 1623 5107 1793
6059 151 6774 993
4837 7119 7436 7290
7077 2805 7807 4064
2559 2805 5182 3079
692 5776 933 8402
8873 151 9834 1907
5484 8180 5967 8433
6733 9022 7878 9665
988 855 1499 2251
9892 197 9983 7599
1825 1908 2174 2325
933 9734 2267 9931
5107 151 6059 1900
7436 6954 7868 8432
916 0 10000 151
1499 855 1802 2268
7807 165 8812 276
6583 2805 7077 5701
3237 8452 7091 8996
7129 8452 8996 9019
5580 6364 7436 7119
8818 9113 9617 9648
5182 4069 5580 5272
1547 2325 2190 8098
7077 4064 7872 5701
5182 2805 6583 4069
7872 4064 9226 5701
2559 2393 7807 2805
916 151 5107 855
5107 1900 6918 2393
690 4853 1547 5776
1462 3641 1534 3985
9661 2067 9782 3631
