9056 3017 9627 3574
9072 4023 9649 4880
4340 3891 6146 4808
5214 1542 5749 2613
1125 879 1873 1451
3517 4188 3787 4885
5759 1889 7636 2172
155 6996 811 8106
112 5704 155 8597
3928 5704 4696 6857
1112 7000 2511 8958
0 0 77 10000
6146 3025 7609 3296
7636 3079 8997 3294
6944 4808 8065 4870
5107 4937 5175 7719
77 1465 576 3932
7044 3577 7910 3616
3808 4880 8316 4937
5190 6063 5525 8179
7753 565 8429 2640
8594 4880 8873 8329
3466 7000 4709 7921
7741 9422 8141 10000
4709 5704 4863 7788
9497 4880 9986 7698
2648 1542 3808 2027
77 590 2496 867
7216 7202 7741 9628
8873 4880 9497 7585
77 5463 4950 5703
8566 8329 10000 9797
811 9494 2360 9503
8316 4880 8594 7202
8738 50 8841 723
5178 5445 7699 6063
77 8988 811 9589
2101 2821 2863 4558
4889 4808 5649 4867
9649 150 9690 2263
5969 2183 7578 2462
155 5949 1112 6994
3335 7035 3466 9968
3808 2255 4340 4880
1112 8967 1825 9439
7741 7202 7893 9422
6146 3574 6249 4293
6848 3574 7027 4015
6761 9139 7216 9628
576 1465 7753 1542
8358 7202 8566 8214
8505 9422 8566 9745
5214 2640 8378 3019
8877 7585 9162 7693
5385 0 9713 50
3453 4188 3517 4901
576 2601 2207 2820
576 4246 2101 5463
4869 5704 5035 6860
615 1542 2211 1962
5214 3135 5848 3891
5385 565 7260 1323
1112 6977 4264 7000
155 5706 2516 5914
2648 2027 3808 2821
77 9589 1524 10000
6848 4023 9072 4462
3466 7921 5178 8708
7699 4937 8316 6063
7893 8380 8414 8619
811 8005 1112 9494
9056 651 9572 2547
2211 1542 2648 2821
2864 7000 3335 9467
4340 2336 5214 3553
6708 3585 6848 4286
1683 6364 2880 6773
9162 7620 9408 8329
8429 565 8738 3021
2101 4558 3443 5463
576 2821 2101 4142
2513 7000 2768 9012
635 4153 2099 4246
2896 5704 3907 6883
9713 0 10000 4880
8216 7202 8358 7969
155 8647 757 8988
1781 5949 2574 6182
4492 8708 5127 9517
1112 5953 1532 6351
5385 50 8734 561
4340 3553 4687 3580
3466 8708 4492 10000
5178 4937 7699 5445
2863 2821 3443 4558
576 1966 2194 2594
8141 9797 9957 9988
7893 8619 8566 9422
5525 6063 6761 9628
7044 3616 9649 4023
3443 2821 3808 4188
811 6994 1112 8005
5759 1542 7337 1864
1524 9720 2677 9807
4492 9628 7741 10000
3808 1542 5214 2255
4991 396 5384 1465
3443 4937 4965 5426
77 3932 576 5463
6761 7202 7216 9139
6761 6063 8316 7202
6146 3297 9023 3573
77 0 4991 590
4340 2255 5214 2336
6463 4462 9065 4807
