3 0 1918 480
2310 6771 4367 7930
1137 8045 2776 9726
0 6727 1112 7303
8101 443 10000 1357
0 8511 1137 9806
7800 3019 8894 5751
0 7603 1137 8511
5099 4687 5295 8045
8894 3019 9291 5362
1137 6703 2306 8043
7800 5751 9761 8045
8101 0 10000 443
3952 9660 6929 9725
6229 1357 7626 1796
8238 8459 8831 10000
5899 705 7027 1343
9761 1357 9974 7931
7800 1436 8574 3019
9291 3019 9761 5751
6619 2829 7800 3537
2776 8045 10000 8459
5102 9806 5423 9976
0 7303 1137 7603
212 483 935 3836
2507 3922 2917 6633
6313 7825 7800 7901
2919 1669 4369 4432
555 3924 2506 6703
2776 8459 3952 9806
1518 9806 2291 9938
5494 2347 6289 3830
5310 6741 6262 8045
212 3922 537 5845
3952 8459 8238 9660
1137 9726 2219 9785
6082 4525 6262 6723
1918 0 5899 1357
9204 2449 9607 3012
5899 0 8101 705
8831 8780 10000 10000
3441 4432 3632 6645
6267 5065 6304 6612
1918 1669 2919 3922
4369 1669 5065 8045
5310 4525 6075 6731
8894 5362 9291 5738
2671 1371 3972 1669
8831 8542 9796 8780
938 483 1913 3918
6313 4525 7757 7693
0 483 186 6378
6381 2158 6592 3361
7009 4266 7239 4523
