8351 613 9832 1436
6061 7768 8393 7826
236 0 7809 93
948 2865 1134 6247
0 7768 1466 7959
7428 7274 8393 7417
4709 5497 6931 6180
104 6499 5658 6612
4829 2906 6026 3058
1771 8997 2530 9995
1165 3400 1355 5637
1424 5519 2262 5830
8419 4113 8864 4651
104 2635 722 6288
4050 4719 9542 4815
8245 613 8351 1242
6026 2865 9542 3386
2444 7959 4394 8219
236 1488 7090 1535
2800 8668 8453 8691
1858 3467 2396 5202
4749 7417 5482 7626
2326 5497 3877 5828
902 1535 9270 1544
1466 7769 5961 7959
785 2865 948 6290
9300 6435 9483 8279
1778 6808 9300 6904
3337 2736 4744 2837
8420 1644 9655 2320
1570 534 2747 1352
2694 9175 10000 9316
236 1448 7090 1488
9975 1644 10000 8668
1130 2213 6990 2318
902 1644 1130 2320
5383 997 5918 1211
369 127 956 1448
6185 259 9832 454
1134 3058 5615 3106
9832 195 10000 1644
104 6336 1878 6499
1570 167 10000 195
1608 8675 1724 8865
1878 6336 9542 6361
1606 8865 10000 8997
1878 6446 9300 6499
8059 5223 8961 5764
3685 3121 5260 3370
5482 7417 8393 7626
4965 6180 9542 6241
2444 8219 6061 8343
1838 2940 4829 3053
236 93 1570 127
3231 3467 3721 4477
6977 9320 9080 9362
2396 4718 3440 5221
1134 2865 4800 2937
956 1410 5383 1430
6185 222 8311 259
902 1544 9832 1644
8393 7274 8784 7354
0 7959 2444 8149
4744 2736 9542 2865
9542 2696 9655 8609
3516 4718 4050 5223
6706 9470 6776 9915
1570 195 6185 314
6061 8020 9300 8343
1825 5223 8059 5314
1355 3386 8389 3460
1130 2181 8420 2213
1258 5830 3886 6285
4749 7228 7029 7417
4829 2865 6026 2906
8469 5837 8806 6059
6185 454 9832 613
0 7626 8393 7677
764 8359 3015 8545
8784 7274 9300 7941
1808 1679 4406 1807
2396 4386 3171 4489
2780 2460 8796 2579
6468 1943 8404 2173
6931 5497 8059 6084
0 7057 4749 7626
1570 93 10000 167
4313 566 5368 1397
104 6290 9542 6336
8393 7354 8763 7823
3603 8359 7694 8668
7090 1436 9832 1535
6325 613 7084 1426
6061 7826 8784 7941
6061 7941 9300 8020
1808 1807 4718 2181
0 6763 1778 6904
104 6612 5658 6763
2694 8997 9424 9173
902 2585 8664 2606
5658 6499 9300 6808
3733 4054 5426 4492
7529 3467 8885 4030
104 1535 902 2619
4718 1644 6360 2170
2396 4492 8419 4718
956 127 1570 1410
7809 0 10000 93
1355 3467 1596 5145
1714 3509 1825 4514
6668 1662 8312 1936
902 2320 9655 2406
0 6904 7029 7057
0 8359 652 9338
1570 455 6185 534
902 2406 9389 2460
0 8149 2444 8359
4394 7959 6061 8219
1570 314 6185 396
4050 4815 9542 5223
356 127 369 1298
6564 4344 7693 4408
1670 5435 8059 5497
7428 6904 9300 7274
6106 4132 6564 4492
0 1535 104 6763
6701 9362 9945 9469
2877 2701 7887 2736
104 2619 8935 2635
8601 8422 8616 8561
2116 3121 3122 3304
0 0 236 1535
1878 6361 9300 6446
760 2644 7940 2696
1570 396 6185 455
3886 5497 4486 6290
4050 4718 7606 4719
4749 7057 7029 7228
956 1430 5383 1448
933 8668 1606 9668
7029 6904 7428 7417
1477 1644 1808 2034
726 2696 785 6152
7694 8609 9975 8668
4486 6242 9542 6290
3803 9316 4140 9995
4486 5497 4709 6242
1825 5314 8059 5435
2444 8343 9542 8359
9655 1644 9975 8609
6931 6084 9542 6180
0 7677 8393 7768
1778 6763 5658 6808
