129 132 6726 212
3926 3664 7626 3857
609 5816 6997 5910
609 5614 7399 5643
2085 1710 2842 3162
1735 5497 9742 5571
5364 2376 9742 2552
2203 6686 2624 8028
146 906 9833 948
8900 3213 9742 4232
2518 8350 2695 10000
7906 9641 9894 10000
9403 8350 9894 8877
7761 3213 7841 3857
1168 1589 9833 1694
8941 7236 9259 7677
1037 6699 1250 6840
4338 3857 7841 3880
8627 5571 9252 6354
7291 3880 8900 4150
609 5571 7399 5614
1456 5920 7280 6045
9742 3956 9832 5012
9252 5571 9832 6354
2375 3213 7761 3285
8966 1140 9569 1586
1757 8357 2518 8813
3044 1989 7377 1996
4835 8355 8927 8556
5048 3470 7626 3664
2695 8350 2906 9366
6919 4176 7578 5037
129 722 10000 762
129 7771 919 8028
5259 8556 9387 8578
7906 9172 9894 9641
1735 5436 9742 5497
7399 5571 8627 6354
2624 7090 4527 7206
1487 6686 2203 8028
609 1862 831 5469
6675 6552 7958 6669
5242 2985 6537 3115
129 6686 1007 7771
1710 8088 7732 8350
819 8054 1579 9862
5531 7677 9259 7717
1735 5399 9742 5436
2842 1978 3044 3162
129 420 9774 618
2842 1725 5907 1978
2624 7206 4527 7391
2624 6851 6068 7052
1801 9283 2243 9992
7982 6692 9212 7236
2375 3285 5048 3347
7841 3213 8900 3880
2375 5095 7450 5148
0 132 129 10000
2695 9685 7899 10000
3291 6354 4990 6366
146 948 959 1082
4376 2057 5242 3115
4338 3880 7291 4150
129 8054 808 8846
0 65 6726 132
5259 8877 7906 9366
9832 1978 9833 6401
2375 3347 5048 3664
2085 1694 9833 1710
2375 3936 4338 4150
4527 7052 7982 7391
2375 4150 8900 4176
7815 5280 9742 5399
8900 4364 9252 4567
2974 4812 3501 5023
4376 1996 9767 2057
363 1589 831 1862
2624 7391 5531 7717
3248 5303 7815 5391
5259 8578 9403 8877
9555 4232 9622 4621
2500 3664 3926 3914
2906 8350 4835 9366
129 762 146 6490
9259 6379 9824 7695
129 212 6726 420
6634 2985 9742 3162
2624 7052 4527 7090
2624 6736 4476 6851
1168 1694 2085 3213
3309 9366 7906 9538
5048 3285 7626 3470
146 762 10000 797
9894 904 9981 5965
1456 6379 5989 6459
7771 8054 9892 8350
609 5643 7399 5816
6726 65 10000 420
146 5920 1453 6490
5364 2746 9742 2985
129 6490 4011 6686
1625 8054 1700 9996
1735 3213 2375 5148
1456 6048 7170 6310
4835 8556 5259 9366
5364 2121 5827 2376
1735 5148 9294 5280
6306 4176 6905 4498
2375 4176 5259 4421
0 0 10000 65
146 904 9833 906
3926 3857 4337 3936
2624 7717 9833 8028
363 1082 2908 1533
4495 4653 4950 4976
1168 3213 1735 5469
146 797 10000 904
5531 7391 8941 7677
7982 7236 8887 7349
7626 3285 7761 3857
5584 4498 6327 4637
2085 3162 9742 3213
9294 4232 9555 5280
7600 4176 8803 5097
129 8028 9894 8054
2966 1094 7880 1589
746 618 9927 722
9833 904 9894 8028
1007 6840 1487 8028
7906 8877 9894 9172
6068 6856 7555 6954
4376 3115 6634 3162
4011 6490 4698 6646
961 948 9833 1082
609 5469 1735 5571
831 1589 1168 5469
3044 1996 4376 3162
146 1082 363 5920
363 1862 609 5920
5242 2057 5364 2985
5364 2552 9742 2746
