8267 4999 9738 5172
7507 3266 9908 3395
9066 805 9546 3266
4440 753 5379 2448
849 8470 7687 8565
849 8337 8556 8469
8302 2577 8995 3204
849 8565 1664 9164
0 0 108 10000
3205 5806 8763 6406
4318 7267 5127 8135
7809 3671 8267 5285
1456 2539 2543 2671
5127 7366 6688 8135
9154 5806 10000 6692
2805 6692 8248 6961
3557 5298 7172 5365
880 53 1211 120
6688 7598 8583 8135
849 8135 8583 8337
6232 753 6480 2365
7873 8470 8452 9709
2805 753 3205 6692
108 120 314 10000
5127 7267 6688 7366
5108 4728 6695 4981
728 4816 2804 6712
1211 403 10000 444
3205 6406 9154 6692
4466 3266 5108 5157
3532 9236 7868 9359
7656 5285 10000 5806
8763 5806 9154 6406
4378 2466 7589 3266
321 7267 849 9145
1456 444 10000 655
8583 7551 8962 7899
5379 753 6232 2466
728 120 1167 4370
6486 753 7578 2337
2805 655 9066 753
2657 655 2805 4816
3657 1886 4378 5085
314 9636 1365 9838
8267 3671 9646 4942
314 120 728 7267
7589 2577 8302 3265
1651 9370 7814 9790
9122 6692 10000 10000
9578 655 9747 2388
728 6972 2980 7267
7809 3404 9808 3661
7507 3404 7809 5285
2980 6972 9122 7267
1216 444 1456 4318
1492 2791 2657 4716
5108 3266 7507 4728
849 7267 2692 8135
7589 860 9061 2576
1211 0 10000 403
5108 5148 7498 5285
1456 655 2657 2539
3205 5365 4988 5806
3205 970 3458 4923
6688 7267 8583 7598
4988 5365 7656 5806
2692 7267 4318 8135
8583 8125 9122 10000
