1737 5068 4935 5286
1430 2757 3597 2833
2247 5470 2400 5801
1679 3674 4352 3841
5955 5911 6513 6892
6612 0 7334 601
219 9597 9223 9637
4715 7510 6686 8678
5411 3193 5982 3498
8665 5579 9223 6350
161 847 1434 1681
1951 1813 9688 1933
0 1778 161 9918
219 9496 6522 9597
7776 688 8926 723
0 0 161 1778
161 2722 7100 2739
4369 1222 5532 1366
1068 5385 9481 5400
1679 3841 5411 3916
7009 6342 7612 7250
1951 1938 10000 1964
6160 21 6612 688
7612 6631 8665 7250
357 8084 910 8758
9753 3202 9818 6264
6012 3122 7361 3141
6281 787 7776 1440
2991 4562 4558 4903
7977 3141 8016 4188
683 9233 6522 9326
9974 3532 9993 6380
1068 5911 2591 6578
2560 6669 2730 7048
8665 6350 8819 8860
3834 1779 8926 1813
9818 2331 9862 7806
6975 4662 7398 4835
4352 3726 4728 3830
2742 7083 3685 7206
3713 5911 4681 7083
276 9407 6316 9436
2742 7250 8665 7338
9916 3532 9972 9720
1900 4909 4635 5068
478 4038 6930 4051
6983 7510 8100 8724
7612 5593 8537 6631
3235 8165 3973 8851
3052 5660 5701 5801
1068 5400 2247 5866
6012 3141 7164 4038
161 1681 3834 1813
161 249 2052 688
8926 688 9000 1813
478 4457 8559 4562
8605 7353 8665 8860
3713 7083 7009 7250
2742 5911 3713 7082
1430 2851 5361 2862
478 4566 1744 4877
7164 3141 7977 4038
2914 1964 10000 2132
1737 5286 9664 5385
3152 7479 8442 7510
6513 4835 7398 5286
161 688 2865 847
6558 5593 7009 6932
1434 847 2865 1681
3860 8875 5176 9107
161 2739 219 9918
403 7338 7335 7353
8559 2459 9216 4346
3152 7510 3235 8853
2247 5400 9664 5470
9216 2331 9742 4346
1430 2833 7113 2851
2865 688 3380 1680
4635 4562 4919 5054
8781 0 8887 447
5335 9918 9974 10000
4935 4562 6504 5215
478 5068 1737 5385
683 9107 6347 9226
7776 723 8926 1440
219 3916 403 7392
8537 5579 8665 6625
2400 5593 3052 5801
748 4062 7645 4189
4240 8724 8502 8860
6522 9338 9223 9597
276 7392 357 9407
9866 2331 9913 9052
9765 0 10000 1938
161 0 2056 249
3144 5470 9223 5579
7009 5593 7612 6342
276 9449 4590 9496
9223 8812 9402 8835
357 9326 6379 9407
403 4038 478 7333
5411 3662 6012 4038
955 2739 1430 3916
2247 5801 5232 5866
9664 4346 9742 9637
1951 1964 2914 2285
9916 2331 10000 3043
219 7392 276 9496
1951 2285 2914 2722
6529 2132 9577 2146
3543 7718 3604 8161
9000 688 9765 1813
403 7356 8046 7392
403 3916 5411 4038
2914 2132 6329 2321
8819 6350 9223 9338
6529 2146 9300 2331
478 4342 8559 4457
8100 7510 8502 8724
357 8860 672 9118
1430 2862 1679 3916
8502 7479 8605 8857
2400 5470 3141 5591
199 1813 1951 2722
7113 2459 8311 2785
478 4189 8559 4342
219 2739 780 3916
6492 9637 7801 9908
2914 2331 9216 2459
8559 4346 9664 5286
3052 5598 5838 5632
1416 7639 1629 8582
1416 7392 8605 7479
3834 1440 8926 1779
3380 688 3781 1668
1679 2926 5231 3674
4681 6932 7009 7083
780 2739 955 3916
2914 2459 4290 2722
9742 2331 9748 7113
3144 5579 8537 5593
6522 8860 8819 9338
1068 5866 5232 5911
357 7392 1416 8084
6012 2851 8559 3093
4681 5911 5379 6808
7398 4562 8559 5286
0 9918 5335 10000
8016 3093 8559 4189
5232 5801 6558 5911
619 5871 1068 6669
4290 2459 7113 2722
