7027 4462 7747 9814
38 509 154 8697
9379 5413 9770 10000
7506 2227 8058 4462
1656 1910 2904 2227
633 8114 2098 9277
1656 3321 3251 3933
6241 6508 6660 7708
531 509 843 5761
843 509 9702 846
2677 8222 3376 9145
7747 4462 8058 9814
1920 5761 5799 6526
3664 846 8266 1369
2033 4445 2883 5334
218 2 2548 509
2569 0 9770 205
9770 0 9863 10000
2904 2148 8261 2227
2883 3933 7506 4462
2883 4462 6238 5291
1656 2227 3251 3321
1656 3933 2779 4328
9222 989 9702 2873
154 7288 5551 7699
4777 8124 5578 8608
154 9277 5626 9679
2898 5292 6183 5357
8703 855 9067 1063
531 5761 1841 6525
1656 846 2452 1873
9190 2873 9702 4573
518 509 531 5441
8655 1063 9190 4573
5626 8106 6676 9679
1361 846 1656 5761
154 7720 6499 7739
4514 2227 4853 3933
3251 2227 4514 3933
8779 7317 9379 9814
8266 846 8655 7263
0 9814 9379 9820
4672 8608 5567 9255
4853 2227 7506 3476
3465 846 3664 1284
4853 3476 7506 3933
8655 5413 9379 7263
518 7126 4138 7286
6359 4462 6676 6503
0 9679 7027 9814
154 1483 512 2094
8058 2227 8266 7317
531 6594 5763 7043
1656 5362 6234 5761
3852 205 8803 397
9702 205 9770 5413
2904 1369 8266 2148
8477 7317 8779 9814
8266 7263 9375 7317
6676 4462 7027 9679
843 846 1361 5761
9863 0 10000 10000
154 7740 6667 8106
8058 7317 8477 9814
8655 4573 9702 5413
0 9820 9379 10000
