49 1927 128 5237
288 3972 8739 4025
5575 1751 6583 2514
1138 6459 1439 8224
8327 6120 8831 7060
674 6459 1132 8208
0 9601 9841 9726
4309 8570 6281 9136
9841 386 9874 9726
288 3437 2781 3911
3147 8408 3245 9537
3827 7984 7962 8168
3245 8700 4297 9425
8176 387 9566 488
5009 4379 6755 5598
1374 562 1930 1226
8176 488 8739 1134
622 4852 2605 5683
3147 8168 9841 8408
6412 6120 7801 6739
2655 5214 3147 8332
128 3296 8345 3437
8739 3136 9386 4379
288 4379 2605 4852
2781 3437 3350 3911
9386 488 9747 4207
4044 4621 4186 7634
912 2050 1659 2965
7962 6120 8327 7060
2605 4514 2655 8332
5043 1751 5575 2713
3350 3437 8442 3838
4309 9217 9622 9578
3245 8408 9591 8520
5906 9136 8641 9205
3757 1927 5008 3132
3350 3849 8399 3873
6755 4379 9841 4740
2245 9537 3245 9601
2245 8349 3147 9537
288 4025 5183 4379
0 0 9874 85
2041 9114 2245 9590
288 4852 561 8349
5183 4025 8739 4379
3147 7501 3212 7797
3827 4621 4044 7634
3245 8520 6281 8570
5008 1134 8739 1611
128 3271 8345 3296
1290 272 8085 559
4035 772 5802 960
622 5683 2605 5899
2034 772 4035 960
9232 4740 9642 8168
3261 9439 4309 9601
6039 7034 7898 7634
129 3437 288 7042
8739 488 9386 3136
0 9114 1055 9544
3827 7634 7902 7984
2856 1927 3757 3132
6755 4740 7544 6120
7115 1611 8089 2263
1475 6459 2599 8046
622 5899 2605 6458
0 1202 932 1367
3472 8578 4110 8700
5008 2724 7240 3131
8345 3271 8734 3434
6281 8520 9591 9136
4186 4621 4851 7228
1436 9306 1623 9335
3827 4514 4885 4621
3147 5214 3350 7476
7903 6120 7962 7485
580 4852 622 8278
963 85 9874 129
2605 4379 4885 4514
0 1367 1952 1927
2655 4514 3827 5214
3147 7806 3827 8168
0 9883 8644 9942
7544 5909 9232 6120
5008 1611 7115 1751
3350 3873 8739 3972
8128 1611 8739 3271
288 3911 3328 3972
9591 8408 9840 9185
5009 5598 5920 6939
6124 5598 6755 5721
7544 4740 9232 5909
622 8332 3147 8349
8831 6120 9232 8168
128 3132 8128 3271
9874 0 10000 10000
6583 1751 7115 2514
5008 965 7510 1134
5575 2514 8128 2724
8163 7060 8694 7094
2118 562 8176 580
3370 5220 3825 7366
2328 965 4859 1487
3212 7517 3819 7806
9642 4740 9828 7294
128 8349 2245 9114
4885 4379 5009 7634
1290 129 9874 272
980 129 1290 1322
1952 580 8176 772
8176 272 9874 386
0 9726 9843 9883
