4831 3929 5498 4168
7688 8201 9780 9010
2557 4884 2937 5942
3273 4302 5040 4562
0 9794 10000 9832
5952 3332 6927 4302
0 3847 3273 4562
0 6245 5722 6412
4093 2961 5429 3520
7115 9533 10000 9794
1420 9010 4867 9043
5259 8471 6648 8829
9395 2816 9416 5907
1613 1637 3781 2184
5481 9274 10000 9420
2780 3520 4249 3816
7314 1637 9151 2783
3945 4562 4661 4884
0 5956 7862 6023
0 6926 9156 6983
0 8449 849 9664
0 9664 5717 9794
0 7772 5537 8091
8087 2860 8353 3197
1419 9083 4586 9191
4562 6023 5722 6245
0 2675 5868 2816
0 2816 7164 2853
9416 1556 9591 5487
0 4817 3945 4884
1419 8829 7688 9010
6992 3332 7560 4149
0 433 9181 450
849 8449 1419 9420
9060 4959 9338 5040
6462 7248 6910 8073
0 7446 6462 7772
5042 4302 6100 5557
7560 4014 8773 4086
0 4562 3945 4732
849 9420 10000 9486
9780 355 9981 7266
0 6561 9733 6631
0 7098 6915 7248
0 894 9733 1066
8196 5943 9416 6412
0 6983 9156 7098
0 7425 6462 7446
0 692 9733 810
5042 5685 9395 5943
778 123 6086 301
1195 6716 2951 6717
0 8283 5991 8449
0 1556 7477 1616
0 8156 9518 8173
6915 7098 9156 7931
9733 6641 9762 7891
0 355 9692 431
0 4732 3945 4817
252 6792 9062 6926
5717 9533 7115 9794
9156 7416 9493 7564
0 6023 4562 6245
0 6412 9598 6561
0 9903 10000 10000
0 7297 6462 7425
0 1202 9598 1556
7560 4508 9038 5671
0 9832 10000 9903
5498 2860 5873 4109
4867 9010 10000 9274
5722 6343 8196 6412
9598 2487 9691 4056
0 4884 2505 5942
0 1066 9598 1202
5717 9486 10000 9533
2937 4884 4661 5943
0 8201 5060 8277
1419 9274 5481 9420
4661 4562 5042 5943
0 1624 1612 2662
7064 8640 7578 8653
849 9486 5717 9664
0 450 9733 692
0 8173 9733 8201
0 810 9733 894
0 7248 6462 7297
6915 7931 9156 8156
7560 5671 9060 5685
0 6631 9733 6716
5722 6023 8196 6343
1613 1627 7360 1637
0 3520 2780 3847
