656 6433 7837 6626
667 3249 1666 3288
2299 3019 6622 3225
0 9229 7867 9345
9727 157 9786 4770
658 3249 667 6383
7837 5848 8838 6866
667 6033 3003 6433
7867 9027 9502 9345
1958 4627 7604 4638
0 8640 9502 8748
2594 7737 4395 8494
250 601 9652 630
0 9345 4207 9440
656 2278 4128 2804
763 7046 9365 7289
5401 5848 7694 5903
7312 7556 7863 8012
250 485 9652 561
2282 7737 2594 8502
250 630 9652 818
1037 5654 2182 5772
0 9027 7867 9104
0 8748 9502 8810
9450 4975 9541 6758
3211 9440 4194 9764
2285 5473 9205 5648
895 5067 3453 5473
1044 5473 2285 5651
2664 818 3926 888
9652 157 9727 6226
1140 162 1266 485
895 4829 3453 5067
7863 7556 9619 8188
4991 1047 5125 2804
6634 2178 6681 3019
656 7293 8779 7365
7659 818 9327 1807
1914 6626 6027 6655
5125 1352 6354 2059
6843 818 7648 1983
1958 4638 7051 4813
2664 969 3976 1770
0 8810 9502 8881
534 1324 2664 1781
250 561 9652 601
4552 7556 4565 8064
2299 3227 8120 3581
408 1233 520 1840
6579 6675 7676 6726
9430 3607 9449 6439
3453 4880 5690 5473
1037 5903 1823 6032
620 1781 656 6882
7183 8881 9176 9024
0 9199 7867 9229
4735 7556 7299 7964
656 7465 9534 7556
7299 8188 9502 8496
0 9716 1657 9727
667 3288 1666 4829
7896 4855 9179 5374
7293 9345 9502 9764
656 1781 4128 2278
6681 2178 9618 3227
1958 4031 4234 4357
1958 4357 8733 4627
232 485 250 6269
3003 6033 7837 6433
8838 5848 9430 6866
0 485 213 5462
667 4829 895 6033
4565 7977 7195 8467
1958 2804 6634 2907
4192 818 6114 1046
4128 818 4182 1045
0 9892 10000 10000
895 5473 1037 6033
2066 3791 2299 3894
0 54 7594 157
9619 7556 10000 8188
9502 8188 10000 9892
656 7604 4483 7737
4207 9345 7293 9764
9786 157 10000 4770
2369 3607 9322 3660
4191 1108 4991 2654
656 2804 1666 3249
0 9001 7183 9027
0 9104 7867 9199
2282 8502 4565 8640
5816 4829 7896 5190
9205 3894 9430 5775
6634 2059 9618 2178
0 9440 3211 9716
9727 4770 10000 6226
8733 3894 9196 4320
0 7737 2282 8640
1037 5775 9430 5848
1958 2907 6634 3019
5816 5190 7896 5473
4819 5976 6850 6033
9652 6226 10000 7556
534 818 1580 1187
656 7556 4287 7594
1037 5848 2097 5902
4240 3894 8152 4337
5125 2059 6634 2804
0 8881 7183 9001
0 9764 9502 9892
2756 5903 4814 6029
4565 8496 9502 8640
656 6866 9642 7046
9618 818 9652 6833
2285 5648 9205 5775
1666 2804 1958 4829
534 1781 566 5649
