2713 9384 5291 9812
5667 4724 7579 5751
6338 7697 9601 8517
0 9308 5291 9384
7085 6267 9480 6676
1290 1354 7569 1431
3022 7807 5291 8757
7614 4674 9209 5552
8772 0 10000 4016
9601 4674 10000 8517
6765 6760 6916 7175
1079 1102 7571 1354
3022 7703 5977 7807
2266 1828 2515 4413
5667 3357 6766 4724
2615 7711 2954 8753
7614 4016 10000 4147
3688 1726 5371 3211
2197 5934 9601 6267
684 955 753 7325
6766 3357 7424 4159
1079 1354 1290 7160
0 9579 2713 9812
154 7410 6916 7697
411 955 545 7243
2304 5326 5137 5751
1224 7711 2559 8725
154 7325 6916 7410
6766 4161 7397 4464
53 955 154 6303
5291 8517 8355 8812
5398 1821 6734 3258
358 7711 1190 8570
5291 9342 10000 9812
2197 6267 3427 6760
3688 3258 5667 5266
4552 227 5797 676
6916 6760 9601 7697
5291 8812 8463 8897
1290 1431 5483 1720
5291 7807 6338 8517
0 676 8325 955
6094 352 7215 643
0 9384 2713 9579
155 1315 409 5080
753 955 1079 7325
8325 0 8772 4016
3427 6267 7072 6759
2959 7711 3022 8737
216 6266 391 6323
1436 4754 2197 7096
154 7697 2607 7708
0 8757 5291 9308
5667 3258 7579 3357
5291 8897 8463 9342
2547 5774 6025 5927
7085 6704 9306 6760
7614 4147 9580 4656
1079 955 7526 1100
7579 955 7614 5929
6057 5751 7576 5934
2197 6760 6765 7175
8463 8517 10000 9342
552 955 684 7311
0 9812 10000 10000
7891 40 8295 617
3594 3520 3686 4256
7721 955 7751 2624
2515 1726 3537 4010
1079 7175 6916 7325
