5568 82 6387 929
5693 7373 5948 8053
958 3168 3067 3926
2007 8408 2263 8514
6878 82 8420 350
210 630 4282 832
4324 2406 8214 2534
3011 5527 8151 5715
3011 4143 4760 4795
491 626 4083 630
210 82 4282 626
4324 2905 4752 4004
1557 1912 4956 2120
4819 3012 9855 3200
0 0 210 2700
558 9290 5874 9403
742 4057 3011 4500
4956 2218 8912 2395
8663 4143 8750 5411
5194 9920 7947 9996
210 0 10000 53
8526 1873 9679 2097
0 9430 9687 9804
2012 5736 5475 5847
1182 3926 3315 3998
4759 2653 9855 2905
950 1399 6997 1510
8079 6194 10000 6529
3589 6673 8079 7186
4956 1725 8460 2218
210 1209 8420 1229
3589 6475 7830 6673
4282 82 5568 1044
8526 7689 8905 8037
558 8766 5962 9236
4819 3495 6604 3626
1434 7804 2615 8069
6669 4143 7125 5044
9187 82 9806 1015
6058 8787 7681 9074
5948 7943 8526 8084
2409 6649 2886 7186
8420 82 9187 1127
4752 2905 9855 2991
9826 3493 10000 6194
8079 6529 9110 7186
2409 7186 6487 7310
3366 2240 4859 2395
8912 2218 9444 2544
210 1229 950 1586
8420 1127 9187 1510
2409 6194 7830 6475
4752 3012 4819 4004
3783 8216 8928 8235
4760 4143 6669 4498
9855 1648 10000 3292
6011 9074 7681 9403
1557 1725 4956 1912
210 1648 225 8332
3783 7372 5280 7996
4752 2991 9821 3012
4324 2534 4759 2905
4760 5044 8663 5411
524 9403 9687 9430
2409 6476 2785 6649
2012 5855 7563 6000
3067 2395 3409 3926
4819 3200 9855 3292
4759 2534 8912 2653
5948 7835 6717 7943
8750 4143 9826 6194
9687 7218 9853 9713
958 1648 1557 3168
225 7238 557 8151
3423 2395 4324 4004
742 8327 2583 8408
698 4057 742 8526
0 2700 210 8332
1557 1648 9855 1725
2409 832 3328 1142
698 8526 7681 8766
742 7338 6540 7372
2497 9804 10000 9920
8957 3493 9826 4143
4282 1044 8254 1091
4250 4795 4760 5527
3011 4057 8957 4143
558 4004 4819 4057
4282 1092 8420 1209
1091 9804 2497 9988
6846 439 6905 741
742 6013 2409 7338
7125 4143 8663 5044
3409 2395 3423 3926
4760 5411 8215 5504
2886 6475 3589 7186
1406 5736 2012 5964
5948 7372 6624 7663
9110 6529 9687 9403
4819 3292 7722 3493
210 53 10000 82
7830 6194 8079 6673
6712 7288 8375 7483
2409 6013 8750 6194
7722 3292 9807 3486
5788 5736 8668 5850
1335 4500 1594 5251
225 1648 958 4004
950 1510 9187 1586
9004 7186 9059 7727
806 4500 1335 6013
524 8332 558 9396
0 8332 524 9430
558 4057 698 7829
4819 3691 8957 4057
3783 8084 8526 8216
1557 2120 3067 3168
4760 4498 6669 5044
3126 4795 3915 5140
4819 3668 8735 3691
7681 8235 9110 9403
210 1586 10000 1648
742 4500 806 6013
