109 41 2298 461
2337 7842 3292 10000
1346 7842 2290 10000
1009 2917 1103 9731
5899 389 10000 646
178 3923 495 9856
3010 3830 9392 4266
805 1744 953 9836
3292 8004 10000 8095
6286 4284 9392 4587
1103 3830 1346 9726
7509 5480 9761 7792
6668 14 8969 389
6779 9660 7624 9889
7187 1357 7626 2754
8325 8459 8916 10000
5899 646 6933 1342
9761 646 9963 7578
7816 3012 9363 3804
9392 646 9761 5480
6796 2832 7813 3654
3292 8095 10000 8459
4933 9660 5103 9981
116 1668 172 8372
495 1744 793 9879
2563 3830 3010 6296
7509 7792 9761 7842
999 1744 5369 2750
1346 3830 2563 7842
3292 8459 4322 10000
2290 7842 2337 10000
1103 3654 7802 3830
3292 7842 10000 8004
172 1790 465 3923
4322 8459 8325 9660
1103 9726 1343 9992
6176 4284 6286 7842
2353 0 5899 1668
7816 2854 9252 3012
7626 646 9373 1625
9064 8459 10000 10000
3010 4266 5223 4457
6286 4587 6304 7767
1103 2917 4532 3631
2563 6741 6176 7842
2563 6296 6176 6741
8867 4632 9043 5480
495 1668 5806 1741
8916 8459 9064 10000
109 461 2353 1668
6304 4587 7509 7842
0 0 109 10000
5959 2960 6592 3361
6176 4266 9392 4284
