575 8193 4504 8292
8812 3177 8816 6903
4610 1560 7257 1751
1717 3496 2409 3624
1587 0 1639 6194
4257 2193 6645 3396
6645 1967 8816 3177
1639 6087 3588 6194
7184 3177 8412 3367
4610 1751 9186 1899
1278 8589 2009 9944
3185 2193 3595 5962
8195 9616 10000 9944
9860 179 9871 8193
3290 9865 5302 9942
15 0 260 8173
4173 1899 9186 1967
8195 8647 9871 9616
7324 5250 7588 6767
575 6958 8812 6998
2504 4232 3145 4374
6679 3961 8799 4599
0 9944 10000 10000
2504 1967 6645 2193
2395 8589 2719 9593
1777 710 2504 2377
1527 7912 9860 7961
1527 8022 9860 8193
2009 9756 8195 9865
5158 9670 8195 9756
1833 8312 5065 8367
1527 7548 9860 7912
260 8387 5065 8498
2009 8589 2395 9593
5367 8647 7075 9261
7324 6767 8812 6958
3860 8589 3949 9353
9871 0 10000 9616
5065 8193 9871 8647
1717 5962 3595 6087
2448 7368 9860 7385
4257 5081 4966 6958
4283 831 4610 1899
1717 179 4283 425
8816 1967 9186 6998
1717 0 9871 179
327 94 1367 2396
9303 831 9325 6908
6679 3396 8201 3779
4257 3396 6354 5081
1367 0 1587 6194
6937 4602 7029 4916
575 2396 1367 6958
7588 6283 8804 6767
1996 4374 3155 5492
2504 425 4173 573
2009 9670 5158 9756
1527 7434 9860 7548
6354 3396 6679 5081
2009 9593 8195 9670
0 8589 1278 9944
1639 0 1717 6085
575 6998 2448 7385
2448 6998 9860 7135
1367 6194 4257 6756
2448 7135 9860 7368
2504 573 4173 1967
2719 9431 8195 9593
1527 7961 9860 8022
9186 5871 9300 6487
1367 6756 4257 6958
9343 4703 9825 5741
7556 8647 8195 9431
343 2396 575 8387
575 7385 9860 7434
4966 5081 8812 5250
2719 8589 3860 9431
4283 179 9343 831
0 8498 3964 8589
575 7434 1527 8193
3964 9209 3993 9431
4966 5250 7324 6958
9186 831 9303 5871
4173 425 4283 1899
3595 2193 4257 6194
260 2396 343 8242
