9602 5359 9713 7903
3922 8112 5544 8201
791 3384 2716 3702
1940 7200 9295 7235
5139 8201 5380 9388
1147 8112 2445 8387
3922 9733 9909 9755
9556 1428 9730 2810
1147 8387 2409 8676
4647 6498 7235 6509
6010 6658 7024 6857
1949 9285 3369 9771
9272 0 9444 1474
8015 1981 9272 2829
8735 3706 9367 4289
8338 5097 8735 5167
7000 4660 8338 4752
270 5042 375 5191
8735 4289 9367 5167
8858 5359 9199 7162
1664 2988 2063 3351
1675 2109 3775 2344
1675 2344 3775 2537
7312 1660 7698 2401
6058 2454 7120 2576
3931 1000 7776 1032
1151 7389 9120 7562
6058 2576 6452 2816
5213 1449 7776 1598
3775 1637 4810 1812
5519 4322 6932 4509
1472 7162 6191 7163
9257 8497 9713 9436
6180 9017 6782 9382
3027 3120 9272 3258
2063 2537 3027 2657
791 3723 6267 3798
791 4043 6267 4093
202 0 417 2428
4647 4853 7000 5181
8113 4176 8338 4660
3308 1138 3492 1292
3597 380 5892 478
9210 0 9258 1549
4647 5181 5761 5228
2716 3384 6267 3522
5495 8309 5777 9436
3492 1637 3775 1887
4150 848 8916 922
8122 0 9210 549
2339 4189 8113 4269
3072 759 3273 2032
7740 3722 8687 4038
375 4682 480 7568
3370 8713 3885 9285
150 4189 211 9500
480 5043 926 7328
1700 4189 2339 4860
423 7568 1146 8659
4585 7568 5187 8081
3597 210 5892 380
417 2896 1984 2988
216 7270 235 9466
5519 9592 9136 9644
4757 2829 8781 3073
8739 5359 8858 7162
1332 759 1675 1133
3775 2438 4757 3120
3775 2088 6058 2438
480 7328 926 7568
2007 210 2390 363
926 5043 1067 5506
8338 5167 9367 5257
9846 6447 9945 9733
6267 3351 7087 4022
5495 8236 9257 8309
6289 5976 7445 6498
3492 1353 7776 1449
1235 4189 1410 5219
1410 4189 1700 5219
3273 1887 3775 2109
3931 975 8378 1000
3402 6509 5350 6658
5118 5813 8694 5976
848 210 1023 2209
2390 549 6729 571
919 2988 1664 3364
7776 1000 8035 1433
7740 3392 9698 3706
5480 8236 5495 9285
2473 2657 3027 3258
5350 6509 7235 6658
1472 6886 7445 7013
5777 9062 6180 9436
237 9285 1949 9486
216 9778 10000 9962
1248 1175 1662 2368
5777 8605 6180 9062
6928 7672 7877 8102
2452 8112 3919 8683
338 2988 791 4173
5077 5257 7173 5338
791 3798 6267 4043
1700 4860 2339 5583
5892 210 6593 478
5543 7672 6916 8109
3402 4294 5181 4853
3501 1598 8015 1637
5388 8201 9257 8236
4653 5586 5077 6498
9526 894 9875 1425
791 4093 8338 4176
9367 3706 9713 5359
791 3702 6267 3723
2339 4269 8019 4294
1866 4177 8113 4189
480 4790 1235 5043
3922 8201 4520 9733
1843 9962 10000 10000
375 4189 1235 4682
1248 585 8790 744
5777 8309 6180 8605
3790 5618 4647 6104
7882 7672 9119 7827
9945 3351 9965 9733
1720 5583 2047 5806
8015 1615 9151 1979
417 25 1176 94
1584 2537 2021 2877
7445 5976 8739 7013
4992 1449 5213 1593
2716 3522 6267 3702
417 2412 1216 2886
480 4682 1235 4790
1151 6886 1472 7271
8338 4093 8563 5097
7235 6498 7443 6841
9730 1425 9965 3351
5077 5976 6289 6498
6555 2576 7738 2819
1151 7271 9284 7389
5543 7615 5932 7672
2699 4692 3402 5362
4757 2438 5862 2767
5545 8113 9241 8201
2339 6165 3322 6425
0 2988 150 10000
6419 8309 8960 8952
150 9962 1843 10000
3931 1032 7776 1353
1664 3351 6267 3384
4757 8201 5139 9472
5181 4518 5374 4616
2390 478 8122 549
9199 5359 9346 7162
8563 4093 8735 5097
2473 3258 9272 3351
928 5536 1151 7541
1207 5219 1679 6130
6593 210 8122 478
9346 5359 9602 7903
2390 210 3597 478
4737 782 7266 848
4520 8201 4681 8606
6277 5422 7736 5812
9784 3991 9918 6447
375 8686 3353 9279
1151 6658 6010 6886
3027 2537 3775 3120
9483 9436 9846 9733
417 94 8122 210
9713 6447 9846 9436
216 9486 1706 9757
5606 9668 9483 9689
7882 7903 9253 8112
3775 1842 6052 2085
1105 1031 1220 2230
7000 4752 8338 5181
3640 1100 3931 1195
9965 1425 10000 9778
9257 7903 9646 8249
2063 2657 2473 3351
1157 5043 1235 5219
5199 4799 7000 4853
1472 7013 8739 7162
