4502 8055 7959 8154
2663 2056 7101 2223
5139 3921 6026 3964
4460 3416 6305 3666
5634 122 6021 1060
9636 2639 9709 3416
5339 9209 6351 9508
3384 4031 3470 4555
6482 2952 9175 3102
5337 194 5599 244
2879 6526 3591 7055
5582 1361 6095 1575
1485 7593 2023 9606
8578 4124 8882 5425
5139 4053 8882 4124
1480 9063 1485 9931
2715 8083 3314 8154
4413 410 4652 863
4915 1585 5178 1656
2034 7593 2114 8422
4545 7593 7961 7888
8766 1960 8939 2852
1117 2852 3173 3326
49 6697 2535 6859
4502 8154 4613 9712
8882 3416 9487 4390
49 5120 2194 5334
3759 410 4413 916
19 7524 7961 7593
5634 1060 8366 1361
4613 8485 4709 8708
703 4717 2237 4891
927 3103 1117 3416
8916 6866 9767 6903
9156 5425 9767 6429
2194 5266 5958 5334
4897 8271 6173 8596
9287 500 9903 1060
23 6859 1479 7055
8108 122 10000 412
4687 4031 5113 4112
1181 3416 4460 3617
2114 7888 2715 9904
1117 3326 9636 3416
3759 916 4388 1065
4897 9148 6370 9209
6482 2854 7854 2952
9133 4390 9767 5425
19 7496 4800 7524
49 5895 1111 6294
49 5381 8578 5425
1479 6859 2879 7055
9946 412 9959 8697
144 1960 690 3666
199 0 202 1543
8939 2413 9709 2639
1076 0 1769 1667
690 1960 7101 2056
4425 7888 7961 7991
2114 7593 3436 7885
23 1960 49 6859
23 1761 4411 1781
9393 8615 9919 9726
2697 5895 6731 6419
2916 4031 3384 4717
8916 6903 9924 7524
4897 8800 5151 9067
2514 612 2828 1501
8478 5494 8624 6712
5464 6712 9767 6866
2089 3666 8882 3813
2715 9850 10000 9963
8624 5425 9156 6712
3365 122 4763 410
1117 2592 6768 2802
9497 8016 9892 8309
4385 8041 4425 9773
4502 8033 7961 8055
49 5334 8578 5381
6590 4891 8424 5065
2283 0 2428 1399
6021 621 8478 1060
9767 4390 9924 6903
4425 9712 9083 9766
49 6294 1111 6697
7929 1960 8766 2852
8939 1960 9709 2413
7616 6148 8478 6712
3587 8041 4385 9128
5346 528 5634 844
4371 5120 5956 5240
6699 9827 8668 9850
6600 8271 8278 8672
322 5464 1985 5490
6983 7000 8632 7482
9487 3416 9924 4390
23 1791 4626 1960
2032 9963 3430 10000
690 2440 6768 2592
5267 8623 6600 8738
2828 0 3200 1761
2329 6440 2826 6526
5139 3964 8882 4053
2535 6526 2879 6859
5329 7000 6964 7340
927 2592 1117 3103
0 0 19 9966
8882 4390 9133 5425
9709 1640 9903 3329
3565 7341 6063 7445
9924 5398 9946 5490
2704 5494 6453 5739
301 5073 3573 5120
697 4717 703 5039
1823 6526 2535 6697
8228 5921 8390 6148
998 3666 1444 4679
9903 412 9946 3416
3466 7593 4545 7888
3797 6526 5464 6701
6021 412 9903 500
9156 6429 9754 6695
23 7055 1252 7086
3225 3105 6157 3291
3759 1168 4733 1665
2704 5427 5756 5494
7961 7524 9250 7761
8478 621 9287 1060
2704 5781 7305 5893
9892 7524 9924 8615
3676 6866 8916 7000
9225 2639 9636 3103
1392 5895 1859 6405
4425 7991 7961 8033
4897 8154 8587 8251
6095 1361 8366 1640
6305 3416 8882 3666
6021 500 9287 621
1117 2802 6768 2852
5764 8752 6775 9085
49 1960 144 5067
4276 4254 4655 4358
4763 122 5303 520
3365 410 3759 1761
3676 7000 5329 7055
6200 9568 8650 9679
3052 7890 4328 8041
4425 8033 4502 9712
5732 4252 5836 4535
690 2056 2663 2440
6591 241 8108 412
3591 6526 3676 7032
2755 2223 3464 2353
7101 1960 7929 2852
5958 5120 8578 5334
2089 3813 2916 4717
6482 3103 9235 3257
6768 2223 7101 2852
8939 2639 9225 2852
19 3197 23 4345
3539 9710 3772 9738
1111 6526 1823 6697
2916 3813 5139 4031
3200 122 3365 1761
8366 1060 9903 1640
5548 4124 8456 4195
3200 8 8399 122
5319 1640 8646 1809
8894 8960 9087 9203
19 8790 1246 9060
4826 8154 4894 9531
1444 3666 2089 4717
8632 7000 8916 7524
3464 2223 6768 2440
2237 4717 6605 4889
2194 5120 4371 5266
3173 2852 5862 3038
690 2592 927 3666
703 4891 4621 5030
5464 6526 7616 6712
