7230 7991 9643 8272
2346 1640 3966 2209
0 45 1245 1048
6075 3675 8515 3896
4470 5224 6513 5877
0 7319 560 9066
2284 882 5637 955
2284 139 9499 186
5660 5877 6011 9128
2226 6956 3253 7434
4971 1640 5229 2215
1173 9701 1605 10000
9779 7538 9954 8091
1615 8247 1933 8778
2284 955 2346 2422
4470 4280 6513 5224
6511 2594 8100 3445
5322 186 9499 447
1605 5461 4186 5873
4119 7688 4799 10000
3395 2209 3966 3216
6513 5581 6753 6938
5388 6516 5660 9335
3921 955 4569 1640
9499 5454 9779 7991
3283 7051 5021 7300
1933 6897 3283 6956
5637 3896 9147 4099
5881 9335 8672 9352
1605 5297 4470 5461
1303 46 9499 107
0 1426 1961 1839
2004 4520 3395 5297
6737 1547 7658 1859
1262 9101 1603 9701
606 2422 894 10000
1303 45 9779 46
2004 3571 3395 4520
5332 6897 5388 9335
5159 6897 5332 9335
4556 6026 5660 6516
9364 447 9499 7753
3283 7300 4799 7688
1605 6026 4556 6516
8515 447 9147 3896
9499 4407 9771 5454
6513 4099 7731 5581
5322 447 5637 882
1933 7912 3123 8113
8581 7220 8665 7737
1605 3119 2004 5297
4116 2169 4541 2222
606 1916 2275 2304
7731 4099 8982 5555
4799 9736 9779 10000
2037 107 2284 1426
6511 1153 8515 1547
4470 5877 5660 6026
2284 186 5322 882
8674 5581 9356 7819
6075 447 6511 3675
0 2681 347 7319
1173 3119 1262 9701
2004 2422 2346 3571
6753 5581 8581 6946
3283 7688 4119 10000
369 1916 606 6533
2346 955 3921 1640
9147 447 9353 1307
5637 4099 6513 4280
894 3119 956 9548
1262 3119 1605 7112
6511 1127 7608 1153
3966 2222 4985 3089
5711 773 6075 3715
3834 6685 5291 6897
1402 107 2037 984
2284 107 9499 139
2346 2209 3395 3571
1064 3119 1173 10000
983 3119 1064 9904
5101 7300 5159 9335
7230 6946 8438 7912
6513 8275 8929 9184
3395 3216 5637 4280
894 2872 1789 3119
0 0 9779 45
6763 1913 8066 2428
4799 7300 5101 9736
3395 4280 4470 5297
6513 6946 7229 8266
4569 955 5637 1640
