2487 2501 6295 2573
2797 7645 3895 8172
8818 9204 8970 10000
1419 1050 2393 1306
6599 2170 7108 2271
0 4315 4073 4419
8594 478 8620 5541
245 8735 4501 9204
8664 0 8674 3853
1132 3356 3092 3556
0 7206 5404 7645
3015 652 6651 969
619 7767 1442 8202
0 186 1419 1901
0 9204 993 9811
6437 6466 7258 6771
2487 2341 5122 2501
3973 6670 4624 6726
1132 3556 3090 4185
4392 1306 5122 1901
146 6194 968 6679
4624 5530 5090 6824
3092 3356 4768 4217
6816 2501 7363 6466
0 3356 1132 4315
0 7645 245 9204
0 6838 5507 6883
0 3227 2487 3356
6437 2501 6816 6466
1100 9204 4337 9758
245 8202 2267 8735
8353 478 8594 5571
4501 8095 5849 9204
5122 2044 6059 2326
0 6726 4624 6824
6474 8088 8970 9204
2267 8172 3043 8734
0 4531 2399 5530
8674 3917 9272 5434
1100 9758 7220 9813
1419 186 3250 617
1132 4217 4768 4315
3973 6152 4613 6670
0 4421 4679 4515
1419 617 3015 1017
8935 2211 10000 2708
9726 5434 9987 10000
2341 5833 3056 6194
7487 1589 7824 4056
3250 478 8353 617
2523 1235 5850 1303
6474 7072 8970 8088
9137 7880 9430 8711
5090 4421 6432 6743
8674 0 8935 2708
4501 7645 6474 8095
1100 9813 8818 10000
2674 2573 4559 3216
7363 1306 7378 5844
9378 3342 9982 4060
3194 8172 3820 8735
8031 9204 8818 9813
4337 9262 7128 9758
8674 2708 10000 3342
8935 0 10000 2211
3012 1017 8353 1026
9987 3342 10000 10000
2523 1026 7392 1235
7487 5571 9137 5817
2093 1306 4392 1817
0 7 3687 186
2267 7645 2579 8157
3896 7645 4501 8735
6036 229 8245 478
4768 2692 6431 3392
968 6194 3973 6726
2523 4525 5083 5488
7392 1574 7487 4636
7220 9204 8031 9813
2487 1901 5122 2341
0 6824 6220 6837
5849 8095 6474 9204
2029 2538 2487 3227
8620 5434 9726 5571
8970 5817 9137 10000
4768 2573 6437 2692
7392 5817 8970 7072
