5433 6071 6845 6556
8061 5725 8079 7881
8214 1626 8509 2617
9109 5556 9355 9489
2730 7492 2815 8279
1865 6930 1902 8117
3582 4232 6695 4463
4561 9489 9771 9531
472 8136 740 9938
1963 5594 8754 5725
1998 386 9215 564
555 1988 1173 3915
742 8973 1041 9539
1173 2212 1394 3156
555 5657 1173 7578
7115 1586 7251 3715
1173 3156 1394 7578
2592 1107 6059 1403
3635 5045 7443 5246
7243 8138 8767 8583
1169 7578 1865 8136
1963 5014 3635 5556
3731 1412 4982 1565
1604 3097 1912 4226
1444 232 9696 271
1394 2212 3582 2768
345 1584 5755 1586
2894 6071 3351 8783
3635 5394 9355 5556
7443 5049 9512 5246
9720 0 9771 2905
6469 1586 7115 2584
8771 5594 8918 7697
150 1403 5606 1411
4091 7421 7079 7778
9659 271 9720 2905
7251 1586 7536 3715
9512 8279 9661 8730
6110 3291 6274 4022
5543 6608 6395 7165
7705 2905 8167 3160
6423 9531 9677 9809
3720 2114 6118 2575
2894 6056 8004 6071
2450 734 6059 989
1394 4622 4134 4669
1963 5556 9096 5592
6274 3291 6695 4022
6695 3291 6834 4463
8079 5725 8163 7626
150 0 305 989
53 5437 55 6924
3635 4854 7443 5045
1394 4506 8844 4579
7536 812 7705 3172
1830 5014 1963 6930
742 9568 1811 9899
2682 5725 4226 6040
2390 734 2450 769
1394 4698 1830 6930
4091 8629 7704 9199
1394 6930 1865 7578
1051 9005 4000 9244
150 1584 345 7298
5984 7817 6260 8607
3635 5246 9512 5394
1355 9244 1887 9568
55 0 150 7298
1116 9244 1355 9483
7705 812 8068 2124
8918 5594 9026 9351
7899 6071 8061 8138
3622 1988 3720 3849
472 7578 1169 8136
971 1586 2872 1969
4561 9351 9026 9489
5144 3291 6110 4022
1224 8136 1709 8684
4982 1412 6059 1584
8537 1626 9223 2538
1444 769 2450 883
7443 4866 8585 5049
9355 5394 9512 9489
3351 6608 5543 7421
742 9902 9771 10000
8303 7945 8599 8094
1444 564 2390 769
6395 6608 7079 7421
1830 4854 3635 5014
8516 3172 9512 4463
1444 271 1998 564
1173 1988 3582 2212
743 489 1444 521
150 989 2592 1403
2872 1588 6402 1988
555 3915 1173 5657
2583 6052 2696 8038
8141 812 9265 1539
3720 3291 5144 4022
4226 5725 8053 6052
6834 3715 8516 4177
345 1586 555 7578
4102 9351 4561 9528
4091 7778 5984 8629
9278 812 9606 2070
5543 7165 6395 7421
6845 6071 7899 6608
1887 9244 8918 9351
6059 734 6772 1584
6834 4177 8458 4462
2038 6052 2583 6893
6834 2650 7091 2856
2390 630 8217 734
2044 3097 3447 4325
7536 3172 7813 3588
1394 4463 9512 4506
1394 2768 3582 3097
4538 2680 5438 3291
57 7298 127 9762
1887 9531 6423 9902
3582 4022 6695 4232
3351 7421 4091 8783
305 883 2450 989
7079 6608 7899 8138
9771 7811 9989 8077
6772 1098 7459 1218
7928 740 9659 812
127 7298 345 10000
345 7578 472 10000
2592 989 6059 1107
742 8805 2880 8973
9026 5594 9109 9489
1830 4746 4887 4854
305 0 9720 232
