9583 1819 9663 5000
8770 3010 9093 3829
9093 2576 9433 4099
618 2182 6207 2373
1958 8438 9433 8524
3270 7395 4109 8438
8295 2576 9093 3010
1482 5885 1645 8880
0 119 108 9837
4177 5851 9433 6510
4109 7670 5345 8302
7995 4099 9349 4651
1212 2484 1730 2761
4109 7395 5842 7598
9433 2576 9554 8524
4177 6510 7123 7007
6096 2842 6192 5365
880 119 1211 186
4109 7598 8724 7670
1645 2967 1778 9078
6207 1102 6311 4946
4362 8524 8079 8717
618 1966 6207 2182
108 444 311 9837
5559 7073 6087 7366
6324 3142 6577 4729
2793 3587 3270 4922
108 387 6685 444
7611 6510 8724 7598
4378 3587 5309 4891
5700 9083 7868 9329
7575 2576 7995 5806
4177 5806 9433 5851
2657 2967 6096 3587
848 2967 1044 8026
618 444 9583 655
8724 7551 9103 7899
618 2373 6207 2484
618 2484 848 9443
6324 1102 7572 2488
6207 655 7588 1101
2657 3587 2793 4922
3270 3587 4378 5620
0 9837 2102 9938
7995 3829 9093 4099
311 444 618 9837
7995 2576 8295 3829
848 9329 9554 9443
618 9443 9252 9809
9554 655 9583 10000
1778 3380 1949 7267
8295 3010 8770 3829
7409 2576 7575 5806
3270 5620 4177 7366
618 1547 2837 1966
2038 2967 2657 6590
6746 2576 7409 5620
1958 6705 3267 8421
7588 963 9154 2576
0 0 9583 119
5322 3687 5537 5210
2007 2484 6096 2967
4177 5620 7409 5806
2681 4922 3270 6620
5842 7395 7611 7598
4378 5365 6746 5620
3270 7366 7611 7395
4553 8773 8598 9035
