2992 4668 3976 5333
1951 2720 3335 2839
2212 4668 2249 6046
1693 3830 5709 3862
5738 6324 6499 7043
6623 211 7825 572
5695 9256 6521 9637
140 8225 8538 8496
5107 3140 5412 3711
8538 5820 9223 6350
206 1250 1228 2491
3723 1758 5349 2329
0 1250 140 9672
376 9107 593 9637
7857 688 7999 972
0 449 1521 1148
3723 2702 7373 2733
4164 1294 6490 1366
2591 5333 4130 5415
1693 3862 5709 3916
6570 6324 7391 7102
5679 1810 7060 1964
5278 462 6612 688
7391 6324 7799 8175
345 6318 542 8210
9688 5674 9818 7205
7287 3140 7358 3501
7373 1366 8043 2733
2249 4668 2992 5333
8015 2733 8043 4191
6521 9256 7900 9637
9974 132 9980 9151
2288 6080 4102 6640
2351 6765 2730 6935
8665 6350 8819 8882
5679 1420 6143 1804
9818 3294 9860 8882
3976 4815 7635 4835
3742 3766 4353 3830
2747 6728 3018 7156
4269 6080 5453 7038
2157 9299 3764 9408
6504 7136 7299 7801
8210 9672 9917 9875
3976 4964 5016 5333
345 4038 6719 4051
1595 8566 8497 8763
7809 5820 8460 7847
140 8850 4581 8964
3134 5643 5498 5801
345 5764 2212 5898
5709 3830 6719 3916
1951 1758 3313 2137
0 237 3916 449
8438 602 9235 708
6719 4230 8368 4668
8619 6350 8665 8333
3019 6659 4021 7212
3134 5820 5738 5950
2617 2839 2772 3118
741 4668 1163 5601
7358 2733 8015 3667
9906 708 9970 9637
5717 5333 6686 5820
3019 7430 4077 7585
6523 4885 8136 5136
1785 688 2625 1239
6686 5534 9818 5674
1951 1250 4164 1758
5015 9021 8565 9107
140 1250 206 8225
1068 7202 1827 7339
8043 3294 9742 4230
1806 7761 3235 7839
7803 5333 9742 5534
8602 2706 9860 3294
3723 2778 6270 2839
2856 752 4565 1051
3976 4835 5016 4964
8589 268 8887 427
1926 9915 8306 9975
5016 4835 6523 5333
449 4051 515 5764
980 9107 8598 9194
7999 688 8043 1366
206 3766 345 6838
8482 5820 8538 8211
2591 5580 3134 5950
6719 3667 8015 4230
140 8768 8088 8845
7900 9256 9906 9637
206 6838 345 8225
9860 2706 9906 9256
9677 708 9906 2706
0 51 5825 132
6686 5333 7803 5534
6686 5674 9390 5820
593 9107 977 9635
9223 8656 9246 8835
4277 9256 5695 9600
345 4051 449 5764
4382 3766 6719 3830
345 3766 1693 4038
2249 5333 2591 6080
8598 8882 9860 9194
1951 2143 3321 2381
9970 427 9974 9975
140 9107 376 9637
1951 2382 3301 2719
8602 1702 8701 2133
3161 8100 3604 8161
8438 774 9658 1672
5301 7137 6380 7392
1693 3916 6719 4038
5679 1964 7088 2387
8819 6350 9223 8882
8043 132 8184 3294
515 4342 5864 4519
1595 8496 8538 8566
140 9018 1353 9085
1020 3457 1933 3751
8538 6397 8597 8803
2591 5431 3314 5555
1233 1250 1951 3457
7088 1366 7373 2702
515 4051 5791 4315
206 2506 1209 3451
140 9637 9970 9672
8602 2133 9677 2706
8368 4230 9742 5136
3134 5587 5239 5632
601 8496 1544 8709
4269 7417 5985 7803
4164 1366 5679 1758
2856 1163 7373 1250
1951 2839 2617 3766
4269 7043 5231 7409
206 3488 967 3766
3343 1758 3723 2839
9742 3294 9755 5501
5155 5440 5717 5580
980 9194 9860 9256
1068 5898 2212 6080
552 6776 1064 8211
8438 1672 8602 3294
2591 5950 5738 6080
6523 5136 9742 5333
0 9975 9974 10000
8184 132 8438 3294
5738 5820 6547 6038
619 5898 1068 6696
3723 2387 7088 2702
