3463 9748 9047 9819
38 0 154 8188
518 9981 10000 10000
7460 1428 8058 3578
1407 1800 4065 1949
798 8545 2147 9808
1738 3143 3251 3795
6507 6249 7570 6722
177 509 900 2792
1407 509 3663 1406
2678 6994 2959 9290
7446 3578 8058 6248
798 5739 2896 6994
3663 1123 8058 1406
2386 4301 2896 5739
177 200 4000 509
154 0 9066 163
9855 0 9869 9981
8058 1123 8361 2227
177 3933 5902 4096
2896 4096 4173 6274
1407 2428 3895 3143
798 4096 2896 4301
9224 2227 9702 3171
798 6994 2178 8545
4672 8252 5761 8608
3337 6994 4301 9299
6182 2072 6247 5357
9066 959 9794 1063
536 4096 798 7916
1407 1629 6273 1797
9224 3171 9716 5094
177 3690 674 3819
8361 509 8753 2227
3337 9299 6247 9481
965 509 1407 3815
3054 7313 3337 7739
4542 2010 5265 2828
177 3819 6182 3933
9047 2227 9224 9981
8058 5236 9047 5649
2178 9754 3103 9819
4672 8608 5510 9299
6676 1406 7446 6248
3663 1083 5842 1123
6247 2010 6507 6722
8340 6722 9047 7263
2278 6994 2678 8442
6532 1406 6676 5899
191 6596 496 9813
154 163 177 9673
8058 5649 9047 6722
4301 4096 4473 9299
4473 4096 4672 9299
8753 163 9066 2227
9702 2227 9855 3171
1407 1406 6507 1629
3337 9638 9047 9748
8502 7263 8896 7415
6247 7185 8294 8121
798 4301 2386 5739
9869 0 10000 9981
5902 3933 6182 9299
3337 9481 8340 9638
8058 3999 8812 5236
518 9819 9047 9981
