49 4445 128 7755
257 3914 3349 4042
4800 1669 6663 2158
1204 4758 1377 7829
7962 6037 9386 6156
1044 4445 1202 9334
2522 5899 2654 10000
4110 8880 8641 9136
9744 95 9874 2472
257 3253 2305 3821
2933 8633 3205 9055
4525 7913 5550 8405
2654 9178 7705 9329
7274 349 8284 488
5273 3409 5489 5617
267 487 1930 709
1930 498 8386 571
666 4445 843 4853
5550 8144 9874 8405
6047 6286 9386 6416
1377 4445 2805 5899
4864 2964 7716 3374
9336 95 9386 3873
0 4042 1314 4445
3349 2964 3615 3982
9386 95 9583 6910
2805 5617 4476 5873
0 2964 2305 3253
7962 6156 9386 6286
2654 5899 2881 6744
4800 2216 6717 2483
5489 3409 5772 5899
8641 8880 9591 10000
4525 8405 9591 8525
3399 9136 8641 9172
208 2372 4263 2758
6399 3780 7702 3873
6047 3873 7391 4727
2347 9598 2522 9970
2245 5899 2522 9598
1314 4042 2805 4445
3653 0 9874 95
2181 7829 2245 9334
288 4445 478 9334
4829 3409 5273 5277
2822 7549 3148 7608
3675 4565 4196 5617
4168 8095 4525 8521
6012 571 6717 1669
0 3253 257 4042
5391 95 9336 308
4879 571 6012 831
622 4445 666 8603
3589 571 4879 831
5550 7913 9874 8144
2654 9451 5307 9515
6047 6416 7244 7348
129 4445 288 8050
8537 518 9336 2964
478 8603 1044 9334
3522 7684 9804 7913
0 2758 4800 2964
6047 4727 7391 5598
7041 1037 8015 1689
1202 7829 2181 9334
1377 5899 2156 7322
0 1321 3343 1367
3829 8423 4110 8700
4800 2682 8056 2961
4196 3396 9072 3409
4110 8525 9591 8880
4196 3409 4829 5277
1408 9334 1437 9521
4097 3254 4196 4565
3185 5899 3754 6706
7361 6083 7962 6217
585 4445 622 8334
3653 95 5391 308
2805 4042 3675 4471
0 1669 3469 1992
2805 4471 3675 5617
2654 7660 3186 8189
2654 9903 8516 9990
7391 5909 9386 6037
7041 1750 7522 2376
3695 2964 4078 4538
8176 571 8537 2964
257 3821 2251 3914
9591 8405 9768 9498
5772 3873 6047 7365
6124 5598 6755 5721
7391 4498 8934 5909
843 8102 1020 8349
8694 6416 9386 7365
2305 2964 3349 3914
9874 0 10000 10000
6717 683 7012 2177
3589 831 6012 982
4800 2485 7721 2680
8660 6530 8694 7061
7449 571 8176 721
3185 7365 9250 7526
1930 982 6012 1161
3215 7660 3348 8979
9620 745 9713 5853
666 4853 843 8603
4196 5277 5273 5617
1930 0 3653 308
0 1161 3362 1271
1930 571 3589 982
8537 308 9336 518
2654 9531 6923 9893
