5497 3501 5736 4168
8189 8250 10000 9490
714 5252 3801 5374
2434 3969 3274 4516
7135 9749 10000 9895
6503 3903 7702 4692
1884 4516 3801 4566
1974 6379 8382 6412
5206 1556 5429 4905
7135 8041 7494 9749
4748 8055 4867 9011
6647 8674 7060 9878
9399 894 9413 5531
1337 428 1884 2596
5481 8630 6374 9420
1884 3456 3353 3752
9061 894 9156 5040
4250 861 4315 4690
1421 5374 1952 6366
5758 6418 6858 6952
0 9402 2894 9641
4900 8194 5481 9895
4187 6412 4624 9779
8326 301 8353 3621
2102 8856 3123 9191
4800 5955 5722 6243
5008 861 5205 5040
3801 861 3859 5374
9416 894 9591 4825
1235 4748 3801 4855
7494 7297 7722 9490
7216 2418 7560 3767
3801 428 8326 461
804 7667 1162 9402
8644 4986 9061 5040
4725 7833 6502 8041
1630 7503 3709 8276
3859 5040 8170 5348
7766 3903 8163 4123
417 614 631 4732
2894 9402 4187 9779
9780 301 9981 7212
8382 5040 8731 6952
0 7066 714 9402
8353 894 9048 3639
8731 5040 8975 6952
0 5252 714 7066
4624 6952 4694 8957
8353 301 9598 894
4698 5673 8200 5955
778 123 6086 301
2950 6412 2954 6851
1162 7503 1630 9191
5497 1556 6422 2041
3709 7822 4170 8173
8189 6952 8975 7935
9733 6641 9762 7891
1532 316 8109 428
1884 4566 3801 4748
8975 5040 9156 7935
7065 8194 7135 9895
9156 7227 9304 7564
2044 5469 3893 6105
1660 6412 2950 7134
0 9895 10000 10000
714 7134 4187 7503
5205 861 6135 1556
3893 5374 8382 5673
0 9779 4900 9895
5788 3156 6064 4853
7722 7297 8189 9490
3893 6339 8382 6379
9598 2487 9691 4056
0 4855 3801 5252
3859 861 4243 4605
8727 9490 9778 9695
4315 861 5008 5040
1630 8276 3427 8490
1162 9191 4187 9402
3893 5673 4694 6335
0 301 379 4716
6808 8627 7065 8653
0 9641 2894 9779
3801 461 8326 861
4900 8060 6953 8194
6135 861 6503 1556
4725 7023 5982 7297
8189 7935 9733 8250
8200 5673 8356 5810
714 6412 1660 7134
5722 5955 8382 6339
6925 1068 7026 1637
777 1341 1235 3619
