6606 9017 7177 9788
1217 5376 2562 6012
5974 7695 6423 7843
7271 1262 7468 3134
3345 4080 5655 4293
6708 7522 7248 8090
5607 986 9537 1241
3345 4293 5852 4775
460 4398 598 6024
3108 8620 4268 9352
1541 6516 1930 8233
5607 1990 6758 2428
437 7311 778 8386
1513 5129 3481 5253
1562 3654 9461 3795
751 9862 2356 10000
751 9683 1030 9833
4218 7456 7578 7522
1930 6645 2298 7507
3577 8055 4176 8392
9423 9065 9473 9867
2857 4398 3158 4459
1539 108 5039 380
7289 9031 7941 9724
1513 4616 1999 5129
9244 5848 9580 6299
6340 6709 6632 7244
437 3962 3345 4398
598 5311 10000 5360
9942 278 9983 4849
2421 6977 3932 7058
5096 6019 8766 6286
5607 1262 6588 1990
6708 8090 8558 8227
9461 1670 9509 1896
0 9373 2383 9496
5607 56 5977 531
4176 8055 5292 8227
5607 1241 9461 1262
1876 380 2081 1269
1217 5360 10000 5376
8930 7522 9475 8047
8266 6362 9213 7133
5292 8089 5459 8186
27 1344 500 2599
1492 6235 1776 6510
3108 8394 9483 8620
2147 530 3751 1047
5560 7244 7012 7456
8320 3801 9202 4131
1182 380 1850 1763
2081 380 2147 2428
0 3003 2064 3266
2326 4942 9412 5125
1522 6051 2715 6235
8558 7522 8930 8227
5086 8620 5735 8862
9615 56 9899 4321
678 5071 1317 5247
9259 3801 9455 4640
2147 1955 4331 2127
5096 5916 9244 6019
1930 7522 2998 8055
9461 4391 9899 5311
7587 97 8724 252
27 0 500 1344
5852 4063 8320 4164
4876 5376 9775 5394
5328 6645 5560 7322
2715 5882 5045 6225
8134 6299 8248 6847
4924 380 5039 2039
3345 4824 7234 4832
500 380 1182 1763
4268 8914 4699 9149
1562 3308 4170 3654
1930 8055 3577 8392
500 2428 1754 2599
751 9833 9423 9862
4097 968 4725 1297
4097 380 4906 968
1351 8392 9483 8394
6166 7855 6708 8089
1776 6235 5096 6516
6840 1990 7271 2058
0 9659 751 10000
598 4547 1438 5037
7248 7522 8558 8090
1340 8449 1389 9239
0 3308 437 8063
6530 362 6951 401
2356 9862 5562 10000
1850 380 1872 1950
5407 5528 9225 5882
870 7330 1333 8090
7289 8620 7795 8895
751 9659 6606 9683
9461 4323 9817 4391
2299 6645 4212 6972
0 2599 1754 3003
4170 3322 9051 3621
3138 380 4097 525
2147 2129 5030 2428
6588 1262 7271 1990
2383 9373 4268 9496
2326 4864 4816 4933
5870 4164 8463 4280
9271 1262 9461 3266
1030 9683 6606 9788
4216 1659 4829 1772
93 8063 261 8325
7211 8659 7284 9040
2147 380 2952 529
7969 9031 9483 9065
0 0 27 2599
4687 5395 5407 5882
5562 9862 9423 10000
2147 1679 3713 1953
437 3830 8320 3962
3442 7843 5292 8055
2326 4564 2875 4817
437 3801 7636 3830
5096 5882 9244 5916
0 9496 4268 9575
9346 9105 9388 9750
3345 3962 8320 4063
598 5256 7759 5311
2715 5376 4687 5882
9539 56 9615 3326
437 3308 1562 3795
870 5360 1217 7330
3967 5129 7759 5256
4372 9575 6606 9659
0 9352 4268 9373
500 1763 1850 2428
627 6119 870 6690
1930 6516 4716 6628
7468 1902 7599 2708
6273 650 7772 986
500 0 1539 380
7578 6299 8079 6934
2998 7522 3442 8055
6543 4292 7194 4585
9899 0 9932 5142
7759 5129 9461 5311
9025 1262 9271 3039
9669 5528 9978 9699
5039 108 5607 1218
437 3795 9314 3800
5096 6299 7319 6570
1754 2865 6251 2985
1740 65 2035 108
1754 2428 6758 2774
1217 6122 1314 7019
5735 8620 6606 9575
1754 2774 6678 2862
7012 7244 7578 7456
2064 3003 6758 3134
9244 5693 9653 5731
5407 5395 9617 5501
5868 0 7667 33
7959 6957 8217 7448
7648 2767 8165 2800
4176 8227 8461 8371
8245 8620 9483 9031
2064 3134 9271 3266
0 9575 4372 9659
5039 1218 5456 1279
1030 9788 9423 9833
2147 1313 4734 1623
0 3266 9461 3308
9483 6299 9659 8873
1389 8394 3108 9352
