6740 1875 7190 3218
5027 2322 5229 6453
9825 1640 9923 7472
3344 2218 4541 2786
0 1065 8982 1205
0 1417 8982 1561
6327 2028 6740 3218
8236 4432 9288 6207
8236 3218 9159 4432
6740 4800 8236 5441
76 1640 317 4145
4692 1953 6210 2322
8982 510 10000 1640
6327 1875 6740 2028
9923 1640 10000 7806
698 7039 9244 7309
3882 8465 8635 8500
317 8406 8122 8461
0 1561 8982 1640
3882 8500 10000 8859
317 8342 7884 8397
4548 1953 4692 4734
0 1407 8982 1417
698 7358 7788 7462
7190 1875 8001 3132
698 5239 4736 6268
317 8461 3882 8859
9159 4355 9502 4432
6215 4675 6327 6397
1644 2218 3115 4734
698 8032 3229 8112
3429 3809 3851 4165
0 1205 8982 1407
3115 2218 3344 4734
6210 1953 6327 4642
554 3556 698 5769
3589 4193 4548 4691
9159 3218 9502 4355
0 131 9458 510
698 8118 5483 8315
5768 704 6463 1065
698 6453 8952 7019
1644 4734 3127 5222
317 1875 6327 1953
4692 2322 5027 4734
8150 8859 8266 9131
2909 9298 9444 9962
698 1953 1098 5239
5229 2322 5714 3527
9502 1640 9825 7358
698 7472 808 7804
1644 1953 4548 2218
1098 1953 1644 5239
317 1640 9502 1875
