5098 9372 7797 9406
2964 5873 4215 7579
5806 3526 7170 4481
9033 415 9206 4787
1165 1274 5806 1582
2421 4808 3025 5864
7511 415 7905 4173
0 9361 919 10000
0 1219 5806 1274
5098 8194 6941 9327
426 4495 7511 4608
0 5873 2964 7265
5940 1219 6992 1618
1165 1582 5806 1843
4311 6670 9387 6714
0 1274 1165 3563
426 4791 8807 4808
9445 415 9491 4794
1236 7265 2964 7579
0 1027 6992 1219
2288 1843 3843 3320
6 4495 426 5793
9497 7501 9691 8093
426 4808 2421 5873
6992 415 7511 3526
426 4608 8941 4791
4240 5443 4311 6486
8952 1010 9033 1877
4311 6056 6392 6346
9206 415 9245 6023
0 7265 1236 9361
1779 4448 1802 4495
9245 415 9445 6023
9936 0 10000 9372
4311 6714 9497 6889
4311 6346 9496 6668
4986 1 5641 415
8293 864 8606 1791
1766 7579 2791 9933
1165 3320 5806 3563
9915 5008 9936 8061
3843 1843 4796 2947
370 3563 1779 4495
4623 7012 4790 7394
2800 8194 4407 9956
919 9361 1236 10000
9006 8194 9754 9312
4311 6889 9400 6942
4215 4808 9043 5386
2800 7579 9422 8188
4311 5443 7854 5999
4855 8194 5098 9953
1165 1843 2288 3320
0 561 6782 728
0 3563 370 4495
0 796 5469 1027
1236 7579 1766 10000
3051 4808 4187 5863
9764 0 9906 9232
