1144 5694 4353 5964
6022 5577 8145 5678
3081 1751 6013 2668
2511 6661 3258 6883
3919 7598 7829 7780
58 3048 356 9895
6875 8341 7482 8359
2545 9729 4356 9740
2901 4570 3213 5028
6160 2010 6263 2683
0 9895 6143 9906
382 3798 3415 4003
2319 9302 2511 9895
382 3048 3666 3528
6103 184 6936 222
844 6250 6496 6323
2006 7236 2511 9302
3710 707 6174 1093
3919 7135 5012 7598
3871 3915 6933 4120
8811 5678 9689 5809
3269 7948 6686 8027
6103 222 6949 707
2006 9302 2319 9715
3806 8945 8373 8990
305 1737 5871 1751
0 2476 58 9895
763 0 1068 1073
2383 2902 4226 2968
1841 6559 2031 7236
0 0 305 2092
1417 2636 2861 2871
1292 6444 1563 9895
8013 439 8740 1590
7975 6386 8380 8341
3710 0 10000 68
3556 7580 3919 7911
382 4391 559 9230
3081 2768 6933 2902
8740 439 9991 1563
8406 2536 9337 2988
8252 3715 8380 4476
8417 2219 8882 2536
4353 4636 4663 5776
8448 8231 9172 9726
6444 6386 7601 7588
305 1700 6389 1737
4899 3872 5914 3915
6389 1590 6933 2768
4663 4327 4899 5576
5012 7135 6444 7598
8446 6907 9553 7777
7829 6386 7975 7780
356 3048 382 9838
1144 5162 4353 5694
2511 7282 2545 9895
6263 1737 6389 2768
1492 1293 3359 1589
6174 707 6879 1262
6933 1590 7367 5577
1417 2171 3081 2636
1257 4003 2950 4063
9553 5809 9758 7777
2719 0 3118 1187
9337 1590 9796 4927
8013 184 10000 439
7469 2219 8383 2513
3815 3583 5946 3793
2545 7976 3140 8005
8429 2988 8446 7939
6355 1408 8013 1590
5094 8027 6686 8341
1563 9715 2222 9861
1448 2988 3830 3044
3919 7780 7975 7948
3871 4327 4663 4636
3871 4120 6933 4327
3415 3798 3871 4570
5254 5723 5693 5775
8697 5809 9553 6907
844 6347 8235 6386
1007 5507 1144 6208
583 6250 825 9305
3238 4570 3701 5105
8380 2536 8406 8799
7367 3949 7469 5515
4090 3231 6545 3529
58 2476 1414 2990
4528 8388 5965 8629
441 2092 1417 2476
2545 8732 3730 9283
2950 4003 3415 4391
8406 2988 8429 8945
5693 5935 8380 6250
5693 5722 8351 5935
6686 7948 7975 8341
852 6386 1292 9334
305 1751 1417 2092
1068 0 1491 1073
4959 184 6103 707
3359 0 3710 1700
7367 1590 9337 1897
1144 4480 3415 4570
8446 5642 8697 6907
3806 9341 5811 9651
3710 184 4959 707
3710 1408 6355 1590
4198 1246 5204 1408
3312 7010 4223 7135
305 0 602 1700
6949 437 7983 501
763 1073 2719 1293
2211 0 2719 1073
382 9392 1241 9467
8446 7777 10000 8231
1144 5964 4353 6250
4419 5776 4963 6226
4909 4327 5107 5568
4199 8027 5094 8356
0 2092 441 2476
8882 1897 9337 2536
1491 0 2211 1073
8446 2988 9250 4761
7367 2219 7469 3949
583 4391 3415 4480
382 3529 3815 3798
3871 4636 4353 5162
3710 1093 4198 1408
1417 1788 2922 2171
3806 8799 8406 8945
1292 6386 3773 6425
9758 5883 9957 7734
9172 8231 10000 9895
3710 68 10000 184
1563 7236 2006 9715
7469 3559 8100 4344
9796 1590 10000 4927
3710 1590 6389 1700
7367 1897 8882 2219
8446 4927 9667 5086
602 0 763 1293
8470 5153 9880 5641
