7837 8315 8403 8991
9686 1189 9778 8991
3631 4185 6385 4965
3631 5320 9686 5421
2517 5421 9686 5494
9444 2750 9462 3741
5202 1999 5522 2596
304 101 575 8193
1877 1200 2676 2420
1288 3272 8692 3399
5523 1999 6777 2520
2783 9072 3781 9218
8202 1631 8692 3219
3432 1637 3715 2562
7270 1786 7991 1913
803 3663 7074 3753
3862 7362 5501 8366
5101 809 9764 1189
4166 6825 5840 7186
6751 1534 7343 1631
1223 1058 1288 3009
803 6045 8729 6140
790 3648 803 7556
817 8747 2173 9065
3781 9611 10000 9672
992 6517 1381 7989
5101 444 8249 614
7074 3663 7668 4968
6907 3404 7415 3463
8688 3804 8990 4351
9907 0 9999 2811
9563 6428 9686 8139
8989 5872 9379 8991
0 8366 2560 8716
817 9065 2173 9374
2560 4451 3631 4639
575 126 1489 1058
6998 6569 8989 8315
2299 2702 8202 3081
460 8747 681 9620
9068 3648 9424 4440
803 3648 9068 3663
803 6140 6254 6517
2682 1637 3424 2613
1206 3476 8398 3648
7668 3663 8527 4207
2299 2631 8088 2702
575 1058 1206 3648
2299 3219 8692 3236
6254 6140 8989 6569
4208 1251 5725 1340
8692 1631 8843 2610
2682 1189 8914 1236
8529 4447 9637 4965
2147 6517 2748 6734
7599 9728 10000 9884
1381 7598 3862 8117
2147 6825 4166 7204
9186 8991 10000 9611
3631 4968 8859 5080
2147 7395 3384 7598
6254 6569 6998 8271
0 0 4746 71
803 8233 3862 8366
803 5872 8980 6045
6254 8271 6998 8721
7668 4207 8509 4915
13 101 259 8113
6998 8315 7837 9611
2351 444 2508 1010
460 9884 10000 10000
3443 101 7738 175
3948 5547 5025 5853
1381 8117 3862 8233
3631 5145 9260 5320
460 8721 6998 8747
9778 247 9907 2321
1288 1058 1489 3272
3715 2105 4880 2623
888 5494 8507 5534
1489 3236 4208 3237
888 4002 7074 4185
5896 6825 6254 8541
2147 7204 5892 7362
5721 1722 7270 1867
1877 247 7066 386
5501 8527 5879 8707
1489 247 1877 3236
9379 5547 9529 8105
7253 1999 7687 2448
0 8721 460 10000
803 3753 7074 4002
803 4002 888 5872
3781 9728 7599 9884
2804 6517 6254 6825
817 9374 2173 9620
3781 9249 6984 9261
2682 1251 3677 1627
582 3648 780 7191
1662 9620 1762 9826
2173 8747 2390 9382
681 8747 817 9620
1381 6517 2147 7268
1877 2623 2299 3236
7270 1631 8202 1786
1381 7268 2147 7598
2299 3081 8202 3219
888 4185 1413 5400
8836 8991 9186 9602
3781 9672 10000 9728
8403 8315 8989 8991
