4916 2750 7357 3253
6154 194 7573 2437
1649 4014 8451 4361
5509 2584 7547 2647
0 2037 82 6121
5538 7525 5913 8409
543 1368 894 3003
7989 8341 7994 9044
6336 9641 7318 9842
1458 654 1648 4998
8451 194 8705 4726
543 3038 1308 4099
1837 9195 3032 9379
1288 5053 1308 9379
0 1368 543 2037
0 654 924 1368
4633 1471 5337 2385
6423 5884 6546 9573
2984 1813 3118 3343
6099 5127 7390 5177
6943 5550 7620 6795
1784 1440 2261 3297
146 2037 364 8846
1836 9044 5530 9195
3328 1121 4603 2249
1805 781 3504 965
8715 3718 8979 7479
1308 1663 1328 8114
755 5053 1288 8054
8451 8341 9478 9613
9295 194 9348 7648
2927 5309 6653 5739
6613 5835 6937 6887
1458 5309 2927 5835
1666 965 1784 2442
1458 5835 6546 5884
2931 5884 4167 7525
5509 654 6153 2582
1649 4898 8712 4995
1836 8465 5520 9044
1836 9195 1837 9379
1308 8114 1836 9379
9947 0 10000 9865
9013 804 9049 2497
9358 1799 9624 2392
9780 1799 9881 8114
5191 4361 7460 4579
2267 1121 2666 3343
7994 8341 8451 9641
4167 5884 4228 6461
0 6121 82 9956
3118 1813 3328 2683
2666 1587 3286 1813
9885 0 9947 8341
384 2037 534 4966
2927 5739 6619 5835
1836 8114 5521 8465
6653 5309 6896 5786
1784 3945 8451 4014
543 4099 1308 5053
2088 4667 7361 4898
4428 9865 10000 9956
4168 9421 4428 9956
2666 1813 2984 3343
0 81 9247 194
924 1663 1308 3038
2406 7525 5538 8114
3032 9195 5918 9421
82 2037 110 8506
2267 965 5509 1121
1458 5884 2931 7525
5918 7525 6215 8258
6546 7727 9295 8341
8367 5561 8440 7168
1404 319 6141 654
1906 965 2267 1414
7575 1330 8376 2104
1458 5201 7638 5309
9362 194 9885 1599
3972 2683 4711 3066
82 9379 3032 9956
3032 9421 4168 9956
6546 7479 9013 7727
1649 4995 8002 5108
4428 9421 5918 9865
924 654 1458 1663
1784 3343 8451 3945
1723 7525 2406 7969
1328 4852 1452 7310
0 9956 10000 10000
