7102 901 7292 5307
731 4418 3455 5472
8346 901 9766 1907
3464 4795 4686 8111
5322 9277 8861 10000
888 9421 1765 9827
0 5472 3449 5633
1838 7940 3455 10000
888 6116 1835 7227
1838 5633 2422 7940
7098 361 8466 900
4113 0 6435 1818
3203 0 4113 1444
6762 8169 7675 9277
8404 1907 9766 3803
3021 5633 3454 7847
7801 901 8109 1728
4995 6560 5144 7968
731 2993 3228 4418
0 5633 888 10000
3455 8169 5322 10000
7686 6560 8230 7627
888 7248 1835 7543
8346 3806 9393 4780
5322 8169 6026 9277
1839 693 3203 1444
888 5633 1799 6110
731 2037 2175 2926
6026 8169 6762 9277
2422 5633 3016 7892
3455 2926 4113 4795
5118 4345 6435 4795
8861 9277 9754 9932
6435 0 7098 984
888 7543 1838 8932
4113 2063 6435 2743
4113 2743 6435 4345
4686 6560 4982 8151
8459 5462 9764 7587
6435 984 7098 5462
4686 4795 6435 6560
9766 0 10000 10000
4113 1818 6435 2063
104 2991 731 4637
888 8932 1838 9421
2175 2037 3776 2926
7323 901 7801 5114
1839 1444 4113 2037
6435 5462 8234 6560
8234 6691 8428 7320
7675 7659 9763 9275
5144 6560 7675 8169
249 693 1839 1954
3776 2037 4113 2926
8469 0 9766 901
7098 0 8466 360
139 24 3074 693
4203 4345 5118 4792
