1207 5004 1448 6022
8579 7848 9854 8371
4241 8811 5101 9548
1448 5004 4123 5357
3629 8320 5257 8797
5403 4286 8459 4324
5263 3349 6357 4263
6511 6710 6834 7063
8066 1352 8446 2320
2792 5357 3361 6017
3361 5357 3925 6039
6387 2349 7582 3667
9359 5309 9518 5920
5403 4610 7646 5119
1854 9319 1927 9567
3361 6039 5035 7370
2792 7370 4119 7437
7646 4610 8037 8371
7500 8614 9061 8868
8579 7061 9781 7848
1926 9596 4915 9809
9246 8614 9537 9187
365 3245 1302 5004
1766 8660 1987 9162
5035 6227 5242 6859
6834 5119 7646 6714
6511 7063 7295 9712
3826 8811 4097 9151
4636 0 4903 2812
365 2585 3075 3245
8992 6788 9357 6827
5528 9915 6297 9962
3075 4167 3601 4431
5403 6710 6159 9693
1543 639 2223 1173
7587 8027 7646 8292
5263 9693 6159 9915
7298 6714 7412 9317
307 4090 365 5253
7444 7362 7500 8471
7295 9546 9246 9712
2792 6018 3361 7370
0 9319 1387 10000
387 5004 1207 6014
1387 9596 1402 9909
1543 1173 3013 2191
1302 3245 1715 5004
4903 0 6923 455
8037 4324 8579 8371
7077 6714 7279 7027
5684 2349 6326 3207
5403 5119 6829 5585
6387 3667 7170 4280
8450 2558 8960 3371
5684 1352 7696 2349
5263 4282 5403 9693
2223 639 3596 817
8975 455 9389 4282
6159 6710 6511 9915
0 0 4362 639
4362 0 4621 3349
1766 7449 3629 8660
6923 0 9389 455
9389 0 9479 2212
9479 0 9976 1567
7412 9033 8865 9546
5504 1352 5681 3333
9552 8614 9616 9255
3629 7986 5038 8178
9854 4282 10000 8344
365 2284 3075 2585
1715 3245 3075 4625
4903 455 5504 3349
4123 4625 5263 5357
2002 8660 3627 9319
3075 3349 5263 3660
197 639 1006 2127
1013 639 1543 2284
9389 2212 9971 4071
7500 8371 10000 8614
7696 1352 8066 2348
5504 455 8975 1352
0 639 197 6672
6511 9712 9702 10000
5403 4327 8008 4610
3925 5357 5263 6039
3075 3660 5202 4151
3727 639 4214 1957
2137 6672 2660 7422
9702 8614 10000 10000
0 7712 534 9319
0 6672 1766 7712
5403 5799 6820 6710
1715 4625 4123 5004
197 6022 2792 6672
2792 6017 3116 6018
534 7712 1766 9319
7582 2349 8438 4259
3075 2284 3954 3214
1448 5357 2792 6022
