752 0 1288 908
4866 3746 5690 5280
144 5785 1168 6348
144 5473 799 5785
1924 1694 2724 3259
1924 5023 2776 5969
5285 2376 6658 2920
2315 6686 3822 7091
1165 908 3075 1169
8836 3278 9832 4232
2243 8365 4500 8622
8526 9366 10000 10000
9757 5280 9827 9019
7064 3746 7762 3821
752 1589 8836 1694
8979 7289 9423 7607
1179 6686 1250 7109
6178 3747 6934 3858
8537 5280 9757 5605
7728 3858 8154 4986
4642 5344 6095 5581
3824 5581 5574 5997
9555 4920 9843 5250
8537 5605 9757 5982
3867 1694 4376 3419
8836 890 9006 2472
2249 8622 2518 9912
6658 1978 6682 3242
7005 7607 7773 8622
6412 3419 8154 3746
2518 9208 3912 9363
6885 4333 7728 4986
7086 692 9700 848
497 7219 650 8546
7980 8096 8177 8557
6119 9516 8508 9980
7283 5280 7551 7219
7839 5581 8508 7144
2315 7093 4286 7209
1250 6686 2315 7219
524 2264 752 5473
7561 6668 7839 7208
6304 2920 6654 3401
650 7219 1265 8893
5612 7607 7005 8622
368 8893 1998 9736
5243 7289 5612 7686
6095 5280 7147 5569
2724 1694 2843 3746
3744 387 10000 692
5161 1756 8654 1978
4500 7219 5243 7686
5590 5581 6068 7219
825 9769 2243 9990
8537 6569 9423 7289
4644 2959 5051 3385
8154 1982 8836 3465
2776 5023 3824 5279
0 1708 144 10000
2704 9517 6119 9997
4439 6318 4990 6355
752 908 1165 1169
4376 1694 5137 2924
5690 3858 7728 4333
170 6348 368 9064
2563 0 3003 908
5174 8622 7773 9232
9832 3278 9840 3831
2843 3419 6412 3746
5161 1694 8071 1738
2724 3912 3419 4606
4323 6355 5590 7219
3424 3912 3790 4379
7839 5280 8537 5581
8854 4232 9057 4584
2974 4812 3501 5023
5285 1978 6644 2220
524 1708 752 2264
4500 7686 5215 8622
7551 5280 7839 6668
7773 8557 9052 9366
9555 4232 9622 4621
2724 3746 4866 3912
2518 8622 5174 9208
144 5095 424 5450
8537 5982 9757 6569
3003 0 3744 908
8836 2747 9843 3278
3824 6726 4034 7075
4107 6000 4323 6986
1168 1694 1924 3897
2518 9366 7971 9511
5285 2920 6304 3419
2202 0 2563 908
9843 890 9895 9357
2236 5969 2757 6665
9423 6569 9747 8507
6157 5581 7283 7219
3744 154 8935 379
368 6348 1168 7219
9015 911 9598 2747
1168 5969 2236 6686
1265 8151 2236 8301
1924 3259 2724 5023
2776 5279 3824 6686
5174 9232 7773 9366
5285 2282 6541 2376
5690 4986 9555 5280
6380 4333 6885 4715
4178 3912 4866 4904
3744 0 9998 154
5024 887 6397 905
3963 3912 4178 4063
2243 7219 4500 8365
752 1169 3075 1589
4178 4904 4633 5227
1168 3897 1919 5937
1288 0 2202 908
5612 7289 8979 7607
5896 7240 7983 7289
6683 3347 7977 3408
5868 4333 6327 4558
6683 2966 8097 3337
9126 4232 9498 4971
8154 3465 8836 4986
5215 7686 5497 8600
3075 959 6936 1589
9895 692 10000 9366
9599 890 9843 2679
1265 7219 2243 8014
9052 8557 9757 9366
6068 5581 6157 7218
4376 2959 4615 3407
3824 6054 4058 6512
7086 890 8818 1581
799 5473 1168 5785
752 1694 1168 5473
2843 1694 3867 3419
0 0 752 1708
144 1708 524 5095
5183 1978 5285 3093
6683 1978 7697 2874
