187 8373 2445 8919
1855 7221 2445 8373
7632 6510 9596 6576
4781 500 4984 3141
3761 612 4781 1010
485 21 912 1870
0 4565 187 10000
3053 7662 3428 8159
8239 0 9308 770
5318 5523 6927 5896
9142 7662 9354 9438
1209 4058 2350 4070
7011 8644 8740 9317
7846 2289 8018 4501
7350 6201 9702 6507
5164 8919 6958 9309
482 3 3287 21
1729 9183 1778 9580
2828 8919 3524 9999
907 4998 2561 5642
5778 6757 7172 6896
8282 2289 8666 2734
5303 3771 7506 3835
7923 987 9985 2288
808 4998 907 7415
3524 8919 5164 10000
8740 9438 9897 9655
9897 4822 10000 9655
3570 7662 6446 8036
2102 2576 2719 3104
5809 0 7284 149
4519 6201 7175 6233
8185 2697 8249 2966
3910 5924 4336 5946
2561 5467 2952 7221
7276 4501 7874 5046
2861 2104 3439 3013
2861 1695 3461 2104
223 4998 723 7540
1564 7221 1855 7588
6126 149 7026 915
1389 6036 1564 7588
6209 5916 6598 6089
2445 7221 3053 7629
3053 8159 7011 8355
3531 0 3761 3013
6022 7221 7471 7662
737 2771 1209 3598
3142 6904 9694 7220
517 1888 1179 2289
7011 8159 8740 8644
4519 6250 7148 6748
7276 5469 9509 6143
1778 9183 2828 9635
5851 149 6126 870
2445 7629 3053 8919
3819 3013 3911 3122
4984 500 5809 925
3006 4928 3787 6737
4519 4407 4923 4821
8740 9655 9959 9997
1138 21 2261 815
7536 9317 8740 10000
1209 3141 1680 4058
7099 2289 7373 2766
2261 21 3335 1051
6164 2775 6533 3296
723 4070 4923 4407
4984 1737 7084 2775
723 3619 1197 4031
1572 9404 1626 9757
3053 8355 6136 8919
187 8919 2828 9183
5031 4821 5303 5912
4781 215 5809 500
912 1051 2102 1888
9354 7221 9704 9438
8035 4135 8291 4995
187 7588 1855 8373
6136 8355 6781 8919
735 4703 1706 4998
79 516 482 1715
3335 155 3452 408
723 2498 1182 2740
2378 3224 4113 3425
6446 7662 8740 8159
2102 1051 3335 1695
1209 2107 2068 3132
9920 2289 9991 4432
8446 4135 8501 4598
7284 1384 7662 1751
7284 1751 7923 2289
7350 6596 9659 6903
4923 4070 5295 4532
0 1888 517 4185
3428 7662 3570 8159
0 4191 499 4553
517 2498 723 4552
8291 5235 8686 5398
3761 215 4781 612
8871 4975 9776 5469
6786 8355 7011 8914
4984 925 7084 1737
907 5642 1389 7588
2102 1695 2861 2576
8740 7662 9142 9438
3053 7221 6022 7662
3006 6757 5743 6904
2842 4565 3405 4913
187 9183 1572 10000
723 4407 3812 4565
8291 4601 9889 4822
8018 3615 8574 4135
3910 4407 4519 5227
6817 4501 7276 5523
7471 7221 9354 7662
8666 2756 9799 4601
2378 3425 5303 4070
912 815 2261 1051
1389 5642 1559 6022
5303 3835 7846 4501
3570 8036 6446 8159
3761 1588 4781 3013
1209 1888 2102 2107
3861 4819 3910 6278
6533 2775 7805 3425
3761 0 5809 215
9704 5469 9897 9438
5164 9317 7536 10000
1628 9635 2331 9848
7084 149 7284 2289
3439 2558 3530 2716
5173 2775 6134 3350
5399 4501 6817 5457
7808 884 8085 987
3461 0 3531 2104
1564 5642 2467 7180
912 21 1138 815
1680 3141 2378 4058
3761 1010 4781 1588
