0 3296 158 4951
1109 3632 2015 4145
4682 1743 6781 2176
740 7028 1377 7862
8523 5599 8847 7060
774 6692 3148 7028
0 9599 3092 10000
4309 8990 6823 9498
9440 421 9874 1133
1783 1743 2369 3632
2208 9001 4090 9062
4211 7501 5354 8168
2245 9062 3881 9526
8176 95 8532 488
4829 4531 9867 4999
1783 599 2104 1743
8176 488 8532 1743
461 1454 1109 4961
4309 8168 9874 8396
7061 6154 7961 7085
2369 3399 3011 6601
6958 2957 8345 3783
8849 2957 9386 4531
257 95 419 4961
3011 3454 4414 3647
9386 1133 9866 3930
4044 4565 4300 6236
1109 2673 1783 3632
8078 6154 8505 6968
774 6601 3085 6684
4682 2176 5621 2721
5742 2957 6958 4531
7393 9137 9874 9903
4309 8396 9515 8520
7393 9022 9034 9137
3396 1743 4682 2957
6958 3783 8261 3876
6958 3888 8849 4531
1592 9529 2522 9599
2208 7981 4109 9001
1109 4145 2015 6601
0 0 9386 95
1888 9062 2245 9334
0 4961 1109 5729
4829 2957 5742 4531
3089 7224 3148 7550
3746 4082 4044 6265
4309 8520 4666 8946
6053 593 8176 1516
17 2434 257 3296
4034 95 7950 593
5227 593 5592 1503
439 5729 1056 6473
4034 593 5115 941
7061 7085 9874 8168
3930 9062 4309 9510
4334 6973 7061 7380
0 5729 439 7028
8532 319 9386 2957
890 8247 1320 9302
5354 7380 7061 8168
2480 1754 3396 2957
5976 5003 9733 5336
5227 1516 8062 1740
1377 7028 2208 9062
2015 3632 2369 6601
461 1162 1057 1420
4109 8168 4231 8806
4682 2721 8531 2957
8345 2957 8427 3730
4668 8520 9515 8990
4334 3647 4829 6973
1408 9334 1437 9521
4044 4108 4328 4565
3011 6265 4334 6601
7961 6154 8066 6921
439 6601 774 7028
3541 95 4034 951
3011 4082 3746 4622
1109 1162 1783 2673
3011 4622 3746 6265
2274 7659 3148 7981
3092 9903 9092 9988
4829 6034 8523 6154
6781 1743 7478 2175
3011 3647 4334 4082
7478 1743 8530 2721
419 599 461 4961
9515 8396 9855 8965
4829 6154 6540 6868
6124 5476 6755 5599
4829 5599 8523 6034
785 7916 844 8657
8847 6025 9874 7083
2369 2957 4829 3399
9874 0 10000 10000
6668 2176 7478 2720
5593 593 6053 1512
5621 2176 6668 2720
7961 7060 8746 7083
7953 95 8176 584
3148 6601 4334 7380
3541 951 5224 1736
3148 7380 3544 7823
8847 5363 9745 5892
0 7028 699 9387
4829 5003 5587 5539
419 95 3541 599
470 711 1290 1162
2104 599 3433 1546
8532 95 9386 319
3092 9526 7361 9888
