5600 5848 7669 6605
1204 3113 1491 3250
2498 2115 3482 3020
2424 9157 5483 9411
9730 0 9763 8496
623 3894 667 4535
7669 6049 8808 6626
1265 6147 3268 6652
9096 8496 9763 9405
250 4627 3488 4646
121 7737 1265 8789
1265 8059 4432 8331
4150 561 4975 905
2225 9411 3198 9855
656 2112 2498 2924
7676 6626 9434 7301
5239 5848 5403 6617
7481 7692 7863 8331
3020 207 5363 561
1265 8331 2424 8527
2027 187 3020 1790
907 5488 1202 5946
2424 8640 3700 9157
7184 8496 9096 8881
9434 6626 9665 7301
3198 9422 5253 9577
1202 5488 5902 5606
896 5178 7669 5331
1202 5606 2416 5788
3049 748 3680 888
9017 5305 9730 6049
1215 0 1266 798
250 4687 2177 5003
7863 7301 9423 8331
3406 1076 5125 1213
6634 2947 6705 3510
4334 7301 5821 7692
7234 0 8223 1668
5403 6626 7391 6686
6123 0 6436 2761
6436 327 7036 1890
6875 4646 8303 5178
3020 1265 5101 1770
1265 8527 2158 9903
250 958 1669 1645
1669 0 2027 1790
4334 8046 4842 8059
2498 3020 3488 4627
300 1790 520 2099
7565 6626 7676 7130
9430 3948 9489 4860
896 5331 5902 5488
839 5948 1538 6093
282 2212 656 2703
5483 8868 7184 9026
2158 8527 2424 9411
4334 7692 7429 8030
5821 7301 7863 7692
5483 8331 9730 8496
819 9716 917 9902
667 3894 2498 4627
8711 4130 9017 6049
5483 9405 10000 9601
520 1790 5078 2112
6436 2060 9651 2947
3488 4130 4740 4646
4740 4130 8697 4635
142 4903 250 5867
7669 5178 8303 6049
8808 6049 9665 6626
0 0 121 8761
267 5003 757 5628
4432 8059 7481 8331
3488 2761 6436 2947
3020 929 6106 1071
4109 610 4150 909
0 9903 10000 10000
785 5178 896 5894
2196 3661 2299 3894
2027 0 6123 187
9423 7301 9665 8331
9763 4770 10000 9405
521 7034 1245 7737
6796 9601 10000 9903
9763 0 10000 4770
8161 3658 9445 3945
3488 2112 5078 2761
250 2924 1196 3822
5495 9026 7108 9146
7184 8881 9096 9405
2424 8371 3598 8640
866 5023 6875 5148
9017 4130 9396 5264
6646 1911 9054 2060
0 8789 1265 9716
9495 3339 9728 5305
8161 3948 9335 4116
1504 6688 4334 8059
8303 4646 8711 6049
3488 2947 6634 3658
5902 5331 7669 5606
4819 5848 4990 6525
9665 6049 9730 8331
1266 0 1669 958
1343 6713 1504 7570
1202 5867 1997 5939
3792 3687 7704 4130
5078 1790 6123 2761
3700 8331 5483 9157
3198 9601 6796 9903
3935 5848 4814 6143
5483 8496 7184 8868
4766 6688 7435 7294
9651 0 9728 2656
2453 5606 7549 5834
1537 2924 2450 3588
250 1692 1513 1790
