6892 2139 8025 3045
4741 4432 5772 8092
9388 4432 10000 5444
2706 2176 3345 3240
6582 0 8025 1145
0 510 3621 1766
6205 2139 6892 3045
6326 4432 9262 5068
6205 3582 9464 4001
5772 5179 9388 5444
76 4001 317 6506
5549 1326 6205 4001
8025 0 10000 898
6205 1145 8025 2139
9464 898 10000 4001
5772 7150 8353 8044
4741 8455 8438 8500
2927 8112 3358 9108
8957 898 9464 2337
4547 8500 8135 9288
703 7473 1168 8368
3883 2440 5203 4001
3621 1326 3878 1721
3659 6901 4368 7941
6205 3045 8025 3582
2622 4742 4547 6900
92 8492 1750 9880
317 4001 10000 4432
6326 5090 8493 5179
1750 4432 2622 10000
2666 7243 2899 8112
3364 3700 3875 3994
3621 510 6205 1326
2622 4432 4547 4742
5772 4432 6308 5019
554 4432 698 6645
4547 4432 4668 8379
8957 2337 9464 3582
0 0 6582 510
4741 8094 7772 8405
6205 510 6582 1145
5772 5444 8510 7150
1168 4432 1656 5915
2690 1766 3883 2176
3883 1326 5549 2440
8265 8500 8323 9044
2909 9290 9444 9954
0 3507 3364 4001
5203 2440 5549 4001
8511 5444 10000 8500
698 7390 1138 7473
3364 2176 3883 3700
0 1766 2690 3507
8025 898 8957 3582
