2074 7538 2499 8427
8815 3460 9229 3496
5434 1560 8081 1751
1770 3368 2116 3624
1551 2164 1714 4148
5627 2579 8411 3500
5627 1954 10000 2579
2916 5867 3391 6306
8411 2813 8791 3427
4699 330 5175 1856
1055 9735 4863 10000
2841 1864 3687 3500
8212 9653 10000 10000
9164 2579 9871 2706
4863 9865 6234 9978
15 0 260 8173
4239 1865 8220 1954
7167 7254 8212 9041
7475 5097 7784 6399
260 6997 1822 7209
2397 4169 2841 4374
6679 3500 7906 4602
6500 9614 8116 9968
3687 1864 4239 3500
2074 8427 2499 9208
2150 1864 2759 3854
2499 7538 3374 8004
3609 7538 5041 8629
5278 9219 6480 9861
4863 9208 5278 9865
5064 8177 6074 8353
9459 2813 10000 7767
260 7627 875 8498
2074 9592 4799 9735
4178 8647 7075 9009
6691 6408 7447 6789
3609 9041 4492 9118
8212 8628 10000 9653
8212 7767 10000 8628
2385 5867 2916 6308
6501 6769 6679 7499
3395 4660 6522 5097
4283 0 4599 1109
1961 79 3958 411
8264 3500 9000 6244
5434 0 7551 723
678 411 1483 3385
9235 3368 9441 4017
7906 3500 8212 5405
2841 3500 6180 4602
678 3807 1551 5580
5773 4602 7029 4625
584 5580 2150 6997
7475 6477 9411 6781
2385 4602 3395 5867
1551 411 4083 510
1055 7538 2074 9735
6691 6789 7167 8647
6180 3500 6679 4602
6649 9271 8195 9614
0 8498 1055 10000
1551 1683 4173 1864
2415 7211 5452 7486
7167 6789 9459 7254
2385 6308 6691 6769
2150 6769 6501 7211
1582 666 4173 1683
2074 9208 3964 9592
6130 7538 6691 8475
8919 6246 9223 6477
2150 4135 2385 6769
9252 4017 9459 6434
5278 9041 8172 9214
260 0 678 5580
8212 7254 9189 7734
3395 5097 7475 5250
2499 8004 3374 9208
8261 0 10000 1954
3374 7538 3604 9150
260 7211 2415 7538
3964 9209 3993 9431
3395 5250 7475 6308
9013 3500 9235 6227
4173 0 4283 1864
4239 1954 5627 3500
260 5580 584 6997
