9666 341 9710 7163
4293 7759 4548 8325
1211 3458 3885 3782
6407 7163 9332 7251
3486 8638 5241 8801
1646 7670 2004 8667
5258 9643 6287 9771
9710 273 9768 4419
1188 7163 1370 9167
6096 6498 7361 6661
4234 6661 7361 6721
375 9641 5258 9780
9100 403 9343 1373
8087 1373 8988 2514
8902 4243 9182 5716
7736 5166 8689 5812
7355 3859 7496 4752
368 2956 375 5191
8689 4243 8902 5812
7000 5812 9212 5970
1228 2988 2710 3100
2828 1449 3166 2986
1719 1441 2286 2394
7000 2015 7741 2401
5528 2418 6059 2662
4846 1000 5960 1113
6407 7251 7836 7670
6065 2430 6369 2741
6369 1378 6912 2721
3730 1466 4255 1811
5262 3771 5520 4766
1188 7162 5907 7163
7836 8619 9710 8850
5777 8872 7282 9018
6065 2741 6949 3714
2042 2429 2717 2608
5520 3771 6085 4766
4119 4044 4616 4610
411 403 476 8434
6085 4632 6870 5862
8113 3334 8335 4933
2828 1286 7551 1292
698 427 9100 452
7662 355 9211 403
1021 5172 6085 5182
3885 2738 4119 3782
5511 7759 5777 9019
3438 1465 3730 2108
8127 884 8916 1331
479 403 9100 427
2392 3782 3000 4593
3166 1465 3438 2108
8443 3334 8689 4299
375 313 411 9641
3221 9211 5159 9363
150 0 189 8307
913 5538 1021 6315
2285 4766 4097 5104
918 7019 1188 9211
2801 7677 6567 7759
411 347 7016 403
1719 2456 1990 2988
216 7797 241 9466
7197 9643 9136 9740
7232 2514 9343 2868
8857 6137 9194 6789
1023 1000 2092 1120
3730 1811 3885 2986
5235 1600 6219 2418
829 7019 918 8246
411 341 9666 347
913 3721 960 5110
9212 3081 9335 5173
9832 6447 9965 8875
6085 3714 6905 4385
9045 8236 9710 8619
6085 6137 7622 6410
2828 1378 6369 1449
1243 4688 1960 5172
1211 3782 1960 4688
3190 2108 3730 2940
5002 901 6125 1000
2547 6498 4234 6688
7000 5970 9212 6137
848 1000 1023 2999
3480 459 4529 550
1023 3101 2717 3263
2828 1357 7851 1378
8689 3334 9212 4243
5439 8549 5495 8830
2717 1441 2828 3263
4234 6498 6080 6661
3800 6881 8857 7019
5258 9038 6649 9559
698 9385 2375 9616
375 9780 9710 9967
1228 1441 1662 2579
5777 8667 7062 8850
7377 7675 7836 8564
2801 7800 4163 8415
698 1000 791 6498
3487 5257 5583 5338
4119 3771 5262 4044
1021 5361 1814 6267
411 313 9710 341
5996 7759 6718 8590
3000 3782 4119 4615
7851 1292 8073 2085
7836 8112 9710 8236
3704 6410 7622 6498
9502 403 9666 1533
1960 3782 2285 5172
9496 2398 9666 7132
4119 3714 6085 3771
4617 4044 4925 4505
8039 3334 8113 4347
479 427 634 6797
1378 9038 5258 9211
150 9974 10000 10000
791 3458 913 6315
8087 452 9100 884
5777 8603 5996 8667
3903 5618 4760 6104
7836 7251 8137 7888
9838 8875 9965 9894
2046 5583 3869 5623
8988 1373 9343 2514
363 25 1122 94
2016 2619 2453 2959
7622 6137 8857 6498
3224 1449 5213 1465
4119 3377 6065 3714
634 427 685 7853
1021 3458 1211 5172
698 6948 3349 7005
7736 4933 8689 5166
7361 6498 7867 6639
9794 273 9897 6291
5583 5182 6085 6410
7042 2514 7232 4027
3888 7163 6407 7544
2801 7670 7236 7675
2046 5361 4525 5551
3885 2418 5130 2710
5777 7759 5996 8603
791 6410 3695 6498
0 0 150 10000
7836 8236 9045 8619
150 9967 9661 9974
2828 1292 7851 1357
4119 2880 4457 3377
2801 8847 5343 9038
4989 4615 5182 4713
7266 452 8087 1286
9343 6551 9496 7251
8443 4299 8689 4933
7232 2868 9212 3334
791 6315 5548 6409
1021 5182 5583 5257
5002 452 6725 809
9343 403 9496 6551
375 273 9630 313
6969 452 7266 1014
4206 8415 4521 8622
7065 4964 7736 5812
9905 118 9957 6447
918 9211 3221 9385
698 6721 8857 6881
2828 2986 3885 3458
9136 8850 9710 9645
375 94 9905 273
9710 6447 9832 9967
411 8461 698 9641
9136 9645 9710 9780
7836 7949 9594 8112
3885 1811 5228 2223
1105 1441 1220 2640
8335 3334 8443 4933
3646 1141 3931 1238
9965 94 10000 9974
9496 7203 9688 7904
791 3263 2811 3422
1211 4688 1242 5131
6949 2946 7000 4853
1188 7019 8857 7162
