4824 12 6292 384
2275 4325 2549 7928
7746 384 8151 1797
0 1361 923 1610
3122 7928 3743 8895
6734 8098 7226 9665
3838 1484 6153 1907
1246 9354 2459 9527
3081 3225 4151 3809
4020 8503 5284 9914
1022 7935 1246 8973
9031 3514 9078 8997
121 4194 6003 4325
3838 2647 6467 2733
3147 4325 4171 5890
0 7865 121 10000
1770 7263 2271 7915
7226 7354 9031 7904
6771 9716 9380 10000
67 239 510 859
6896 787 7677 3079
2323 0 3081 2993
401 8359 946 8403
946 4325 2096 5176
8151 1132 9312 1797
7746 2483 8612 3760
6072 8827 6734 9665
40 2638 952 3795
1293 2111 2252 2139
3009 9145 3823 9696
0 3992 115 7865
8705 2964 9312 3514
3824 8503 4020 9756
1246 5961 1642 7836
6072 9716 6771 10000
1654 5346 1737 6128
5629 8827 6072 10000
5654 4325 5931 7990
3668 0 3801 2747
6153 1094 6828 1450
1246 8188 1629 9145
5629 8098 6734 8827
1770 5176 2058 6272
7677 384 7746 3200
3838 787 6896 1082
5015 9914 5116 9945
6003 6279 7225 6480
3801 787 3838 2907
4406 3225 7746 3417
4406 3417 5889 4175
7818 5636 8624 6536
3838 1957 6625 2448
9831 0 9867 8783
6003 3417 7746 3970
6003 5092 8624 5636
2565 6676 5284 7108
3082 1050 3662 1302
6003 3970 8624 4525
121 4325 946 6621
6003 7560 6998 8098
2435 2993 2614 3132
3838 1082 6153 1484
4151 3225 4404 4176
9327 6606 9378 9335
4179 4325 5629 5890
121 3809 4151 4063
9380 7903 9738 8570
7226 8577 9031 9197
2096 4325 2275 7263
3838 1907 5199 1944
946 5176 1632 5899
2549 4325 2565 7881
8151 384 9327 1132
5284 6676 5629 10000
8705 1797 9175 2964
1230 859 2323 2111
3801 597 7677 787
2024 7928 2191 8958
3838 2733 6896 3079
9312 1132 9327 9665
7226 6536 8624 7354
7226 9197 9312 9665
3823 7928 5284 8503
3838 3079 7677 3225
3147 5995 5629 6676
9175 1797 9312 2964
8624 1797 8705 7354
8705 3514 9010 6178
3174 5899 4836 5995
6003 4525 8624 5092
6153 1450 6896 1957
121 9699 3462 9986
7226 7904 9031 8577
9363 2075 9737 6477
0 1610 1230 2638
2565 7108 5284 7928
6072 9665 9380 9716
3125 4325 3147 5512
3801 384 7677 597
121 4063 4151 4194
6003 5636 7818 6279
