4274 369 4391 2573
3036 7991 3936 8247
8932 4293 8991 9504
1703 1305 1838 3152
7107 1762 7208 2271
804 3501 1000 5475
7498 3249 8595 3369
234 8946 6875 9345
8667 1326 8674 6830
847 2807 1624 3501
3936 6868 6201 7645
2527 573 3863 1305
804 7904 1627 8339
41 186 466 3564
0 9504 2984 9706
7069 6571 7890 6876
4391 1525 4809 2542
4623 6629 4624 6824
1000 3501 1703 4202
4915 1525 5122 4015
804 6101 1554 6629
4624 4698 4915 6824
2857 4202 3863 5475
6432 4733 8004 5817
234 3564 772 6221
0 186 41 9504
347 6838 781 7409
466 369 804 3564
6432 2157 7066 4600
234 9381 8932 9504
1732 8734 7053 8946
7968 3369 8667 4733
3936 7924 6201 8247
5122 1097 5337 2326
1182 6629 1695 7697
7069 6992 8373 9279
2585 7280 3036 8247
804 5475 3863 6101
9056 566 9137 9504
0 9768 8554 9808
466 186 4391 369
1000 4202 2857 5475
3936 6629 4623 6824
110 3564 234 7111
804 573 2527 1305
9522 186 9676 3668
9780 280 9979 6478
1554 6101 4274 6194
7487 3369 7968 4733
804 369 4274 573
5713 186 5917 1295
6201 6571 7069 8734
9137 8312 9414 9191
4915 4536 5713 6824
8848 566 8932 9381
3936 7645 6201 7924
0 9809 9684 10000
4274 2573 4624 6036
7363 1326 7464 2000
9217 813 9379 3490
2281 8247 4951 8379
8696 566 8848 9381
0 9707 9422 9768
9422 186 9514 9809
8932 566 9056 4293
8258 566 8353 1072
9990 0 9999 9794
6432 186 7107 1849
8004 4733 8667 5817
4391 186 5122 1525
0 7 3687 186
1887 7904 2271 8320
3433 6678 3936 7991
7107 186 8566 563
4624 2573 4915 4698
1554 6194 4274 6629
4915 4015 5122 4536
7364 2271 7487 4636
3584 9596 8031 9707
3863 573 4274 6101
3936 6824 6182 6860
3497 8396 5987 8681
2486 2769 3175 3227
8674 1326 8696 9381
8991 4293 9056 9504
6201 186 6432 5798
6201 5817 8667 6571
