2227 7146 7908 7217
2774 3186 7366 3362
2660 2565 7260 2643
7260 1682 9355 2643
1157 4038 8529 4257
1596 5260 8478 5265
9355 1618 9947 2190
1596 7008 8182 7146
1596 5265 2595 5632
0 9046 5204 10000
8321 8690 9309 9039
1596 5834 5503 6960
1638 4257 8529 5172
6859 5353 9138 5579
5734 7514 6674 8397
5996 5632 6867 6815
7366 2643 8494 3717
7635 878 9377 1365
1157 7241 7601 7514
37 3084 1157 6759
2660 1682 4276 2565
4551 3765 8529 4038
1302 7536 5734 8287
0 8397 7208 9014
1157 2643 2774 3362
8321 7703 8442 8377
2595 5265 8310 5349
3408 30 3450 527
2595 5353 6855 5616
6879 5632 9349 6924
9355 2190 10000 7007
6674 7514 7752 8397
4276 1682 7148 2538
1157 3727 4551 4038
1157 4257 1596 7233
2932 30 3408 878
1157 3362 4551 3727
0 0 6434 30
7752 7233 8321 9046
3603 2716 3978 3186
8529 2643 9355 5260
1700 30 2660 2111
1596 5632 5851 5822
5577 5834 5941 6850
8446 8343 9023 8690
6867 33 7334 843
9477 8690 10000 10000
4551 3362 7366 3765
8513 9046 9477 9855
9377 878 10000 1601
2932 1601 9171 1682
2660 30 2932 1682
