7109 2583 7273 6396
8511 0 8578 9548
3063 8375 3426 9327
4289 4616 5224 5079
1985 1428 2600 2360
6350 2583 7109 6396
5607 485 6950 824
483 6615 931 6962
4285 1761 6790 2569
209 77 8081 220
409 1236 5833 1428
1496 4016 2381 7519
9558 3503 9795 5125
209 9548 8578 9616
8356 0 8425 7989
0 0 8356 77
7437 372 7546 7519
2600 1428 7273 1761
4397 6546 4900 7262
4023 8789 6356 9169
40 77 209 6599
209 9616 4438 9858
4956 2583 6350 3247
1280 389 3004 827
5833 838 7025 1428
931 7989 8425 8375
7546 220 8007 7622
6356 8375 8382 9426
2837 4016 3876 5845
7025 389 7273 1428
8007 3054 8356 7989
1496 7519 5007 7540
8081 77 8356 3054
409 220 7546 372
931 7622 8007 7989
5759 4906 6099 6396
409 372 7437 389
1450 8375 1463 9177
8780 3503 8966 9156
3427 9169 5464 9380
8780 2435 9982 3249
1153 3360 1496 7159
409 838 5833 1236
2600 1761 4285 2583
2381 4210 2704 6307
6099 3247 6350 6396
5589 3247 5759 6395
3933 2583 4956 3247
9175 4339 9501 6557
233 4011 409 9356
8931 0 9997 2411
8014 2183 8081 2320
8425 0 8511 9548
1557 2957 2678 3324
7273 389 7437 6546
8578 0 8780 9616
1642 3379 3933 4016
3290 6396 4339 6508
2381 6546 4397 7519
4929 9461 5307 9548
5853 3320 6099 4906
7059 1761 7250 1944
3933 3247 5589 4616
4284 392 4947 838
