4774 8311 5823 9091
845 3624 8163 3773
144 2967 4341 3201
3090 3916 6507 4349
7993 1572 8163 3243
2316 6238 3190 7951
20 52 144 9091
1220 3243 1226 3593
1693 1432 6077 1572
9131 2208 9366 9400
655 9143 2292 9358
6304 2024 7403 2843
4630 6238 5615 7442
5520 3388 6373 3624
7391 353 8808 576
1693 2128 2906 2967
20 0 10000 52
8698 3910 8887 8771
3190 7612 7150 7951
441 8311 4774 8411
3190 7498 7150 7612
8163 1572 8887 3910
3090 5054 8384 5366
3251 2510 6304 2967
441 6865 808 8273
7663 6238 8698 7498
9687 133 9789 8042
1693 1572 2906 2128
6077 590 8843 1544
144 1015 1056 2769
144 173 8887 216
2906 2150 6240 2506
9131 427 9268 2208
9366 5271 9433 6442
845 7951 5823 8311
144 3243 845 6622
1535 9896 4876 9989
7188 3910 7862 4785
3277 1270 3996 1432
2292 9400 9687 9797
2906 2024 5590 2150
1056 2040 1693 2967
7150 7616 7231 8769
1298 7475 2119 7768
845 4230 2075 4677
144 2769 1056 2967
1056 1015 1693 2040
9808 52 9950 5919
845 3773 8163 3910
1776 4904 1830 5751
0 0 20 9871
7120 5368 7593 5574
4009 4349 6572 4654
5823 7951 7150 9091
2240 4230 2989 4792
8887 173 9131 9400
2316 5844 7817 6238
7150 8771 8884 9378
144 52 9464 173
3957 335 5304 917
20 9797 9275 9871
144 6622 441 9091
9464 52 9681 9278
144 336 3709 1015
4009 4716 6373 5049
6790 6403 7663 7386
5615 6238 7663 6403
3090 4349 4009 5054
5956 6403 6666 7394
6446 216 8743 340
2292 9091 7150 9400
2906 1572 7993 2024
845 3910 3090 4230
441 8411 4774 9091
144 216 6077 335
5615 6403 5956 7498
