5596 5294 7599 6283
2657 3079 3595 4717
517 151 916 1013
1826 3174 2528 6289
7974 3463 7999 4002
3595 4092 3942 4843
3571 2239 4366 2383
48 1587 161 3570
3236 7638 3244 8677
1045 6053 1710 9734
161 3786 513 7392
7493 1315 8623 3037
7493 276 8312 993
2582 5272 5596 6745
3952 4002 9781 4278
5512 7100 7448 8243
6992 151 7493 2805
8312 276 9489 938
1045 3985 1498 6053
3123 1392 3437 2843
4597 7139 5075 8448
513 1020 892 1874
8184 5145 8813 8371
916 855 5107 1392
8542 4278 9657 4774
3595 3079 5430 3511
6652 151 6992 1861
5596 6380 8184 6745
7493 993 9781 1315
8826 5596 9720 8150
2582 7100 3224 8355
161 151 513 3786
93 7392 690 8691
3972 7100 4597 7533
1710 9525 7465 9698
4866 1392 5107 1732
5765 151 6652 855
5084 7100 5512 8211
5478 3079 7930 3517
2582 1392 3123 3079
916 3985 1045 7392
8624 1315 9684 2907
5208 8272 5967 8433
5130 9022 6734 9481
1498 1392 1683 5248
9896 197 9987 7599
1794 1392 1826 5940
1045 9734 2379 9931
5107 855 6652 1861
6809 8243 7448 9022
161 0 9896 151
1710 1392 1763 9470
7493 165 8498 276
3595 3592 7800 3989
4597 8448 6809 9022
7448 6745 7900 9087
2582 6745 7448 7100
8184 9382 9791 9648
3595 5103 6737 5272
1826 1392 2582 3174
5639 4278 7648 4973
4366 2805 7493 3079
7648 4278 8184 6380
4366 2197 6992 2805
916 151 5765 855
4366 1861 6992 2197
687 1884 905 5717
916 3942 1492 3985
9781 993 9878 2944
