7088 1562 7847 3042
5198 3461 6252 6721
8682 5090 10000 5538
1645 2177 3738 2440
6582 0 7712 1493
0 699 3738 1799
5866 2594 6655 3461
7088 4011 8673 5090
8043 3042 9356 4011
6570 5090 8682 5538
0 3676 342 5441
5198 1562 6655 2594
7721 0 9588 1147
6655 1562 7088 5090
9588 0 10000 3042
6570 6710 7980 8319
6570 8319 7351 8532
2622 8112 3390 8671
7721 1147 9588 1562
4379 8541 8265 9249
459 7756 1168 8343
1711 2440 4692 3856
3738 1278 4507 1410
3659 7358 4368 8398
7088 3042 8043 4011
2622 4512 4235 7088
1645 8672 3391 9990
8673 4011 10000 5090
6252 5090 6449 6069
1645 3886 2622 8672
2622 7658 3068 8112
3698 3886 4054 4308
4562 0 6420 1562
2622 3956 3697 4512
6252 3461 6498 4740
0 5503 1198 5769
4379 3886 4683 5457
9356 3042 10000 4011
0 0 4562 699
4379 7686 6556 8119
6420 0 6582 1549
6570 5538 10000 6710
1293 3676 1645 5732
3738 1562 4406 2309
4692 1562 5198 6721
8265 8541 8323 9085
4379 9249 10000 10000
342 3676 1287 5454
5198 2594 5866 3461
7980 6710 10000 8541
0 7433 913 7473
1645 1799 3738 2177
0 1799 1645 3676
7847 1562 9588 3042
