4031 2636 4112 7511
7790 4974 8145 5578
4296 1665 5903 3095
2433 5884 2599 6883
5914 6089 6290 8102
41 68 196 10000
6875 8341 7482 8359
2369 9739 4180 9750
3005 4570 3213 5257
6160 2462 6263 3135
196 9895 6339 9906
1023 1249 1447 4477
2156 9308 2506 9638
452 2387 761 6414
2590 213 6107 222
761 6208 2030 6414
196 7479 3726 7977
4296 826 5903 1665
3871 2948 4031 7511
4172 2171 4198 8167
9688 68 9708 5819
2759 7977 4172 8167
4737 222 6928 365
2047 9034 2538 9304
5914 8945 6452 9327
1471 1249 1557 2155
0 68 41 10000
567 588 890 1249
4223 2537 4296 4166
2030 7046 2707 7236
196 365 293 1980
1447 2636 2380 2998
1500 8167 3512 8737
8198 439 8544 2927
7299 7407 8317 8308
0 0 10000 68
3871 7511 4112 7977
293 2387 452 7250
2380 2636 4031 2948
8634 439 8989 2536
8634 2536 8942 3934
8145 4475 8906 4603
8583 439 8634 3357
4544 4161 4909 5410
5914 9370 9850 9645
6434 6089 7856 7067
1557 1249 3358 1891
5903 2462 5914 6350
6728 745 6928 4547
4544 5410 5451 5735
4296 6350 5914 7420
8406 6089 8841 8341
7197 7218 8388 7390
196 9055 456 9734
1447 4004 2809 5792
1096 9856 4257 9885
6263 2462 6339 4181
3358 826 3751 2171
5903 365 6928 745
6928 933 7369 5332
1447 2171 4172 2636
2793 3357 2950 4004
9255 6114 9598 7352
1607 365 5903 453
9379 1321 9688 5578
6928 222 9063 439
7405 933 7503 3406
4112 2636 4172 7977
2640 7977 2759 8122
8429 5578 8641 5975
7822 439 8192 1719
5094 7923 5914 8840
1948 8840 2047 9739
3726 2948 3871 3829
4296 7420 5914 7923
4296 3529 4544 4556
4544 3536 5769 4161
3736 3829 3871 7377
5625 5674 5851 5775
8841 6089 9255 8341
6290 6089 6432 8119
761 6071 1462 6208
293 7250 3700 7467
3519 4570 3701 5931
8039 6089 8406 7160
7405 3406 7551 4500
4296 3095 5903 3529
761 2387 907 4477
5914 8102 6290 8945
567 1249 907 2387
2545 9034 5136 9286
3000 4004 3726 4570
8111 3406 8545 4467
7405 5578 8429 5975
6354 5344 7312 5935
6434 7218 7196 8339
196 8167 1500 8840
907 1249 1023 4477
890 826 1740 1073
3702 588 5903 826
1607 453 5903 588
7503 439 7822 2147
2817 4004 3000 5779
5914 5975 8952 6086
2047 9650 9110 9738
196 222 4737 365
6354 745 6697 5223
4198 826 4296 2489
4198 2580 4223 7135
293 365 567 2387
6928 439 7104 815
890 1073 3358 1249
1740 826 3358 1073
729 8840 804 9699
9255 7734 9759 8945
4223 4166 4296 8167
4513 5776 4963 6320
4909 4761 5712 5067
4765 7923 5094 8818
254 1980 293 6399
8989 439 9063 4475
890 588 3702 826
9063 1321 9379 4475
7369 933 7405 5954
761 4477 1444 5477
1447 2998 2380 4004
4296 4556 4544 5776
3751 826 4198 2171
1557 1891 3358 2171
2047 8840 5709 9024
1207 6414 1324 7241
9709 367 9759 7734
9759 68 9876 8945
9063 68 9688 1321
1096 8840 1948 9856
7580 3406 8087 4383
9876 68 10000 5114
5903 745 6354 2462
7503 2147 8181 3200
8825 4927 9158 5510
567 365 1607 588
9876 5114 10000 9895
