114 452 9205 518
2917 5230 3302 10000
1148 8029 2633 9812
1009 2523 1143 7303
114 389 10000 452
382 7604 1148 9726
7193 3540 8074 4266
382 5581 974 7604
4872 7826 5310 8170
9205 452 9322 7640
1148 6922 2563 8029
9531 452 9761 7640
3576 229 8969 389
3803 9660 6780 9725
3793 1357 7626 1517
4396 8243 8749 8460
3517 705 5900 1007
9761 452 9946 8021
8074 1669 8381 5660
9322 452 9531 7640
3632 3361 8074 3540
9015 8170 9178 9806
4782 9806 5103 9976
114 1584 178 7450
201 518 1008 3522
2082 3990 2564 6296
4007 7796 7774 7826
2917 1669 3302 5230
1148 810 2068 6703
3302 8170 4396 9660
1518 9812 2291 9944
5494 3540 6289 5023
5310 7826 8960 8166
206 3922 382 7473
4396 8460 8863 9660
378 9726 1138 9810
6047 5803 6261 7652
1009 518 9205 519
9178 1545 9205 9806
2656 519 9205 705
9205 7640 9761 10000
3441 3361 3632 5574
6267 5803 6304 7350
2633 1669 2917 10000
3632 7826 4872 8170
4409 5803 5433 7451
9042 4314 9170 5480
2633 1569 6510 1669
8863 8170 9015 9660
1148 519 2656 705
6304 3540 7193 7704
0 389 114 10000
6381 2158 6592 3361
7193 4266 7707 4381
