2154 1002 3018 1628
90 2460 331 4192
0 9677 9407 9804
7290 3141 9244 3929
4383 3942 5079 7010
3813 3942 4377 4488
5079 5851 5400 6328
9732 2096 9859 9894
7290 5324 7773 8515
6079 4328 6462 5451
6650 1002 6666 7827
1842 3302 2589 7010
9407 2096 9657 9894
1842 3127 6646 3302
3267 7010 3972 9080
1842 7010 3267 9080
0 9528 9277 9677
8504 6720 9083 9434
3018 1002 4002 1595
1032 3292 1196 4399
9657 2096 9732 9894
6948 3141 7169 6710
5483 3942 5549 7871
1446 9080 3970 9132
9277 1281 9281 4820
2692 2017 3989 2271
6707 7883 6876 9131
0 9804 9407 9894
7941 7896 8421 8209
6948 1281 8395 3141
6772 889 9407 1164
700 2460 981 5211
8547 4575 9100 6720
4813 1628 5552 1919
7290 4551 7934 5276
7432 3929 7807 4339
0 9967 8516 9992
820 706 1032 2460
5953 3942 6061 7486
1032 706 10000 806
1566 3127 1842 9080
2589 3302 6079 3942
6948 1164 9407 1281
2589 3942 3813 5368
0 706 820 2460
1446 1813 4409 2017
1446 2779 6650 3127
0 9894 10000 9967
6507 0 9514 613
621 352 3688 684
1291 889 1446 2741
9407 835 9978 2096
2589 6261 3592 6991
4031 1070 5280 1530
6772 1164 6948 7883
3972 8423 5460 8661
3813 4535 4383 7010
1446 3127 1566 9080
7941 3929 8461 6290
2154 962 6666 1002
5549 3942 5943 7311
331 4848 655 5737
1446 962 2154 1628
3972 8661 5483 9132
0 9492 8504 9528
2589 5368 3792 6245
3989 2017 5552 2779
9249 4000 9271 7545
7969 6723 8496 7042
5552 1002 6650 2779
1446 9132 6948 9271
5012 126 6393 706
8395 1281 9213 3052
0 5737 1425 6657
9859 2096 10000 9894
6948 6746 7290 9271
6666 962 6772 7883
0 9271 7941 9492
1032 806 9407 889
1446 889 6772 962
