1077 891 1529 1862
8032 7925 8784 8251
4846 981 6976 1884
4438 8875 6358 9005
8634 4136 8816 7925
7383 8082 7876 9020
0 3949 1464 4304
0 2334 1529 2741
0 594 558 2334
3990 9407 7189 9639
1464 3863 1616 4189
5648 4980 5803 7783
3660 8816 3887 8873
6060 245 7468 404
1623 2442 2452 2856
0 7984 586 8484
8816 5689 9911 6344
0 0 4575 235
3668 981 4846 2552
7466 404 7468 8082
8562 4136 8623 5611
641 891 1077 1862
5224 9005 7383 9346
1882 7835 2887 8424
6665 7134 6920 8357
3990 9954 8031 10000
0 245 262 589
8816 6344 9732 8358
2546 8424 2649 8893
2456 3382 2976 4068
8816 8358 9648 8789
0 3863 1464 3949
2452 5719 2876 6530
5347 2858 5548 3419
2065 4304 2172 5145
8709 1099 9942 1458
6261 2708 6914 3382
262 593 4919 594
4751 4266 4846 6199
4575 0 7346 245
5808 3886 6213 7627
8032 4835 8498 6244
801 7228 1162 9526
7515 7786 7946 8082
801 9526 1593 9742
262 245 2327 482
6213 2066 6261 7841
1028 4304 1738 5539
3668 2552 4846 4100
641 1862 1529 2334
8034 245 8453 1504
5679 484 6989 890
1565 1703 1777 1968
5331 4049 5644 4915
3335 1452 3668 4100
558 594 5679 891
1623 2856 1816 3725
1882 8994 2968 9610
7946 7786 7971 9748
4846 4980 5161 8875
8709 1458 8914 2480
9558 2646 9654 3532
9942 1099 10000 10000
801 6888 1738 7228
1162 7228 2304 7507
1465 7837 1882 8520
2440 360 6060 403
2452 1592 2585 3268
0 3031 1623 3262
8032 6244 8634 7925
1162 7507 2887 7835
9077 1458 9535 2503
6261 3382 6358 8110
8031 3838 8032 10000
1162 9189 1638 9526
7971 245 8031 9954
7185 1703 7466 4602
1028 5539 1738 6888
5161 6409 5647 8104
8816 5588 9611 5689
8032 8254 8816 8838
558 891 641 2334
1738 4304 2065 5767
7148 404 7419 1677
5161 8110 6358 8875
4553 404 5069 474
801 9742 3990 10000
8104 3838 9471 4015
6920 4149 6970 6737
1738 5767 2297 7216
6358 5852 6711 6095
6994 404 7042 8352
3990 5992 4435 8555
6654 8357 7042 9005
2887 8808 3660 8994
3990 9748 7971 9954
7515 3295 7843 7786
1392 8532 1435 8845
9654 1458 9942 3568
1677 8520 1877 9519
7155 1703 7185 2895
0 2741 1529 3031
1529 891 6994 981
8031 1795 8699 3836
1435 8520 1666 9172
1593 9680 3990 9742
284 6134 630 6773
1593 9526 1882 9680
7346 0 8709 245
5648 7854 6056 8110
0 3262 1623 3863
4009 4266 4386 5682
7105 404 7148 2687
7854 5884 7936 6719
5002 3079 5329 4980
1529 981 1663 1359
8709 3568 9942 3838
8032 8838 8569 9876
2347 245 6060 360
1882 8424 2546 8994
2304 5767 2452 7507
2887 5719 3218 7056
1685 981 3667 1443
5329 2030 6702 2066
7042 4602 7466 8082
4438 9005 4713 9307
8709 0 10000 1099
9911 3838 9913 6861
4882 9346 7106 9407
0 6888 801 7984
3448 5893 3919 8808
9732 6344 9911 8838
1529 2442 1612 2992
5329 2066 6213 2667
1849 1474 2704 1592
5161 5273 5570 6409
2596 1592 2958 3348
4882 9005 5224 9327
5665 2858 5808 4675
7042 8082 7367 8891
2452 4100 4088 4222
0 235 4575 245
1777 1592 2452 2442
205 5080 1028 6134
5329 2667 6185 2788
2452 4266 4009 5719
6358 6095 6654 9005
2976 1452 3335 4074
8904 9333 9647 9570
7468 245 7515 8082
