5645 3252 5941 7400
102 965 9806 1067
4520 2827 5164 5023
5538 2584 6557 2710
42 931 82 9871
5538 7812 9013 7901
710 1901 3537 2104
7899 8998 7994 9035
1328 9616 7159 9649
1378 2319 1794 4303
7459 1084 8856 1908
416 3124 1306 4099
1378 9263 4689 9370
1228 4784 1306 6001
102 1149 416 4099
416 1149 7201 1410
5329 1854 5538 3826
5941 7418 8032 7635
2236 2104 4710 2558
7389 5176 7439 6467
5941 6568 7372 7157
1845 2319 2236 4564
102 4784 676 7370
1926 5476 2076 9195
3328 1410 6712 1835
102 932 9575 965
8762 3162 8992 7479
1306 3124 1328 6001
1228 6001 1328 9649
7159 9035 9329 9637
7934 54 9301 343
4003 5309 5164 5867
6654 6103 7387 6568
2405 5309 3449 5867
1328 2104 2154 2315
2405 5867 3245 6168
3194 6174 3982 9263
5538 1854 7201 2584
6122 3252 7143 5020
4689 7773 5329 9370
1378 9370 4360 9616
1378 5023 1757 9114
9947 931 10000 10000
9013 2496 9049 4189
9093 1207 9359 1800
9373 1283 9794 2798
7459 2095 7568 6633
416 1410 3328 1807
7159 8227 8999 8928
3982 6190 4559 6251
0 931 42 10000
2236 2558 4710 2827
416 1807 3328 1854
9806 931 9947 9871
416 1854 710 3124
3449 5309 4003 5867
3982 7773 4689 9263
6083 5358 6654 5561
7201 1149 7314 5176
102 4099 1306 4784
7314 1149 7459 5176
180 9882 7384 9956
4360 9370 5436 9503
2236 2827 4225 4138
0 18 5937 194
710 2104 1328 3124
5164 1854 5329 7773
1848 9195 3194 9263
82 931 102 9871
102 1084 7459 1149
2076 5023 2405 9195
5622 8227 5919 8960
5329 7901 9013 8227
6833 7167 8440 7240
1404 319 6141 654
102 1067 9373 1084
7575 2095 7716 6492
2405 5039 4877 5309
9301 0 10000 868
4710 1945 5093 2684
839 4844 1228 9380
838 9649 9806 9724
5941 7635 8762 7812
2801 4578 4520 4996
838 9724 7916 9843
0 868 9840 931
5329 3826 5538 7901
2405 7383 3088 7827
1328 2319 1370 9576
42 9956 9947 10000
