9483 6424 9697 7699
4124 7338 4294 8187
1534 3261 1935 4688
9207 7116 9455 8154
3774 8786 5241 8981
1927 7390 2285 8387
2758 9689 5685 9734
9039 2689 9730 3037
1188 7660 1655 8441
6010 6424 9483 6550
6010 6615 6694 6910
1949 8786 2659 9758
9342 0 9686 737
5290 2513 9730 2575
8812 3771 9684 4244
8338 5137 8853 5172
7495 4611 8388 4752
217 5190 664 5225
8853 4244 9591 5151
7847 5294 9213 5969
1784 1792 1915 3059
2416 1723 3273 2375
1935 1454 2416 2375
5990 2375 9342 2449
5290 2575 6524 2680
4187 1000 5960 1071
6710 7163 8898 7674
6330 2689 6459 3422
3273 1454 7952 1596
3775 1604 4650 1811
5331 4267 6009 4615
1470 7162 6189 7163
9421 8288 9791 9436
6180 8288 6481 9018
6483 2689 6767 5920
2673 2513 2717 5219
4757 3723 6330 3798
3540 3798 4120 4270
188 286 795 1146
6009 4267 6483 6242
7495 4244 8853 4586
1603 1277 3492 1292
5341 334 6995 442
9210 0 9258 1549
4557 4625 4651 5182
3011 3028 3886 3763
5241 8273 6180 8544
3273 1596 3775 1978
8127 884 8916 1331
6995 189 9210 523
2999 3798 3540 4615
2416 1454 3273 1723
8488 3099 8804 4046
217 5955 1531 6214
2758 9284 4141 9497
150 286 187 9042
217 6242 6775 6315
2285 3871 2673 5219
918 6424 1188 8343
4980 7672 5580 8187
2627 289 5341 436
1691 1454 1774 3191
192 7797 217 9466
8457 9643 9136 9920
6786 2689 7252 4796
8404 6198 9689 6369
1674 1074 2743 1194
2038 2449 9342 2513
2038 2375 5990 2449
878 6369 918 9099
2007 286 2390 439
926 4754 1067 5217
7252 5172 9213 5294
9791 3756 9882 9436
5331 3798 6330 4267
8898 7285 9205 8237
918 6369 9697 6424
188 1378 7952 1449
1235 4754 1935 5219
1281 1449 1534 4688
3273 2108 5454 2314
5737 564 5992 1000
3767 6479 4234 7162
7847 5969 9697 6198
812 311 1196 1222
3480 523 4529 614
1534 1477 1691 3261
3492 1354 7952 1378
8812 3099 9730 3756
5241 8829 5522 8885
2717 2513 2999 4615
5092 6479 5766 6916
5766 6424 6010 6916
5138 9082 7446 9396
1214 8786 1687 9605
217 9487 918 9974
648 1449 1281 2229
5824 8544 6180 9018
6947 7674 7836 8133
2775 8273 5241 8603
338 3494 791 4679
5190 4882 5583 5314
4120 3798 5331 4160
1679 5219 2046 5955
5341 189 6995 334
5580 7674 6797 8167
3540 4270 5331 4615
7330 1596 8015 1853
8252 7674 8836 8280
4234 6479 5092 6916
9342 1424 9691 1955
1935 3871 2285 5219
9213 5172 9697 5969
5844 3026 6017 3723
4120 4160 5331 4270
8039 3176 8113 4189
217 4688 926 5190
2758 9018 5138 9284
150 9974 7988 10000
814 3550 1223 4682
7952 523 9210 884
5241 8544 5824 8829
4607 5618 5464 6104
7836 7674 8000 8273
9882 7881 9972 9319
2046 5475 2715 5584
4947 1978 9001 2080
351 0 558 253
1935 2375 2036 3846
6775 6198 8404 6369
1691 1449 7952 1454
4141 3028 4757 3798
353 1543 635 2886
926 4688 1935 4754
1229 6479 1470 7106
8338 4752 8563 5137
7109 6615 7362 6897
9730 0 9882 3756
2046 6104 6009 6242
6717 2575 9261 2688
5580 7163 6710 7674
5523 7283 5580 7672
2732 5360 3402 6063
4757 2513 5212 3312
2775 8187 6892 8266
1188 6424 5766 6479
0 286 150 10000
8252 8288 9421 9436
1687 9682 1915 9974
3492 1222 7952 1354
3914 3028 4141 3768
5138 9018 8252 9082
5181 4615 5279 4808
5992 523 7952 847
8898 6615 9483 7116
8563 4586 8853 5137
7252 2689 7495 5172
217 6315 6775 6369
1054 5219 1679 5907
2390 442 6995 523
6010 6550 9483 6615
2390 135 4794 289
5992 847 7678 946
4116 8603 4521 8764
7252 5294 7847 6198
9882 0 9919 7881
918 8343 1188 9974
1470 6479 3767 7162
2999 2516 4240 3028
5138 9436 10000 9643
5341 0 9210 189
9697 3756 9791 8288
217 8742 759 9487
9482 9643 9712 9997
8000 7674 8252 8273
3775 1811 6632 1978
675 2229 1220 2482
7495 4752 8338 5172
3930 1098 4215 1195
9919 0 10000 7881
9483 7699 9697 8288
2038 2734 2644 3264
1166 4845 1235 5044
6775 4852 7142 5117
4234 6916 8898 7162
