5329 8055 7009 8252
3422 2005 6836 2223
4857 3963 6324 3989
3238 3254 4857 3565
2766 766 7714 856
9038 2745 9795 3370
5858 9073 6473 9565
3355 3989 4403 4032
7728 2978 8301 3683
5238 243 5338 374
2426 6887 3154 7820
5113 1353 8367 1383
1449 8726 2519 9737
8840 4391 9528 4892
4519 4036 7646 4124
1449 9737 1511 9807
2714 8153 3313 8224
2008 450 4414 495
5113 1655 5376 1726
1285 8334 2114 8414
4894 6781 5329 8252
8938 2395 9234 2725
1117 2005 1662 3254
702 6697 6257 6781
4425 9388 5110 9702
8840 2395 8938 4391
1990 4798 2422 5468
2766 566 4424 766
477 6887 1540 8153
690 1052 8840 1193
3276 8707 4614 8723
1444 4798 1931 5000
690 2850 941 3681
9696 4352 9709 6883
8479 5575 9301 5781
2741 5024 3355 5468
4894 8252 6170 8577
115 500 9643 539
477 5000 702 6887
9947 0 10000 10000
4857 4009 6135 4036
941 3565 4857 3681
2519 8747 3771 9712
941 3254 3238 3565
690 1031 5153 1052
4425 9081 5127 9209
3977 2944 7682 2978
9528 3932 9696 8252
196 6841 392 7524
392 4518 477 8153
4372 4892 5900 5468
1540 6887 2351 7827
9924 500 9947 5183
477 884 690 3681
20 715 1563 718
9234 2395 9924 2725
0 0 2518 450
1117 1872 6510 2005
6257 7853 9301 7991
1540 7832 3405 8039
23 4518 62 8707
1117 1682 2214 1762
4894 8598 9915 8707
6029 5781 8632 6147
2741 4434 3355 5024
9237 5781 9301 6904
4774 8800 5028 9067
1186 1500 2828 1670
6024 5575 8479 5648
8632 5781 9237 6904
477 3681 4857 3829
23 9850 9924 9963
7637 5064 9378 5468
2518 122 5338 243
3977 2223 4746 2944
9497 8252 9892 8545
3789 9061 4425 9173
5882 8035 9301 8055
2422 4798 2741 5468
5988 4892 8424 5023
23 856 7536 883
4471 564 7714 766
9806 2745 9900 7191
2519 9712 5253 9804
702 6556 2062 6697
8367 1353 8737 4124
8840 1174 9275 2395
7607 6147 8204 6697
1540 8041 4588 8153
2766 540 6558 564
4023 4892 4372 5437
6699 9827 8668 9850
6942 8252 8632 8598
1931 4798 1990 5494
8204 6355 8632 7853
8938 3370 9795 3932
690 1193 1117 2434
2032 9963 3430 10000
3174 2440 3977 3254
2519 8726 9819 8747
2828 1500 5065 1813
2568 6225 2710 6526
6418 3684 7509 3998
977 6781 2750 6850
5329 6781 5850 7848
941 2850 1117 3254
0 450 20 9918
8938 3932 9528 4391
9364 884 9710 1831
5882 6781 6121 7868
9924 5402 9947 5490
1858 5494 9301 5575
3572 4892 3981 5268
702 5000 1669 5002
2062 6556 3045 6692
8204 6147 8431 6309
998 3974 1444 4987
9900 2745 9915 8598
3162 7055 3634 7780
3889 6545 6448 6659
5338 122 8107 500
9301 5494 9419 6842
62 5827 93 7056
3977 2978 6176 3226
1117 1211 4526 1353
1990 5468 9528 5494
6479 7361 7962 7567
4485 884 8767 972
2848 5781 6029 5943
9915 2725 9924 8707
8746 6904 9301 7853
9038 2725 9915 2745
1858 5781 2368 6248
5882 7991 9301 8035
7009 8055 8854 8249
7477 1520 7682 2944
4995 3254 6306 3777
7714 539 9414 881
5782 2223 6836 2944
5328 8747 6446 9048
23 1176 161 3419
4173 4252 4277 4631
3596 243 4764 427
3365 1353 5113 1500
3617 6896 4498 7001
6200 9568 8650 9679
3690 7739 4328 8041
4425 9209 5624 9340
5784 4252 5836 4818
1662 2005 3422 2440
8107 43 8810 412
3218 6889 3592 7004
3422 2223 3863 2432
7682 1520 8367 2978
5900 5064 7552 5464
2741 3974 3355 4434
8737 1353 8840 4124
6836 2012 7119 2805
8938 2725 9038 3370
21 2049 23 4345
3771 9710 7033 9712
702 5494 1858 6556
477 3829 4857 3974
1117 1353 3365 1500
5113 1383 8367 1520
5548 4124 8456 4195
2518 8 7717 122
5113 1520 7477 1655
9006 8747 9087 9326
675 8707 1080 9525
4588 8107 4894 8413
1444 3974 2741 4717
8632 6904 8746 7853
4746 2223 5782 2944
1444 4717 2741 4798
3355 4892 3572 5468
1681 2629 3174 2964
690 2434 1117 2850
4277 4252 5128 4892
5805 6166 7607 6545
