6599 1214 7292 2422
3369 4539 4573 7773
7839 1214 9766 1792
4573 4539 5882 7320
1967 9585 7652 10000
342 9421 1219 9827
2390 4648 3063 5473
1967 7773 3376 9585
1251 5810 2390 6694
1266 4593 2379 5810
6234 0 7247 616
4364 0 6234 2037
3747 0 4364 2037
6712 8308 7629 9425
7292 1792 9766 2504
2390 5473 3369 6435
7305 1214 7839 1691
4626 7368 5144 7773
731 3155 3114 4539
0 6694 1219 9421
3376 7773 4835 9585
7217 6560 8230 7133
1219 6704 1552 7543
7972 3795 9433 4493
5144 8978 6546 9540
2295 707 3089 2037
957 4613 1251 6091
731 2037 1913 3133
6712 7328 7552 8308
2390 6435 3369 7773
3114 3155 4137 4351
5218 3195 5751 4346
8245 8828 8862 9776
6234 616 6577 2504
1219 7773 1967 9145
5882 2504 7972 3338
4137 2504 5218 4351
4835 7773 5142 9307
8481 4493 9724 6724
6577 616 9766 1214
5882 4493 8481 5776
9766 0 10000 7320
4865 2037 6234 2468
104 2991 731 4637
1219 9145 1967 9768
2294 2037 3705 3056
5882 3338 7868 4352
3089 0 3747 2037
5882 5776 8234 6560
8234 6691 8428 7320
7652 7320 9971 8775
5144 7320 6712 8978
731 707 2258 2020
3705 2504 4137 3155
8020 0 9766 616
7247 0 8020 616
731 0 3089 707
3114 4351 5218 4539
