9110 1219 9189 8164
5078 9007 6822 9819
5094 5735 7638 6062
7050 2444 9106 2506
8301 9272 9612 9622
7638 7200 7791 9380
323 4162 392 6584
2463 720 3083 819
8424 2506 8497 2727
7447 8525 7612 9061
2923 430 3824 667
8648 4693 9019 5406
9444 5685 9513 6768
9682 720 9736 9622
503 6141 3070 6373
9110 8962 9612 9272
7050 1547 8202 2418
7917 3674 8196 5721
8301 9622 9736 9907
3926 1547 5692 1917
8073 6029 8285 7451
3411 2818 8300 2847
2113 3975 4534 4090
7800 3674 7820 9846
323 9846 1497 9907
2796 3351 3220 3975
120 1047 3167 1184
9736 195 9867 9907
6037 1547 6476 2363
9612 720 9682 9622
6476 1736 6928 1835
0 184 9867 195
323 2998 2113 3066
2240 1392 3980 1543
7011 1219 8671 1525
503 6373 2854 6460
9021 2847 9106 9272
3070 4727 5094 5340
6286 5438 6838 5735
479 4252 503 6460
295 9907 4296 9987
1884 1591 2307 1631
7834 6461 8073 8231
2816 7493 4743 7874
3385 8839 5078 8962
214 1184 267 2963
295 9987 10000 9995
4296 9907 10000 9987
3070 5340 5026 6061
267 1219 295 9995
0 195 9736 197
1753 9172 5078 9595
323 6584 392 9846
6838 4366 7479 4541
8354 2847 8648 5454
5078 7449 5859 7846
2113 2998 2796 3975
1497 9846 8301 9907
9107 1219 9109 5396
8354 5454 9021 7321
1753 6803 2341 7151
6614 7151 6919 8917
5683 6616 6876 6687
3625 2506 6270 2810
3974 3468 7008 3674
4466 2375 6476 2506
479 6616 2341 6803
479 6460 2854 6616
9223 4464 9430 5998
5919 7316 6533 8536
2347 1953 2696 2745
0 0 955 184
3220 3785 5520 3901
3167 1047 9537 1184
3509 6546 3796 6607
3070 4252 5094 4727
603 7198 849 8835
9867 184 9976 1655
5078 8536 6614 9007
392 4250 4047 4252
5442 6845 6876 7107
3220 3901 6838 3975
120 829 9612 901
1867 7151 2960 7490
323 3066 1112 4162
267 9995 10000 10000
2341 6616 4778 7019
955 0 9917 106
392 4252 479 9815
120 901 3410 1047
6929 9334 7340 9617
8354 7321 8911 8862
3220 3674 7800 3785
6270 2506 8424 2818
2240 1346 6347 1392
2963 7151 5078 7493
479 6803 1753 7198
6286 4250 6838 5438
2519 9595 3925 9815
8138 1010 8347 1047
309 1344 2240 1457
8073 7451 8301 8265
3839 553 6200 720
3070 6062 7447 6373
9555 901 9602 5265
295 1547 1884 2998
267 1184 5073 1219
9225 6822 9444 8962
4466 2363 6476 2375
4698 1953 6037 2321
2796 3007 3810 3240
5094 4250 6286 5735
2854 6373 7447 6506
2463 197 8870 368
3988 1392 6705 1547
392 9819 2505 9846
503 4252 2934 4965
2347 2871 2369 2998
990 5375 2389 6141
3411 1953 4428 2419
295 2998 323 9907
8301 3351 8354 9272
9223 1219 9459 3808
2854 6506 7447 6546
18 8965 120 9999
1753 7151 1867 9172
0 5853 94 8965
5073 1184 9537 1219
2985 119 4997 183
7820 8265 8301 9846
0 197 2463 829
1112 3066 2113 4162
2796 3240 7512 3319
849 7198 1670 7649
5520 3785 7800 3901
295 1219 6430 1344
392 4162 6838 4250
8671 1219 9106 2444
9867 5103 10000 9907
7702 5818 7759 6877
