7531 7837 8055 9131
2037 1105 2485 2352
0 0 2037 594
6075 1863 6247 4259
5698 5548 7037 6656
0 7626 1064 8545
3921 901 5394 1067
9148 0 9866 491
4567 5548 5698 5997
2277 6904 3586 7219
4686 1863 5261 2121
1473 9701 4708 10000
9385 7846 9780 8091
1402 8460 1933 8778
1643 2352 2410 2683
4166 4358 6023 5548
7483 2499 9626 3130
6512 439 8134 1202
2277 4280 3116 5547
3586 8402 4708 9701
2445 2352 3872 2893
5925 6837 6514 7390
4798 6424 5698 6896
3921 1067 4540 2352
8908 5454 10000 6518
3586 6904 4567 7328
2277 5723 2430 6904
4166 3447 5695 4259
8671 9335 9330 9407
1146 5458 2143 6134
2822 0 3361 1105
749 1115 1956 1786
1146 4520 2277 5458
7483 1205 8097 1673
1473 8876 1721 9701
0 594 749 4520
6247 0 7586 439
2277 3447 4166 4280
5291 6896 5698 7974
5291 7974 5698 9335
4798 5997 5698 6424
8908 6518 9759 7677
3586 7328 4708 8402
2731 5548 4353 6464
6570 3144 8659 4247
9437 4407 9709 5454
6023 4358 7531 5548
5394 0 6112 966
2112 7626 2826 7961
8154 7736 8616 7830
1643 2893 2277 4280
4540 1957 4625 2222
749 1807 1946 2348
8659 3144 10000 4259
4708 9564 9681 9830
2037 0 2822 1105
8134 926 9578 1658
4568 5997 4798 6779
4921 0 5394 901
7531 5454 8908 6389
6247 1521 7210 3144
0 7219 2831 7626
1064 8778 1473 10000
2277 2893 3209 3395
7531 6389 8908 7736
2831 7219 3586 9701
31 4520 606 6423
3361 0 3921 2352
8942 66 9148 926
4166 4259 7061 4340
749 4280 2277 4520
749 3119 1643 4280
6264 1038 6512 1153
3872 2352 4684 3440
5695 1863 6075 4259
4576 6896 5291 7328
884 594 2037 1077
7586 0 8134 439
2485 1105 3361 2352
732 4520 1146 6793
50 9002 1064 9544
4708 7328 5291 9335
6993 6837 7531 9006
8176 8091 9988 9303
4686 2182 5695 3447
875 2387 1177 3119
3921 0 4921 901
7483 1863 8786 2378
4708 9335 8254 9555
3116 4280 4146 5402
6514 6837 6954 8985
4540 1067 6247 1863
