764 5082 1356 5513
8186 8356 9246 9055
4096 8812 5042 9482
1356 5082 2867 5549
4096 7370 4780 8505
5746 4323 5937 4931
6035 2426 6494 4323
6159 6840 6732 7041
7978 1320 8281 2534
2867 5082 3681 5549
3681 4903 4335 5549
6494 0 6962 3365
9356 5309 9515 5920
5937 4323 7026 5296
1865 9481 1927 9773
3278 6017 4780 7370
3676 7370 3743 8697
7646 5366 9243 6388
7681 8614 8176 9415
8186 6926 9212 7848
1927 9481 3208 9978
9246 8356 9537 8929
397 3433 1369 5082
1388 8771 1830 9022
4780 6714 5036 7225
6808 5549 7646 6714
6511 7041 7278 9432
4096 8541 4436 8812
3935 0 5533 418
397 2558 2434 3433
9356 6754 9551 6827
5528 9915 6297 9962
2637 4034 3426 4210
5508 6714 6159 9915
1579 640 2331 1106
7351 8239 7646 8292
4709 9625 5508 9874
7278 8614 7657 9397
93 5082 365 5330
7279 8292 7500 8573
8186 9691 9263 10000
2734 6018 3278 7370
0 9130 1454 9827
288 5703 2591 6018
1075 9827 1388 9842
2331 640 3344 2082
1369 3433 2397 4142
5533 0 6441 1083
8186 7848 9552 8356
7278 6714 7591 6916
6035 1232 6494 2426
4392 5296 7244 5529
6494 3412 7022 4321
7978 2915 8520 3680
5640 1232 6035 4323
5045 6714 5452 8578
1579 462 2952 640
7950 0 9159 1320
6159 7041 6511 9915
0 0 3935 418
3728 418 4613 1232
288 7631 2149 8771
7026 0 7950 1320
9159 907 9683 1287
9159 0 10000 907
8186 9055 9246 9691
5247 1232 5505 2591
9552 8442 9616 9083
4780 7233 4972 8642
9564 3720 9942 5289
397 2098 2176 2558
1369 4210 4392 4703
4613 418 5533 1232
4392 3954 5046 5245
2149 8310 3455 9130
3426 3151 5465 3494
0 418 1579 1106
81 1106 1369 1783
8562 2915 9980 3678
7646 6827 8186 8614
7339 1345 7978 1922
5505 1232 5640 3494
0 2082 397 5082
6511 9432 8186 10000
7026 4266 9169 4610
2591 5703 4780 6017
3426 3494 4392 4210
3344 418 3728 2082
2149 6672 2715 7365
9552 9108 10000 10000
0 5703 288 8771
288 6672 2149 7631
5391 5799 6808 6710
1369 4703 3681 5082
288 6018 2734 6672
2742 6017 3066 6018
1454 9130 4096 9481
7026 1929 7944 3710
2434 2082 3728 2711
0 5549 4780 5703
