2813 4809 4140 5395
1403 2676 2452 2833
1384 5586 2248 5645
4115 3830 6492 3841
5685 6335 6218 7362
1572 553 6996 633
241 9590 8977 9637
2301 8161 6686 8686
4115 3458 5572 3570
8915 696 8977 9590
449 788 465 8996
3085 1548 4554 2180
0 0 111 10000
241 9357 593 9590
2958 688 7999 696
111 132 194 10000
5572 1002 5616 3570
5495 1002 5572 3044
2813 5399 3551 5570
780 3890 6252 3916
7356 5161 7474 8781
6546 1963 6955 2483
358 642 6912 688
7606 5161 7802 7126
500 6668 552 8723
9774 5992 9904 7523
7114 3070 7475 3141
5616 1015 7913 1440
780 4663 4440 4809
8015 2996 8275 3153
5735 9256 8915 9407
9972 5425 9991 8273
2378 5586 2624 7338
2728 6177 2813 6935
8665 6278 8819 8781
6089 1440 6437 1952
9775 0 9834 4083
7325 4188 7398 5161
4115 3766 4726 3830
2813 6728 3084 7156
4002 5900 4908 7152
1110 9407 3764 9473
6577 5684 6867 7507
9161 9457 9965 9888
4236 4809 4869 5496
6127 3916 6252 4587
7606 7126 8015 8781
8438 6278 8630 8781
500 8850 4941 8964
2813 5631 4272 5887
1383 5646 2248 6668
6715 3830 8015 4188
2576 1548 3084 2564
311 427 8143 533
8977 696 8986 9637
6715 4188 7325 5161
8630 6278 8665 8781
2813 7156 5685 7310
3096 5900 4002 7155
2463 2573 2618 2852
780 4809 1402 5442
4115 3570 8015 3759
9834 2110 10000 2932
6252 3890 6492 5684
3155 7479 3684 7789
6492 3830 6715 5161
358 696 5389 788
6492 5161 7356 5684
683 1051 3468 1548
1928 9013 5176 9107
194 132 241 9796
1707 7338 1960 7749
8630 2133 8819 6278
1806 7819 3235 7897
9161 427 9223 9457
9496 132 9742 4462
4410 2838 5259 3021
683 838 3082 1051
4883 4658 5040 5548
8589 268 8887 427
6131 9799 8306 9975
5045 3916 5698 5485
465 788 500 8996
358 9110 8382 9194
5495 696 8915 1002
241 427 311 8151
8438 5504 8611 6278
2624 5586 2693 7479
7398 4188 7802 5161
500 8723 5396 8848
8986 688 9065 9796
311 2874 351 8115
9834 2932 9952 5609
9834 0 10000 2110
111 51 5936 132
7802 4188 8015 7126
6942 5684 7356 8449
593 9495 2750 9589
9223 4718 9224 8835
593 9357 5735 9407
398 918 449 5764
4921 3759 8015 3830
780 3841 6492 3890
2248 5586 2378 7338
9223 8855 9958 9426
2452 1548 2576 2570
9972 2932 10000 5068
241 9281 2078 9357
780 2354 2382 2638
8172 2034 8603 2133
3603 8100 4046 8161
9223 132 9496 4145
2728 7310 5685 7392
780 3916 4856 4592
5616 1440 6089 2653
8819 1002 8915 8781
8015 2133 8630 2895
500 4229 683 5586
8033 6809 8316 8535
253 8245 358 9019
848 3135 1679 3458
6885 8781 8915 8850
2693 4809 2728 7370
683 1548 2452 2354
6515 2653 7114 3305
500 788 683 4229
683 2354 780 5586
4820 9637 7801 9756
9065 427 9161 9975
9224 4462 9614 8535
4304 5631 4725 5856
601 8369 1544 8582
2693 7392 5685 7479
4603 788 5495 2838
3468 1051 4270 1541
1306 3458 4115 3841
4908 6598 5640 7079
780 3458 1306 3841
3085 2227 4286 2570
9742 1088 9755 3295
3750 5579 5717 5619
241 9194 8915 9256
867 5586 1383 6043
552 7366 1672 8022
8438 2895 8630 5357
4908 5835 6191 6323
7474 5161 7606 8781
194 9975 9972 10000
8316 2895 8438 8781
4908 5653 5877 5835
552 6668 1350 7117
2618 2570 4603 2838
