0 2791 158 4446
288 3914 1297 4343
3306 1759 6583 2037
1376 6882 1937 7829
8356 5150 8831 6164
891 6499 1376 7835
0 9599 2711 10000
4696 8893 5786 10000
9754 1132 9884 3509
911 2965 2104 3646
3093 8675 3219 9586
4615 7949 5433 8881
3222 8675 4109 9535
8197 434 9754 518
4829 4518 5574 5357
911 649 2104 952
8197 518 8635 1594
371 4343 1297 5309
5786 7949 10000 8348
6412 6327 7801 6946
2207 4463 2894 6601
6907 2613 7735 3872
8345 2613 9754 3188
288 4343 371 6598
1297 3646 3978 3747
8831 3188 9754 4520
2931 5617 4045 6001
1541 1720 2090 2965
8048 6194 8500 6963
2245 6601 2688 7034
5574 2261 5727 5599
5727 2613 6907 4277
8641 9075 10000 10000
5786 8348 9591 8525
8327 9075 8641 9676
4262 2037 5041 3445
6972 3872 7702 4038
6907 4046 7616 5773
2222 9382 2522 9599
2245 7366 2711 9334
1297 3973 2207 5309
8116 0 9335 434
2209 6601 2245 9298
371 5309 2207 5729
4829 3445 5574 4518
3093 7387 3211 7550
3568 4463 4045 5617
3886 8389 4525 8627
6012 0 6922 1288
170 2865 650 3296
6922 0 8116 1288
4820 184 5384 773
371 5729 891 6598
3654 13 4126 810
8694 6863 10000 7949
4109 9073 4557 9452
4452 6362 6048 7061
174 3646 288 8674
8649 518 9754 2613
54 9044 891 9586
4615 7550 8441 7926
2902 2037 4045 2997
5727 4277 6907 5324
7042 1288 8116 1771
891 7835 2178 9221
891 5729 2207 6499
691 668 911 1367
4109 8675 4485 8882
5041 2037 5574 3445
8345 3188 8380 4999
5786 8525 9591 9075
4262 3445 4829 6327
1408 9334 1437 9521
4045 4564 4254 5185
2894 6129 3463 6936
7195 6194 7962 6299
288 6598 891 6831
2986 0 3654 632
2207 4134 3456 4463
911 952 1289 2965
2894 4463 3568 5617
3093 7550 3347 8389
3496 9545 4696 9970
6907 5909 8345 6194
6583 1288 7042 1944
4045 2037 4262 4564
7042 1771 8649 2261
288 3655 1004 3914
9591 8348 9931 8917
5574 5599 6907 6327
6124 5476 6755 5599
7735 2613 8345 5909
843 7228 882 8349
8694 6194 10000 6863
2104 2997 4034 3574
9754 0 10000 1132
5574 2037 7042 2261
5674 0 6012 1251
5727 2289 7485 2613
8643 7049 8694 7403
8116 434 8197 1771
2894 7061 6053 7366
2902 810 5657 1288
3347 7550 3743 7993
9271 4576 9643 5853
288 6831 843 9044
4829 5357 5365 6115
170 0 2727 618
1289 952 1509 2633
2104 649 2643 2984
9335 0 9754 434
2711 7366 3093 10000
