995 7846 3474 7938
1611 577 8150 598
2799 3963 7802 4261
1049 577 1084 1250
3168 8618 3185 8817
2799 2986 3882 3718
3946 9557 6057 9574
26 157 1841 343
5365 4456 7468 4480
2602 2327 2799 4386
5293 2304 6176 3430
5242 8100 6297 8852
752 343 2699 459
1949 4647 3213 5162
8390 1562 8934 2313
2496 7351 3064 7802
6297 7832 7270 8657
1315 8442 1616 9106
995 8209 1271 9775
6160 3431 6355 3670
661 8518 777 8711
8808 5302 8884 7365
7280 8141 8241 8535
3854 7023 4645 7244
9688 3419 9886 8535
9551 52 9613 8127
6170 5162 8892 5218
7405 669 8046 934
2933 4446 3576 4558
995 7090 1598 7577
4666 9244 7477 9383
2799 4287 5680 4386
1682 9882 3367 9995
944 546 1009 5593
7317 2304 8057 3445
3185 9689 9886 9728
1931 1997 2352 2341
1969 9334 3094 9716
791 5593 903 7223
1931 2341 2352 3440
6170 5218 9428 5302
2352 1997 4432 2045
1611 598 3514 1209
6297 7208 7716 7832
9060 103 9165 3918
9886 4195 9935 9528
3474 9383 5027 9445
2602 4386 5391 4423
8611 3561 8958 4446
6176 2304 6363 3431
3536 8632 3854 9001
3536 9124 4666 9383
3882 2327 4432 3718
2931 5756 2961 6670
5421 6006 6776 6091
1841 157 2699 288
6661 598 8105 668
1616 8927 1969 9882
6334 1915 7636 2192
6537 4636 9353 4647
1611 1677 4082 1823
635 3562 889 4923
3562 6931 3759 7105
5258 5435 5329 5791
8390 2313 8958 3561
2606 5492 3996 5694
9639 3419 9688 8535
6349 6865 8556 7150
7716 7208 8808 7832
6537 4480 9060 4636
5421 7208 6297 7795
9060 3918 9353 4636
4432 2921 5116 3648
4666 9124 6080 9244
8151 5807 8574 6062
9079 8671 9886 9689
2132 5694 2343 7846
2602 2215 4432 2327
6363 2304 6973 3445
1623 1997 1806 5302
6776 6006 8151 6747
1335 1895 1613 7090
7686 5063 8330 5162
4449 5694 5258 6080
1009 546 8150 577
3837 133 8958 416
4487 6080 5258 6931
7280 8535 9886 8671
8957 8671 9079 9528
6175 6091 6776 6243
9006 133 9060 4480
8390 3561 8611 4386
1335 1876 6334 1895
1051 1876 1335 5214
7280 7832 9526 7981
1613 1931 3178 1997
8929 5302 9267 6911
3759 7023 3854 8632
3682 5694 4449 5960
1616 8445 2775 8927
3446 108 8997 133
5421 6779 6175 7208
4177 4647 8892 4798
777 7417 975 9642
7467 4802 8059 5063
1949 5162 6170 5302
239 3097 408 6134
8145 1677 8304 2676
8449 8671 8957 9383
9428 2173 9431 3276
6297 8671 8449 8852
4925 7795 6297 8100
7109 5791 8151 6006
26 103 3446 157
6883 5063 7686 5148
0 52 9353 103
8892 4647 9353 5218
26 6822 242 9673
6080 9001 7477 9244
2699 416 7591 450
3446 133 3804 395
6811 459 8150 546
3536 9001 6080 9020
4925 1677 5457 1816
2132 5321 2842 5418
3536 9020 6080 9124
1611 1302 2579 1677
1841 288 2699 343
2049 5302 2071 7846
8151 6062 8705 6738
3588 598 6090 948
9620 3419 9639 5806
8330 4798 8892 5162
5365 4480 6537 4647
7330 4287 7923 4305
3518 3829 7569 3846
1949 3440 2352 4647
1969 9728 9843 9868
3474 5694 3536 9383
2775 9108 3046 9334
9479 4275 9524 6072
6175 6243 6769 6743
7477 8852 8449 9383
2071 5302 2132 7846
5421 5791 7109 6006
8057 2304 8139 3875
752 459 944 3562
1084 577 1611 1378
7296 1508 8390 1641
3208 2471 3411 2986
5329 5769 6126 5779
0 0 9886 52
1969 8927 2454 9316
3588 1021 7857 1436
6973 2304 7317 3445
1613 1997 1623 7686
1616 8301 3474 8445
4612 8852 6194 8979
4338 506 6811 522
5421 6091 6175 6779
2799 3718 7610 3787
4134 7372 4169 8051
4074 8100 5242 8852
6363 3445 8057 3718
3854 7338 4074 8852
4925 6931 5258 7795
6175 6747 8808 6865
8150 416 8958 1508
3588 966 6107 1018
31 3829 116 6193
9165 2701 9353 3918
903 5593 995 7366
9613 52 9797 2414
9353 52 9428 3419
2699 157 3446 416
2343 6670 3474 7351
3759 6931 4925 7023
3536 6080 4487 6931
709 343 752 2486
3013 2045 4432 2215
9165 103 9353 2701
3225 8445 3474 9319
995 5593 1333 7088
5 7532 26 9709
4989 2388 5272 2867
1313 7938 3474 8301
5258 5791 5421 7795
26 343 453 1662
1009 1378 1611 1876
4432 1895 6334 2304
8958 133 9006 4446
408 4340 625 4511
9353 3419 9410 4945
9454 52 9551 514
2352 2215 2602 4446
1931 3440 1949 5279
2352 2104 2874 2215
1623 5302 2049 7846
3213 4647 4177 5162
1806 1997 1931 5302
