6051 5585 7669 6553
1204 3113 1491 3250
2952 2995 4337 3638
2767 9253 3211 9254
9695 0 9763 4277
649 2778 667 4345
7704 6066 8661 7327
896 6147 1518 7356
2767 9182 9322 9253
3229 4627 7665 4641
520 8000 1538 8748
1900 8059 3085 8331
896 601 9322 634
2767 9254 3211 9577
896 2655 938 4419
9322 601 9381 8496
5402 5467 5441 8623
7704 7759 8426 8107
724 485 9615 561
1538 8331 2545 8568
2140 634 3679 908
1185 2925 1204 6147
2159 8970 2767 9577
5402 8623 7273 8931
9510 4847 9551 8496
3211 9422 5266 9577
4966 5467 5402 7378
1538 2988 1900 5331
2258 5606 3472 5788
3679 887 8096 907
9692 5605 10000 7442
943 359 1266 485
1900 4627 3087 5140
8725 6200 9322 8970
4991 1178 5127 2910
2299 2988 8009 2995
5441 6627 5782 8328
3679 634 9322 887
5441 6562 7276 6627
5417 911 6124 2140
6124 1502 8541 1890
3229 4647 7598 4851
2177 1058 3653 1770
386 8748 3085 8931
1466 1097 2092 2654
724 561 9427 601
4552 7551 4565 8059
2299 2995 2952 4357
408 1233 520 1840
7675 4863 7692 8154
9427 4391 9545 4847
3229 5467 4966 5606
1518 2988 1538 8000
644 485 724 2778
386 8931 7694 8970
1722 8970 2159 9525
7273 7275 7675 8931
5782 7275 5971 8328
9427 4847 9510 8496
731 9681 917 9779
896 4419 1185 6147
8562 2228 8725 6066
9322 8496 9615 9681
896 1097 1466 2655
9551 561 9615 8496
2952 3833 4368 4357
2299 4357 7704 4627
227 5144 371 5867
7704 2995 8348 6066
8813 4864 9306 6200
0 0 213 4977
724 2856 853 5230
5971 7276 7196 8328
5127 2716 8060 2918
3653 911 5127 1178
3653 908 7739 911
0 9904 10000 10000
748 5321 896 5858
2066 3791 2299 3894
1029 0 4386 233
9615 7587 9691 9904
9691 7442 10000 9904
520 7570 1518 8000
1632 9681 9615 9802
9763 0 10000 4770
9158 1412 9322 3659
3704 1693 4991 2654
938 2655 1185 4419
2767 8987 7606 9027
2767 9027 9322 9182
3085 8395 4374 8640
3834 4901 6875 5148
9381 601 9427 8496
8813 908 9092 2194
227 9577 9322 9681
9691 4770 10000 5605
8725 2228 8796 5006
1538 5331 1900 8331
8348 2925 8562 6066
1204 2925 8348 2988
3229 5331 7566 5467
4649 6032 4820 6709
9691 5605 9692 7442
896 634 1942 1003
896 7356 1518 7570
1900 5688 2218 5868
4403 3796 7704 4321
5127 2228 7681 2689
4565 7378 5402 8931
227 9802 9615 9904
2272 5925 4814 6027
5441 8328 7273 8623
5782 6627 7675 7275
9615 485 9666 4495
4820 5606 4966 7378
1185 2657 3447 2925
520 354 584 2288
