6091 0 8451 272
4750 8048 5948 8192
447 2120 1335 3366
1415 8502 2263 8534
6091 272 8451 439
447 675 1755 1243
8057 1822 8195 5430
6600 4468 7047 5737
3408 2893 3857 5401
4082 250 4114 699
447 0 3011 675
3858 2893 4781 3226
2052 832 2822 1961
6582 1207 7318 3086
0 0 447 4617
3461 9088 5368 9403
1595 3943 3011 4706
3918 1559 4957 2233
8197 5253 8720 5464
5194 9920 7947 9996
3011 0 5376 223
9336 1344 9679 2097
0 9362 145 10000
3408 5401 4531 5737
3192 2806 3329 3927
9321 2122 9833 4476
1649 1243 2052 2120
8720 4476 8862 8048
3192 5737 4841 7843
8451 0 8912 2519
1755 675 2048 1242
5268 5737 5933 7843
5057 250 6091 1470
8526 7279 8700 8037
3011 8192 4879 9073
5087 3273 5682 3666
1434 7804 2615 8069
6813 3690 7345 4468
9001 257 9671 1119
6875 9073 7816 9568
6713 7843 8526 8048
2172 6977 2673 7520
8197 439 8451 3494
5087 2893 6091 3273
9833 3610 9998 6540
8057 5464 8526 7165
5933 6832 6571 7437
4770 2394 5507 2708
8912 383 8994 2498
447 1243 1469 1503
9001 1140 9199 2627
7723 1822 8057 6632
4781 2916 5077 3142
4879 8192 5124 8591
4543 4078 6377 4471
9833 2122 10000 3574
5368 9073 6875 9428
447 1510 1649 2120
213 7773 488 8138
4841 5737 5268 7843
7345 3011 7684 3325
4231 2394 4766 2708
7047 4468 7723 5999
3011 9428 4302 9822
2678 5791 2707 8034
6571 5999 7549 6822
3408 2708 5573 2893
3857 3226 5058 3667
7345 1138 7723 3011
5944 7843 6713 7951
8862 4476 9720 7437
9189 9073 9688 9903
1335 2120 1896 3943
213 8150 507 9181
3857 2893 3858 3226
977 8145 1544 8408
473 3419 711 4263
0 4617 213 9362
7723 439 8197 1822
3011 250 3442 911
5948 8048 7722 8752
1399 7084 2172 7339
2497 8086 3009 9903
8451 2519 9001 3494
4479 958 5057 1281
3857 4243 4533 4796
3192 3927 3408 5737
4002 3690 4543 4117
6905 476 7637 1138
2313 8502 2497 9908
6846 439 6905 741
1335 5791 2678 6977
8197 3494 8720 5253
3408 2539 3537 2708
6211 4898 6600 5724
3089 1816 3192 7131
1860 4882 2012 5791
5933 7437 6440 7825
4879 8752 9833 9073
5731 3273 7345 3690
8912 0 10000 257
7746 6632 8036 7054
8057 7165 8526 7843
5933 5999 6571 6832
7345 3343 7723 4413
5933 5737 7047 5999
1335 3947 1594 4698
711 3366 1335 4617
5573 1470 6091 2893
8950 7444 9005 7985
977 4617 1335 7529
509 8769 570 9362
145 9362 977 10000
389 4867 698 6576
8720 3494 9321 4476
3011 7843 4750 8192
1896 2120 3011 3943
4543 4471 6600 4898
3857 4898 4493 5326
6644 3690 6813 4223
7722 8048 9833 8752
9679 257 10000 2122
213 4697 797 4867
