1891 0 3843 471
2577 6612 3291 9951
1000 8177 2563 9726
1000 6896 2563 7303
8850 437 10000 2024
0 8495 1000 10000
7774 3652 9025 5616
0 7450 1000 8495
4872 8044 6313 8459
9025 4514 10000 5459
1000 7303 2563 8177
9110 7030 10000 9396
7774 0 9953 396
6779 8816 7008 9661
7112 329 7708 1358
7615 8459 8702 9328
5898 68 7026 706
9110 5616 10000 7030
7774 2038 9023 3019
9025 3012 10000 4514
7774 3019 9025 3652
7774 5616 9110 8459
4782 9806 5103 9976
0 7031 896 7450
381 2272 1891 3849
2563 5332 3716 6296
6765 7825 7774 7937
1891 477 3825 2713
1000 3849 2563 6896
3291 8459 4656 9703
1518 9726 2291 9858
5898 3827 7238 4707
4872 6612 5432 8044
381 3849 964 4921
5103 8459 6779 10000
1000 9726 1369 9899
5898 5393 6303 6370
4015 0 5685 6207
9025 2609 9588 3012
7774 437 8850 2024
7615 9396 10000 10000
2790 3931 3632 4433
6045 6391 6304 6612
1891 2713 4015 3849
3291 6612 4872 8459
5432 6612 6313 8044
9025 5459 9988 5614
3825 477 4006 2619
8761 8459 9066 9212
0 0 1585 2113
6313 4707 7774 7825
0 2272 381 5081
5898 3150 7101 3361
7238 4152 7752 4267
