2154 1002 3003 2139
0 3044 482 3910
4574 9272 6145 10000
7025 3209 9258 3929
4384 2423 5018 5690
2691 4047 3880 4306
4921 6327 5080 7290
8959 6720 10000 7521
6088 5451 7537 6434
5018 5181 6611 5451
6533 6716 6666 7537
1915 5737 3588 6319
8496 4120 9662 5855
4146 2139 4384 5672
1950 8675 4574 9142
1283 6319 2589 8675
6145 9272 8000 10000
8496 5855 8959 8435
3003 397 3287 2139
756 4306 1494 4552
9271 7521 9934 8430
6876 6434 7939 7176
5018 5451 6088 5690
1331 8920 1950 9132
9258 3209 9278 3917
2692 2139 3989 2393
6252 7593 6876 7931
8000 8680 9651 9843
8000 7585 8480 7898
5018 2423 9278 3209
6840 961 7900 2423
1 1544 844 2461
8959 5855 10000 6720
5335 1417 5552 2408
7537 5178 7907 6434
7025 3929 7992 4088
0 9916 2286 10000
844 1249 1709 2589
5090 4576 5954 5019
2154 0 3003 1002
0 5737 1915 6319
2430 2722 4146 4038
7900 961 9019 1223
756 4567 4108 5347
0 0 1227 1249
1709 1249 2154 2589
756 2722 2430 3755
0 9518 2286 9916
3003 0 6840 397
3287 397 4736 925
0 2589 2154 2722
9278 995 9932 2096
2589 6319 3319 7322
4445 1417 5208 2170
5954 4318 7907 5178
4808 7947 5304 8661
3588 5353 4146 7931
756 3755 2066 4301
7907 4318 8495 6406
4384 925 6218 1417
4146 5690 6088 6327
0 5356 756 5737
1227 0 2154 1249
3588 7931 4574 8675
150 9211 1198 9518
756 5353 3562 5729
3287 925 4384 2139
9104 7521 9271 7988
8155 6549 8496 7042
5552 1417 6840 2423
2286 9142 4574 10000
6218 397 6840 1417
7900 1225 9223 2320
68 6319 1218 7459
9278 2096 10000 3929
6876 7256 7882 8139
5018 3209 7025 4318
4574 8661 8000 9272
6840 0 9278 961
4736 397 6218 925
