8287 8139 8562 9729
9686 5956 10000 9017
3780 3668 5073 5240
7371 4963 9888 5352
7213 5352 9888 5956
9427 2825 9445 3816
5249 0 5308 3238
259 6544 1380 7361
1942 1000 2585 2516
7414 2825 8993 3424
5334 1511 6285 2198
3780 8926 4279 9218
7030 2231 8590 2825
3216 1628 3747 2121
7857 1780 8578 1907
7030 2825 7414 3929
3780 7017 5501 8746
7982 432 9822 1395
3780 6790 6365 7017
6567 1557 7343 1631
1192 2840 1288 4161
3780 5859 5323 6347
300 4164 803 4265
697 8367 1380 9295
6322 9386 7600 9672
1380 2996 1465 9672
7425 432 7979 1398
6365 4117 8748 4513
7414 3462 7532 3716
8748 4049 9295 4351
9888 432 9980 3243
9441 7280 9686 8139
7213 6492 9379 7233
697 7361 1380 8367
1465 8708 2173 9397
2620 4638 3691 4826
0 0 790 1058
6322 8139 7600 9386
4567 0 5249 3668
259 7361 697 9295
8817 3462 9345 3996
3953 3392 4435 3655
5334 3222 6365 6376
2593 1637 3165 2903
6366 1785 7030 3648
6365 3929 8748 4117
3216 2145 3713 2972
0 1058 891 2764
5334 3063 6031 3222
6464 5352 7213 7113
5334 1087 6056 1274
8590 1780 8741 2759
3216 1000 3721 1580
8748 4351 9664 4963
2620 6191 2957 6578
5093 9672 7600 9729
3012 7596 3780 9397
1900 6879 3012 7468
8562 9017 10000 9729
5073 3668 5334 5859
2147 7468 2586 8040
6365 7233 9340 8139
790 0 1287 678
1465 8263 3012 8708
7213 5956 9379 6492
5673 8160 6322 8713
7371 4513 8743 4947
0 5705 259 10000
7600 8139 8287 9729
2351 0 2508 566
259 9879 10000 10000
6879 0 7738 370
4513 5240 5048 5856
1473 7180 1900 8186
6365 4513 7371 5352
4996 8746 5232 9472
9664 1780 9847 3242
891 1058 1380 2840
4049 1458 4567 2623
3859 5240 4513 5706
3780 3236 3950 3252
0 2764 891 4164
5666 7081 6255 8124
3012 6879 3780 7596
7030 1661 7424 2231
2508 0 3241 984
5501 8287 5663 8707
1380 1000 1942 2996
9379 5956 9684 7214
7425 1780 7857 2231
259 9295 681 9879
1465 3798 3771 4636
259 5705 1380 6544
5093 9729 10000 9879
3780 6376 6365 6790
1465 9397 3780 9620
4877 9218 4996 9541
2593 1000 3184 1633
0 5227 1380 5705
1465 9620 1877 9670
2173 8708 2390 9343
681 9295 903 9861
1465 5715 2419 6879
1942 2531 2557 2969
7425 1402 8783 1744
1900 7468 2147 8263
1465 2996 3780 3798
46 4466 921 5195
9185 8537 9655 8992
1380 9672 5023 9876
8562 8139 9185 9017
