2745 8885 7125 8905
1169 7208 1250 8442
76 0 3340 1115
8945 2799 9413 5308
755 9751 7158 10000
6422 5510 6919 7653
2429 1800 2745 9529
5776 3554 6422 7653
5177 2542 6910 3554
4583 4642 5177 8433
293 1325 4478 1570
3194 5116 3984 7155
2084 1800 2429 9529
6919 6486 9988 6575
704 3041 755 4782
3169 5116 3189 7434
6919 5892 10000 6486
5227 923 6650 954
755 3072 1271 6115
9710 2799 10000 5892
6910 1800 9028 2799
6952 5308 8084 5878
1856 1572 2084 9529
2841 8906 3671 9496
1169 9529 7158 9751
2745 8632 6447 8803
755 6131 1169 9545
9509 6575 10000 8619
2745 2286 5177 3110
6422 4092 8945 5308
6422 3554 8441 4092
7158 9529 8069 9984
6422 5308 6724 5510
4530 0 5099 835
8274 8619 10000 10000
4 1436 293 7711
3169 3110 5177 4470
8084 5308 9710 5892
6910 2799 8945 3554
3169 4642 4258 5075
1273 5647 1345 6637
8073 0 9024 1733
2745 3110 3169 8433
4894 954 7143 1800
6552 8619 6983 8885
2084 1572 4894 1800
9062 6575 9493 7989
2745 1800 6910 2286
5116 0 8060 814
6919 6575 8274 7992
949 2275 1720 3041
3851 0 4530 1325
6986 8619 8129 8885
0 8373 717 9923
4555 5746 4583 8205
5177 3554 5776 8433
5776 7653 6881 7987
4530 954 4894 1572
8274 6575 9061 7996
3169 4470 5177 4642
3884 8906 8134 9529
8441 3554 8945 4092
8134 8619 8274 9917
1345 3041 1856 9529
9413 3743 9514 4812
7143 954 8073 1800
3643 0 3851 1107
9028 0 10000 2799
5837 7996 8711 8386
293 1572 949 3040
2745 8433 9509 8619
5177 2326 6876 2542
6724 5308 6919 5510
