0 0 111 8122
6121 2619 9144 2667
7132 3578 7555 6266
2245 9376 3168 9964
6669 5881 7132 6266
890 6509 1862 6973
111 2814 3022 3036
257 5029 785 7487
5396 6560 5981 7115
890 5119 2136 5350
9318 4797 9614 7954
2760 5350 3467 6450
1584 2072 8987 2228
2242 9964 7985 9965
6121 2683 6482 5614
257 4770 785 5029
7988 5368 8624 7576
0 8122 208 10000
208 8518 5354 8907
111 0 10000 120
9902 2683 10000 4797
6845 6266 7565 7682
7327 286 7750 719
5222 3966 5461 4123
5354 8143 5973 9568
8506 7576 8624 7678
7750 286 10000 947
9874 4797 10000 8397
904 7487 1962 7682
1584 184 7045 609
2804 6973 5396 7265
6979 8122 9372 8285
5977 8642 6221 8715
111 1080 1038 1374
5034 1008 9947 1135
208 9191 2811 9375
1125 3966 5222 4222
1584 2351 9571 2619
5222 4123 5461 4397
2794 4397 3438 5120
904 7954 9614 8122
3468 1008 4322 1592
111 7487 904 8122
146 3405 257 5482
8412 2965 9631 3665
2760 6450 3396 6556
1862 5350 2760 6560
9318 3665 9902 4797
3660 4507 5063 5447
7335 8355 7544 9031
1163 5350 1235 6509
111 3036 597 3392
8990 5005 9073 6132
5354 9583 6979 9754
7555 2965 7565 6264
7565 3665 7717 7682
6079 1140 9031 2062
7311 9392 10000 9654
111 120 1584 666
9614 4797 9874 8355
4548 9754 10000 9964
549 8123 6107 8143
785 3966 1125 5119
6979 8355 7311 8716
1962 6973 2804 7682
888 1382 1519 2405
785 5119 890 6973
9631 2965 9902 3665
732 3036 3778 3405
257 3405 3190 3966
1570 4222 1767 4737
1767 4222 2136 5119
7544 8397 10000 9271
9110 1140 9532 2201
3526 5447 5745 5881
7717 6899 7846 7560
111 666 1584 1080
1862 6560 5396 6973
257 4539 785 4770
6028 1177 6079 1514
2136 4397 2163 5350
257 3966 785 4539
7717 5368 7988 6899
208 8143 1951 8502
6482 3512 7543 3578
6669 6266 6845 7532
3526 5881 5981 6177
6482 3578 7132 5614
8624 4576 8990 7682
7555 2702 9580 2965
785 6973 1962 7487
1584 2645 2614 2814
3168 9191 4548 9964
7544 8355 9842 8397
4921 9191 5134 9690
9079 4576 9132 7954
3831 3148 3999 3312
3999 2814 5391 3361
3526 6177 5981 6560
6997 8717 7311 9396
5396 7115 6669 7532
1125 4964 1767 5119
7565 2965 8412 3665
962 5350 1163 6407
2804 7265 5396 7532
311 9376 1026 9683
9132 3665 9318 7954
3607 614 6216 803
7717 3676 9077 3846
7311 9654 9965 9723
9571 1140 10000 2683
6242 8122 6979 9583
7325 184 10000 286
1125 4223 1551 4964
1584 2228 9571 2351
904 7682 9079 7954
5981 5881 6669 7115
208 8907 5354 9191
3190 3420 5205 3863
5461 2814 5745 5447
7717 4576 8624 5368
2223 8148 5296 8518
3263 1709 5034 2041
3467 4397 3526 6560
2804 7532 6845 7682
5745 2814 6121 5614
1957 147 3575 184
1235 5350 1862 6509
2136 4222 4892 4394
7544 9271 10000 9392
7717 3846 9132 4576
1584 947 9091 964
5745 5614 7132 5881
