0 0 2706 199
4178 3135 4992 4365
163 5615 828 6489
223 5097 623 5615
975 1589 4178 1925
1812 3897 2162 6286
5547 2408 8882 2653
1250 6774 3056 7096
922 908 5643 1021
7866 3798 9742 4217
1638 8348 4500 8556
6119 9773 10000 10000
9423 8861 9830 9504
5807 3773 7901 3798
4178 1589 6658 1951
9075 6954 9149 8790
1109 6686 1250 6899
5807 3804 7361 3858
8688 5390 9028 6889
7578 3798 7866 5280
5858 4567 6095 6020
4037 4905 4522 6406
9742 3956 9832 5012
9488 5584 9832 6954
3668 1925 4178 3623
8930 630 9062 2658
1638 8556 2593 8893
6658 1589 6707 2208
4774 8359 8660 8556
5807 3455 7804 3745
2593 8556 2753 9887
7048 4333 7578 5280
3129 639 7248 738
497 6489 650 7816
8176 8556 8637 8753
6119 9508 10000 9773
7048 5390 7499 6553
7815 5390 8688 6516
3056 6774 3752 7096
1250 6686 8688 6774
590 1925 828 5095
7815 6516 8688 6686
5565 3055 7840 3129
975 1925 1087 8893
5378 7941 8660 8359
828 8893 2233 9871
4774 7636 7799 7686
6884 4567 7048 6354
2633 1925 2843 3091
134 420 9062 630
4178 1951 5677 2373
4500 7229 4774 8556
4623 6954 9075 7096
0 9887 2753 10000
8660 7229 9075 8790
4992 3135 5807 3345
8195 3055 9644 3753
2477 5023 3802 5226
0 199 134 9887
2760 9509 6119 9997
4540 6354 6239 6366
590 738 922 1064
4178 2408 5284 3055
5807 3858 7578 4333
163 6489 427 8526
2706 0 4999 199
5201 8790 9149 9238
9832 3055 9833 7478
4992 3345 5377 6354
7053 1589 7538 1853
2187 3897 3271 4342
1638 7096 9075 7229
3271 3897 3637 4364
7048 5280 9058 5390
9056 4503 9364 4735
2208 4937 3501 5023
5677 1951 6588 2312
590 1589 975 1925
4774 7686 8660 7941
7504 5390 7815 6682
2753 8556 8176 8790
9167 4217 9556 4284
3668 3623 4134 4365
2753 8790 5201 9508
134 5095 162 8645
9058 5280 9488 6954
134 199 4999 420
5284 2920 9633 3048
3752 6774 3978 7096
3978 6774 4623 7096
1087 1925 2633 3091
5201 9323 9423 9508
5377 3345 5807 4567
922 747 8790 793
9845 420 9895 9226
1812 6288 3581 6493
9423 6954 9831 8493
6095 4567 6884 6354
4999 154 9474 415
650 6489 828 9887
9062 998 9674 2747
1140 6563 7493 6686
1536 7096 1638 8524
1087 3091 2843 3897
2162 5266 3915 6120
5201 9238 9423 9323
4178 2373 7551 2408
7866 4779 9488 5280
5807 4333 7048 4485
4540 4365 4952 6080
4999 0 10000 154
922 904 7101 908
4134 3623 4178 4361
1638 7229 4500 8348
590 1064 2776 1589
4173 4450 4496 4905
1140 3897 1761 6364
922 793 8930 904
4774 7229 7731 7609
7982 7229 8547 7410
7726 3135 7975 3452
5807 4485 7048 4567
5807 3135 7483 3448
9488 4503 9742 5584
7866 4217 9056 4779
4774 7941 5378 8359
2776 1073 7490 1589
9895 420 10000 9508
9675 420 9841 3050
1087 7096 1520 8892
9149 6954 9423 9238
4623 6856 6110 6954
4178 3057 5551 3135
1951 6511 4012 6563
7597 904 8775 1920
1087 3897 1130 6599
828 1925 975 8893
2843 1925 3668 3897
134 630 362 5095
362 630 590 5095
5284 2408 5511 2909
5547 2658 9028 2919
