6654 5918 7624 6624
8064 4866 8078 7638
8102 1389 9093 1684
9148 2615 9458 6913
2341 8229 3128 8314
1803 7336 1866 8033
3719 4271 7182 4506
8622 9412 9504 9670
162 8038 3617 8171
2480 5679 5112 6017
1921 386 9138 564
555 2017 1127 4008
707 9303 1179 9660
1127 2404 1512 2944
555 6212 1603 7578
7175 1807 8771 2013
1127 3126 2978 3660
5088 1035 6772 1584
2480 4980 3745 5679
8625 7772 9483 8561
1603 4110 1803 8038
1803 4110 2191 6304
4679 1035 5088 1477
1127 2944 2978 3126
1921 268 9770 309
1127 2160 7258 2404
1130 1584 1671 1604
1866 7336 3617 8038
5997 4620 7624 5906
8331 5245 8910 6099
9663 310 9770 2177
1671 1586 7532 1696
8338 6741 8918 7274
2528 1410 3210 1474
4586 7156 5776 8071
9596 2180 9766 4433
5437 2717 7502 3290
9512 8607 9596 9407
6273 3290 6958 3470
5968 5918 6372 7130
7502 2717 7890 3007
3438 9436 7223 9675
2913 2475 4980 2944
7660 5535 7803 6071
211 943 2451 1410
2480 4620 2836 4980
2191 5473 2480 6304
4980 3858 7182 4008
6273 3506 6744 3853
8079 4866 8163 6767
0 0 211 1410
53 5437 55 6924
3745 4620 4445 5679
2480 4506 7182 4620
7219 638 7705 1584
1803 6304 2104 7156
1179 9446 2817 9660
2489 6019 4226 6299
1015 638 2451 835
1013 4110 1603 6212
3438 8607 7616 9058
1803 7156 3617 7336
2817 8561 3438 9660
162 1584 345 7578
3438 8561 8178 8607
4445 4620 5968 5679
1578 9303 2817 9446
55 1410 162 8171
1179 9303 1578 9446
7705 564 8090 1801
8919 2099 9005 7321
7660 6463 8049 7348
2913 2404 5437 2475
162 7578 1603 8038
555 1697 7174 1807
3438 9058 7616 9394
4980 2475 5437 3858
0 8171 4582 8229
162 1477 5088 1584
9005 1807 9138 6511
1015 835 2451 943
8331 4866 8902 5232
8560 8607 9512 9394
2892 6304 5146 7156
707 9660 3438 10000
8450 7772 8599 8068
1921 564 7705 638
6377 5918 6654 7954
2191 4506 2480 5473
8123 2717 8903 4447
1015 0 1921 520
1127 2017 8527 2096
1015 520 1716 552
2451 638 3672 1410
555 1807 7175 2017
555 4110 1013 6212
2632 6304 2892 7156
8102 564 9126 1362
1127 3660 4980 4008
5146 5679 5968 7156
2191 4110 7182 4271
345 1584 555 7578
3438 9394 8217 9411
4586 8071 8625 8561
9483 310 9565 5342
5776 7156 6049 7963
7890 2717 8064 6463
7616 8607 8560 9394
5105 638 7219 1035
7182 3858 7660 4620
2104 6304 2632 7156
5751 2669 6854 2717
3672 638 5105 1035
2978 2944 4980 3660
7502 3007 7890 3290
2191 4271 3718 4506
1512 2404 2913 2944
5437 3290 6273 3858
0 9303 246 10000
3438 9675 9512 10000
555 4008 7182 4110
3617 7156 4586 8171
211 0 1015 943
6654 6624 7647 7922
9771 7811 9989 8077
6772 1035 7132 1264
9596 310 9663 2170
0 8229 2341 9303
246 9303 707 10000
3672 1035 4679 1410
2341 8561 2817 9303
8331 7348 9148 7772
2836 4620 3745 4980
1921 0 9771 268
