5001 3519 7437 3783
8404 2770 9492 4616
1517 8584 3095 8803
4444 4616 5224 5171
2548 1761 3496 2354
4339 5667 9492 6397
6929 464 7272 1761
925 327 944 8509
3496 1761 6681 2354
910 99 7112 322
253 99 480 5258
1496 1761 2548 6919
9492 2770 9581 6919
3143 9548 7428 9898
7437 2770 8404 4616
0 0 7272 99
7437 0 8075 2770
944 1439 6929 1761
2548 6862 9474 6914
6355 9050 9873 9302
40 99 209 6621
1619 9307 3124 9987
4264 2355 6551 2803
944 338 6937 464
4947 464 6900 848
1496 7994 7023 8579
7382 6919 9581 8824
480 8824 9986 9048
2812 3783 3567 6300
7272 0 7435 1602
3183 6397 8110 6832
1496 7499 5007 7520
8084 1089 9581 2770
480 99 910 8824
1496 7520 7382 7994
4572 5189 5983 5659
910 327 925 8637
1437 8111 1463 8512
8510 4616 9492 5667
1391 9096 3428 9307
9581 1089 9709 8733
1276 1761 1496 7684
944 848 6929 1439
2812 2354 4264 3783
2548 3892 2812 6397
5001 2803 6681 3519
5224 4616 6098 5189
4264 2803 5001 3783
8110 6397 9492 6862
0 9307 1463 9950
9717 0 10000 8824
8075 1300 8084 2320
6469 4616 8510 5667
2548 2354 2812 3892
6681 1829 7437 3519
8084 0 9717 1089
3567 3783 4204 6074
3004 6309 4339 6397
1496 6919 6519 7318
3143 9543 9720 9548
6098 4616 6469 5667
6681 1768 7254 1829
4339 3783 7437 4616
1990 738 4947 838
