5069 7985 5810 9360
5810 3688 8017 4171
813 328 968 6470
4191 3409 5765 4349
3996 2400 9050 2808
3032 2822 3314 8232
0 2962 439 6470
1225 1145 1226 3244
2584 1344 3918 1842
9050 2400 9366 8768
2291 8963 2634 9989
4030 2127 7327 2400
5056 6587 5810 7985
5810 3366 6424 3688
8538 481 9127 1014
2114 2822 3032 3885
9127 0 9687 1014
8671 6275 9050 8768
3314 2822 3659 8388
3996 7985 5069 8388
3996 5171 4184 7612
6424 2808 9050 3688
6075 4435 8017 5257
3996 2808 6424 3366
0 8232 3312 8388
8017 6275 8671 8768
9687 3000 9847 8042
1479 2048 2561 2687
6065 0 8538 1014
439 328 813 6470
0 0 1479 328
2584 1842 3659 2822
7421 2071 9202 2208
9366 2519 9386 6442
2119 5651 3010 8204
444 6470 1840 8232
2639 9866 5029 9996
5810 4171 8017 4435
3942 1344 3996 3501
5069 9360 9917 10000
3996 1927 6021 2094
968 328 1223 2704
7051 8768 8204 8849
1963 6226 2119 7768
1149 4230 1463 5981
13 410 379 2962
1226 328 1479 2822
9917 0 10000 10000
1226 2822 2114 3885
1829 5651 1906 6245
0 8963 1687 10000
7051 5257 7662 5416
4191 4349 4729 5802
5810 7044 7051 9360
1829 4230 2578 4792
8017 3688 9050 6275
7051 5416 7662 8768
7051 8989 9888 9360
2584 0 5303 1014
5303 0 6065 1014
1687 8963 2291 10000
0 6470 444 8209
9386 1344 9679 8177
2584 1014 9687 1344
4834 4349 5056 7895
7662 5257 7957 8166
6075 5257 7051 7044
3659 2371 3905 5019
5810 4435 6075 7044
8538 0 9127 481
2639 8963 5022 9859
3996 1344 9358 1926
968 3885 3032 4230
0 8388 5069 8963
1479 0 2584 2048
5056 4731 5787 6587
