289 9443 3958 9810
1028 5382 6507 5741
7806 6897 9690 8508
1103 9383 8505 9439
7900 5584 8614 6897
1812 1140 2512 1826
3022 8139 6481 8757
7806 3952 8614 5584
8772 0 10000 3952
9690 3952 10000 8508
6509 7114 6916 7269
6002 921 7750 1826
4792 7114 5214 7835
502 4412 6751 4515
5399 3324 6758 4412
1612 8486 2930 8754
8614 3952 8718 6897
2512 1140 6002 1826
9026 3952 9690 6897
502 4649 1028 5525
6758 3324 6916 6650
502 2253 8724 2402
127 5389 289 9695
502 7114 3977 7697
502 5525 1028 7114
3046 5741 5956 6117
502 7747 3973 8137
3977 7114 4792 7835
6948 3161 7139 4162
0 3138 295 4969
6481 7270 6911 9372
2525 2905 5399 3573
502 8139 3010 8424
3958 9443 10000 9810
2319 5741 3046 6636
1028 4649 6604 5363
5319 617 7139 921
6916 4246 7806 8508
6916 8841 10000 8929
502 921 1812 1826
3977 7835 6481 8139
0 0 5319 921
7139 617 8260 908
536 8432 1103 9443
391 921 502 9443
502 1826 8772 2253
7580 2425 8772 3952
3046 6117 5956 6650
1779 8424 3022 8476
296 6218 391 6323
1028 5741 2283 7114
502 7697 3875 7705
1103 8757 6481 9383
6161 2650 6442 3324
6916 8929 10000 9383
5956 5741 6518 6650
7806 5584 7900 6897
8718 3952 9026 6897
1812 921 6002 1140
7147 3974 7787 4246
6518 5382 6752 6570
2283 6650 6916 7114
6916 8508 10000 8841
502 4515 6758 4649
0 9810 10000 10000
7629 40 8033 617
3503 3595 3595 4331
7750 921 7911 1232
502 2408 5305 2894
5214 7114 6481 7835
