6606 9750 9483 9869
1495 5311 2499 6163
6200 7704 6423 8002
6419 2707 7423 3134
3273 4292 7241 4416
6632 6810 6884 8088
6011 509 7514 1241
870 4417 5805 4662
597 3810 655 7607
1388 8775 3560 9149
1065 7704 2033 8394
2522 2268 9899 2336
260 8064 438 10000
1996 4905 2672 5266
1171 3638 8020 3794
597 9828 1780 10000
597 7607 1065 9684
4691 7221 5680 7457
2233 6978 4436 7122
2483 8330 6703 8382
9423 8530 9473 9332
2138 4398 3158 4416
495 108 4529 380
6606 9588 9316 9750
925 4886 1951 5129
9244 6298 9818 6562
6486 6810 6632 7880
655 3810 3273 4398
4763 5311 8832 5446
9970 0 10000 6247
2421 6897 3932 6978
4763 5977 7238 6274
4217 1357 5847 1855
7238 7411 7521 8330
9354 1848 9580 1896
1499 9149 2710 9495
5772 509 6011 1218
5247 7814 6074 8087
3745 1241 5889 1280
1953 380 2154 1286
1228 5311 1494 6505
7521 8003 9234 8170
8832 5311 9203 7279
5292 8091 5389 8258
25 2127 9899 2268
1494 6274 1779 6545
4334 8394 7521 8775
2154 632 3758 1149
6884 6810 7238 8088
8320 3305 8666 4144
1216 380 1850 2127
1953 1286 2144 2077
0 2886 438 3978
2883 4905 7191 5206
2499 5730 2887 6274
7521 7411 8832 7602
3560 8775 9377 8802
8666 2910 9958 4019
1146 5129 1785 5305
8666 4019 9970 4144
1953 2080 9899 2127
4763 5822 8671 5977
1302 6978 2233 7607
9512 4144 9774 6298
7514 108 7666 1241
25 108 495 2127
8020 3305 8320 4292
9774 4568 9883 5377
4691 6749 7238 6810
2887 5730 4148 6274
7796 6450 8145 6629
2147 1286 5494 1343
3986 4823 7443 4832
495 380 1216 2127
3560 9033 4433 9149
1171 3305 4084 3638
2038 8091 5178 8328
25 2534 9970 2707
1780 9828 3401 10000
4044 632 4529 1058
4529 108 6950 509
2038 8330 2480 8394
6423 8088 6965 8322
3845 6405 7238 6749
7203 1600 7271 2031
438 3810 597 10000
870 4662 3614 4812
7521 7602 9244 8003
1388 9149 1499 9495
0 3978 260 10000
6950 362 7371 401
3401 9659 5327 9869
1850 914 1905 1542
5862 5446 8671 5822
1065 7607 4691 7704
7521 8530 8096 8772
1065 8775 1388 9684
9422 4144 9512 4413
1146 6545 3845 6749
25 2707 5043 2886
4084 3305 8020 3638
3520 380 4097 621
2522 2336 9899 2428
6156 1357 7169 1884
2710 9373 9423 9495
1996 4864 7365 4896
8320 4144 9421 4417
7459 1565 9354 2010
5327 9659 6606 9869
3736 1628 4217 1772
260 7802 428 8064
6831 9033 7212 9106
2205 380 2833 571
8660 9033 9251 9124
0 0 25 2851
4148 5730 4763 6274
3401 9869 10000 10000
2147 1909 5279 2046
3686 3794 6826 4292
2038 7704 5247 7980
870 4816 3825 4863
3273 3794 3686 4292
8671 5446 8767 7067
1388 9495 3401 9684
9316 9588 9483 9750
6826 3794 8020 4292
2883 5234 8195 5311
2499 5311 4763 5730
9614 34 9899 906
438 3010 1171 3794
870 5129 1146 7607
7709 4417 8383 5213
3401 9588 6606 9659
3460 9156 3873 9373
25 2268 2522 2534
789 4977 870 6690
1779 6405 3845 6545
7423 2707 7648 3134
7666 650 9165 986
25 10 7524 69
7238 5977 7739 6612
2038 7980 4408 8087
6315 4417 7194 4634
9899 34 9970 2424
8405 4733 9246 5171
7284 1345 9271 1565
9253 6584 9917 8525
4529 509 5772 1218
438 3794 3212 3810
1779 6288 6928 6405
438 2886 4935 3006
25 103 2562 108
2522 2428 9970 2534
1148 6749 1302 7314
3873 9149 9423 9373
5043 2707 6419 3010
7238 6958 8671 7411
1171 3010 6419 3134
9453 5322 9491 5731
4763 5446 5862 5822
7666 0 9465 33
8216 6467 8474 6958
7648 2707 7769 2848
7521 8170 9235 8530
3560 8802 9423 9033
1171 3134 7231 3299
3401 9522 9447 9588
4125 1218 5231 1241
597 9684 3401 9828
2212 1357 3711 1892
7648 2897 8633 3305
9483 8530 9967 9466
1065 8394 4334 8775
