2248 8278 9390 8599
8231 5415 8647 7576
5705 6481 6684 7085
1937 4552 6985 4813
4225 9422 4675 9845
1937 1976 2475 4549
5630 8861 8131 9227
9589 5157 9800 6808
3224 7963 8778 8278
565 2719 692 3753
4149 2747 5917 2799
2490 1976 3621 2461
5796 455 9922 579
1351 1976 1937 4148
1565 1461 7338 1976
5705 7085 6684 7963
692 9685 3637 9986
1416 4813 4470 5177
7338 1461 9172 1885
4411 7083 4466 7263
1266 8599 3559 9685
1149 183 1266 8645
133 0 7396 183
3768 5217 4411 7963
6684 6481 7522 7963
4225 8599 9390 8861
5705 4939 6959 6137
5630 9227 8285 9845
4186 2803 5913 3364
1565 455 5796 1451
1266 183 1565 1976
7015 3873 7101 6481
9401 582 9589 10000
3355 6141 3768 7963
1565 183 7396 455
265 3753 692 10000
8131 8861 9266 9183
692 8645 1266 9685
4225 9845 9401 10000
8285 9246 9078 9780
133 183 265 10000
2248 7118 3224 8278
0 0 133 10000
3621 3873 6892 4015
5705 6137 7015 6481
2351 1451 3833 1461
6588 2803 7036 3097
3621 2803 4184 3872
2661 2463 3621 4396
3559 8599 4225 9685
4675 8861 5630 9845
7609 3089 8187 7963
1371 5937 2248 6662
1266 6716 2226 8362
2248 5275 3332 6141
6435 582 6466 759
692 183 990 8645
9589 582 9981 4817
1266 5217 2057 5893
4869 2033 7680 2195
990 183 1149 8645
265 2125 565 3695
3224 6141 3355 7963
7396 0 9254 402
2248 6141 3224 6539
2493 2719 2661 3136
265 183 664 2125
9390 1976 9401 8795
7101 2195 7522 6481
4470 4813 5705 7963
4225 8936 4621 9422
8778 2195 9315 7844
3621 1976 4869 2747
2248 6539 3224 6643
2248 6643 3224 7118
4869 2195 7084 2737
7522 2195 7598 7489
