501 288 2190 672
930 6066 1733 9107
8643 9034 9610 9637
4174 2735 4391 4606
2168 6066 2313 9107
0 0 177 3444
3615 1545 8885 1866
3615 2155 7780 2173
996 5181 2313 6066
9345 4450 9630 7912
8632 3593 9620 4419
2252 2010 3615 2803
8643 8103 9630 8725
4570 4560 7913 4782
4174 2173 7780 2735
6609 6366 7934 6666
7410 6666 7910 8093
1634 1187 2252 2803
254 4678 1614 4781
501 0 2402 285
0 3444 177 4044
1945 2803 2859 3379
4174 4606 4391 4792
705 9132 2234 9994
2951 1406 6319 1545
4570 4356 7160 4457
6609 5219 7053 6362
7802 5113 7934 6358
8856 7912 9466 7950
4995 6541 5804 8855
2764 5859 2912 9657
6031 6666 7317 7804
1945 3379 2245 4792
2493 5181 2764 9933
7054 5113 7642 6366
7642 5113 7802 6352
996 5113 7054 5181
738 6066 930 9107
3914 5219 5993 5851
6035 726 7648 1061
4570 2735 6768 2772
581 726 4499 1058
2859 2803 3615 3379
254 9107 705 9975
0 4678 254 10000
254 4792 2218 5113
2912 8569 4046 9656
8632 4442 8856 7954
2415 0 7933 155
2252 1071 8846 1110
2764 5181 3914 5859
2951 1545 3615 2010
8643 8725 9630 9034
4111 6541 4995 8855
9757 1561 9902 7982
3615 2173 4174 3695
0 4044 1634 4678
4570 3593 8155 3810
8885 0 9509 1866
6066 5654 6518 5973
1159 1833 1589 2329
7780 2155 9509 2735
2470 236 6582 322
5488 4504 6605 4519
4111 9481 8643 9657
3615 1866 9509 2155
4570 3810 8155 4356
4570 3394 9630 3593
2415 322 8088 726
8449 3593 8631 7873
4111 9149 5804 9481
177 930 501 4044
1733 6066 2168 9107
8856 4442 9322 7883
2912 6541 4111 8360
7992 4560 8155 7302
2313 9933 9834 9999
4111 8855 5804 9087
2912 5859 5804 6541
2313 5181 2493 9933
8155 3593 8449 7954
2218 4792 7055 5096
695 1815 1159 4044
7934 7954 9630 8103
2245 3695 4174 4792
3352 1140 4842 1364
5804 8747 7717 8853
4570 2784 9630 3394
7667 1133 8731 1506
9630 0 10000 1561
4111 9087 5796 9149
1634 2803 1945 4792
9630 1561 9757 9657
6493 8103 7994 8329
4391 2735 4570 4792
2912 8360 4111 8569
695 1187 1634 1815
3914 5181 6014 5218
501 1097 2119 1187
5824 9657 7907 9743
190 36 501 930
254 5113 738 9107
501 1187 695 4044
9509 0 9630 2784
8088 0 8661 499
5804 6544 6028 7860
738 5113 996 6066
2252 1110 2951 2010
1159 2329 1634 4044
2245 3379 3615 3695
