939 7086 9697 7121
0 8170 8490 8187
0 3482 6319 3632
1940 7200 9295 7235
0 8759 7335 8798
0 8339 7436 8387
0 9712 5987 9734
6458 2741 9943 2810
0 8440 9857 8477
0 6498 10000 6509
0 6658 9172 6680
0 9734 10000 9800
0 442 10000 452
0 2480 10000 2514
0 4232 10000 4269
0 5110 10000 5167
0 4745 10000 4754
0 5190 2235 5197
0 4861 10000 4912
0 5956 10000 5975
0 3045 10000 3061
0 2230 10000 2285
0 2334 10000 2376
0 2376 10000 2401
2010 2575 6059 2607
0 1000 8392 1015
0 7351 10000 7458
4132 2740 6331 2783
0 1453 9231 1532
2327 1686 3776 1811
339 4458 5520 4509
0 7162 4719 7163
6009 8619 9431 8747
3626 8932 6181 9018
0 3061 10000 3138
0 2537 5253 2560
0 3733 10000 3793
0 4044 8037 4079
0 487 10000 520
0 4979 10000 5043
1006 4521 8335 4586
0 1287 5667 1292
0 421 10000 442
0 396 10000 403
0 5181 6545 5189
0 3384 8575 3459
0 8505 8594 8544
0 1813 7195 1887
0 848 9532 885
0 403 10000 421
0 4189 10000 4232
0 1542 7996 1574
0 4009 8550 4044
0 5830 2701 5956
0 9284 5356 9339
0 7235 10000 7265
0 6242 10000 6262
0 4765 10000 4790
0 7568 8668 7659
0 7719 5418 7776
0 354 9499 396
0 2962 5545 2988
0 9465 8345 9470
1902 9618 9136 9644
0 2810 10000 2885
0 6262 10000 6282
0 1038 3467 1075
0 2440 10000 2480
0 2401 10000 2440
0 7340 9927 7351
0 346 7325 354
0 5103 9326 5110
0 5167 10000 5181
0 7458 10000 7568
0 3877 7054 3955
1433 8236 9124 8274
0 6344 10000 6391
0 1378 10000 1424
0 4754 10000 4765
0 4682 10000 4717
0 2108 7615 2167
1545 975 5992 1000
0 6587 10000 6615
122 5975 8694 6043
0 1195 9995 1230
190 549 4529 571
0 3258 10000 3263
0 1367 10000 1378
0 3677 10000 3722
4446 8829 5495 8844
0 3138 10000 3258
0 6509 10000 6536
0 6852 6412 6981
0 9062 10000 9129
0 9347 9933 9386
0 9800 10000 9967
0 1600 7966 1662
0 8799 8530 8828
0 8046 8682 8093
0 8387 10000 8440
0 3836 10000 3877
0 5247 7074 5271
0 3793 10000 3836
0 5441 8656 5524
0 319 9972 346
734 7931 5997 8045
0 4327 8249 4454
13 1577 8015 1599
0 8211 10000 8236
0 6491 10000 6498
400 1424 9666 1444
0 4084 9389 4154
229 5273 9587 5359
0 3722 10000 3733
0 4269 4733 4299
1866 4177 8113 4189
0 4790 10000 4852
0 9129 10000 9209
0 9974 10000 10000
0 4635 9851 4682
0 577 9993 697
4521 8544 10000 8604
0 6045 4733 6133
0 7693 7989 7717
7612 8875 9965 8930
224 5545 2047 5585
4947 1976 9001 2078
0 25 759 94
0 2619 6460 2642
0 6282 10000 6310
1235 1445 5213 1453
0 3632 10000 3677
0 2885 9711 2924
0 4717 10000 4745
0 6993 4579 7026
0 5063 9615 5097
5200 6615 7362 6648
0 2285 10000 2334
0 6170 9641 6242
4206 2645 7232 2740
0 7265 10000 7340
4413 7662 5580 7681
0 5361 6117 5438
0 2514 10000 2537
0 8187 10000 8211
0 6402 10000 6425
0 6391 10000 6402
0 8604 10000 8619
0 9967 9511 9974
0 1292 10000 1367
0 3368 10000 3384
0 9018 10000 9062
3831 4602 5182 4616
0 520 10000 549
1444 7031 9346 7069
0 4616 9534 4635
0 3288 10000 3368
0 6310 10000 6344
0 5200 10000 5243
0 452 10000 487
0 6536 10000 6587
0 282 10000 319
5580 749 7266 848
3072 8559 4521 8604
249 5736 7736 5812
0 6425 10000 6452
0 9209 10000 9284
0 6683 9978 6846
0 2988 10000 3045
0 9386 10000 9465
0 94 10000 282
0 6452 10000 6491
0 9485 3542 9599
5606 9648 9483 9669
2153 8111 8001 8160
0 1897 7004 1976
0 2175 2507 2230
0 4912 10000 4979
2476 1176 3931 1195
1542 7780 9976 7903
3889 7903 9497 7927
0 3263 10000 3288
0 5043 4577 5046
0 4852 10000 4861
0 7121 10000 7162
