0 8055 10000 8083
0 2188 10000 2266
0 3958 6357 3964
0 3514 10000 3578
0 766 10000 856
927 2824 10000 2852
0 9257 9761 9288
0 4030 9013 4035
0 2978 9181 3022
0 243 10000 244
0 6885 10000 6903
0 1353 10000 1363
0 9394 6485 9561
5544 4404 8882 4527
0 4083 9489 4112
0 9793 4339 9794
0 8153 4253 8163
805 450 4414 480
4915 1655 5178 1726
0 8413 7369 8422
0 7593 9694 7772
0 2509 10000 2525
0 2852 10000 2939
0 6607 5177 6698
0 9668 8962 9692
0 4264 9543 4340
0 5326 10000 5358
0 723 7712 766
0 7524 10000 7566
0 1070 8451 1211
4168 8660 4614 8708
0 4799 10000 4841
0 3069 1231 3105
1471 6880 9697 6884
0 5575 10000 5626
0 5266 10000 5291
0 8321 9874 8363
2211 481 9643 531
0 6863 10000 6880
0 160 10000 243
0 4035 6901 4040
0 3578 9837 3645
0 9303 10000 9394
0 3306 7262 3416
0 1051 5513 1068
1750 9203 4959 9231
0 2939 10000 2952
0 4551 10000 4621
0 7426 1366 7524
0 5986 3972 6093
0 5394 10000 5425
0 7001 10000 7003
1662 4044 9947 4057
0 2098 10000 2188
0 717 4629 718
0 2599 10000 2676
0 244 10000 324
0 1960 10000 2016
0 7950 9466 7995
0 7865 5595 7934
0 6806 9155 6859
0 1761 4388 1781
5112 8490 9750 8616
0 5782 10000 5946
0 4621 10000 4666
0 6903 10000 6938
0 9060 9688 9067
0 1465 7754 1501
4583 5626 8479 5672
0 6859 10000 6863
0 3647 9637 3784
0 9850 10000 9963
0 5425 10000 5475
0 122 10000 160
0 2792 10000 2802
248 8308 9892 8320
3753 9067 4425 9173
0 8043 10000 8055
0 5358 10000 5394
4756 4892 8424 4979
0 856 6995 885
0 614 10000 717
0 5946 10000 5986
0 9711 5468 9757
0 6556 10000 6577
0 2275 10000 2351
0 2351 10000 2395
2120 6165 7932 6262
0 8083 10000 8125
0 549 6067 564
1202 5128 4372 5188
6699 9827 8668 9850
0 8229 9093 8303
0 5475 2118 5493
0 7056 10000 7116
0 3472 10000 3514
0 1841 6537 1960
2032 9963 3430 10000
0 2525 10000 2599
0 8715 8068 8734
0 1621 10000 1626
2268 6384 2569 6526
0 3997 10000 4030
977 6736 2750 6805
0 7116 7127 7194
0 3024 4603 3069
0 1260 3787 1310
45 4361 9073 4391
0 1641 10000 1655
1067 7290 6063 7342
9741 5479 9925 5490
0 5512 10000 5575
1937 5026 3573 5120
0 5000 1933 5001
0 6577 10000 6588
6919 6123 8390 6148
0 4391 2389 4551
2693 2745 9913 2763
0 7779 5800 7838
5296 6607 8611 6695
0 412 10000 450
465 6588 9302 6606
0 7044 3175 7056
1759 3105 6157 3229
0 1310 10000 1353
0 5493 10000 5512
0 7566 10000 7593
4485 933 8767 1021
0 5707 6871 5782
0 8125 10000 8153
0 6938 10000 6992
0 2676 10000 2745
0 6148 10000 6165
0 7997 6762 8028
0 8188 8730 8229
0 1565 10000 1621
0 3438 10000 3472
0 564 10000 614
0 2821 10000 2824
0 8737 9095 8774
0 3416 10000 3438
0 4351 5631 4358
0 324 6716 356
0 1363 10000 1396
0 6992 10000 7001
3879 9568 8650 9625
0 8028 10000 8043
0 9288 10000 9303
4704 4227 5836 4253
0 2439 10000 2509
1781 371 8108 412
2327 7003 3592 7037
0 2266 10000 2275
0 2016 10000 2098
0 5291 10000 5326
0 3964 10000 3997
1231 3069 10000 3105
0 2802 10000 2821
6704 2763 8959 2792
0 4344 4592 4345
0 9710 6524 9711
0 6555 10000 6556
0 3789 9927 3953
0 1396 9512 1457
0 1501 10000 1565
5548 4124 8456 4195
0 8 5199 122
0 1626 10000 1641
7350 9176 9087 9203
0 9011 6761 9060
2293 8377 4894 8413
0 4666 10000 4740
6340 7342 8659 7411
0 2395 10000 2439
0 4740 10000 4799
0 5197 6845 5266
0 2952 10000 2978
0 2824 927 2852
0 4841 10000 4892
0 6526 10000 6555
