9091 272 9332 2492
5078 8961 7111 9642
6702 5345 7820 6052
6941 1716 7111 2506
7729 9063 9158 9642
7194 9063 7729 9642
0 5345 2246 5901
2347 736 3711 781
8204 2594 8425 2667
7201 8797 7536 9061
3823 99 3932 2058
7820 5345 9489 5452
9489 5685 9558 6768
9613 4464 9880 6439
2807 6359 3246 8267
9158 8166 9443 9642
7203 1558 7619 3970
8195 4464 9106 5091
8557 9642 10000 10000
5586 272 5858 2503
7948 7109 8265 8060
6043 2506 6233 3240
2966 3293 3143 4866
5486 6382 7820 6435
93 9716 824 9904
1884 3682 2868 3969
2347 788 3059 1421
8304 3020 9856 4282
6043 1835 6790 2496
9681 7109 9986 9268
6279 1609 6477 1835
4558 99 4863 1484
833 1359 967 3061
2347 1425 2750 2077
8670 272 9085 1496
2681 6359 2807 8184
8558 8267 9158 9063
3666 4417 6838 4854
6432 5345 6702 5963
204 6121 497 6302
0 9904 2679 10000
1884 1451 1978 1631
5500 8166 9158 8267
4694 6435 5288 7671
4698 8961 5078 9509
108 729 267 1322
2679 9642 2981 9994
3925 9642 8557 9987
2966 5078 8195 5345
0 1322 307 3061
307 195 833 3061
2679 8267 3708 9642
296 7761 1266 9444
6838 4417 7013 5058
7820 5452 9489 6435
4753 7692 5296 8263
1884 2998 2868 3682
1266 7399 1811 9904
9061 2492 9109 2666
6876 6435 9489 6876
2076 7150 2246 8948
6534 8267 7111 8961
6656 6435 6876 6820
6233 2506 7203 3240
6043 3240 7203 3732
3978 2503 4554 2974
131 6616 2246 6812
497 5901 2246 6616
9106 4464 9613 5090
5839 8267 6534 8961
2325 2145 2674 2937
307 99 3823 195
3167 3293 3666 3938
6207 272 7210 1391
3369 6506 3796 6547
3666 3985 7632 4417
296 7150 1811 7399
9856 272 9893 4464
3708 8267 5839 8961
2868 4167 2954 4252
5296 6435 5500 8267
5116 3280 5784 3979
5221 284 5586 2112
1811 7150 2030 8842
0 3061 967 4842
3925 9987 8557 10000
2246 6859 2679 8986
0 0 5586 99
93 9444 1266 9716
833 736 2347 1359
7111 8267 7194 9642
8461 7109 9396 8027
3666 2998 5009 3944
7632 2667 8195 4417
4929 745 5221 1392
3246 7079 3869 8242
131 6812 2246 7150
3666 4854 6838 5078
3031 9642 3925 9988
8339 1010 8548 1047
1983 1359 2331 1986
6293 8098 9415 8166
5858 272 6207 1391
2679 6052 7820 6359
9601 272 9789 1363
967 1359 1884 3969
3978 343 4183 1212
9443 7109 9641 9476
5260 2298 5583 2375
5858 1391 6043 3985
2868 2998 3666 3293
2679 5345 6013 6051
3937 6359 4497 7550
5586 15 9849 272
6043 1391 8642 1558
824 9716 1150 9891
0 4842 2966 5345
1884 2997 4678 2998
2246 5345 2679 6859
3978 2112 5252 2484
190 7150 296 9189
8195 5091 9489 5345
9332 272 9601 2492
5500 6435 6279 7191
93 6616 131 9391
1811 8986 2679 9904
17 5901 93 9750
7210 272 8255 1367
4874 99 5570 284
7536 8267 8558 9063
833 195 3823 736
967 3969 2868 4842
5110 2756 5821 3280
296 7399 1266 7761
6043 3732 7203 3985
3075 788 3726 1966
3167 3938 3666 5078
8425 1558 9091 2492
9893 780 9994 7109
7406 6876 7759 7047
