3304 5340 4165 5656
7293 8000 7691 8580
6866 2198 6913 2616
6913 1131 7526 1783
7293 5260 7704 8000
191 1414 2257 2489
6251 6169 7293 7084
5753 6169 6251 8917
8921 2727 10000 2965
3322 2301 3579 4730
5269 9289 7704 9412
6913 4531 9169 4883
9169 7750 9820 8471
2800 8917 5148 9199
2334 5340 2800 9199
0 3517 191 9289
6012 2894 6899 3708
8832 4316 9459 4431
3579 1282 6012 2503
7546 145 8396 1524
6935 5 7062 459
6674 5260 7293 6169
191 6870 620 8887
6674 3711 6906 4794
622 5658 748 9246
6913 3857 8895 4313
8100 9421 8577 9992
239 3455 290 4722
8419 1740 8792 1831
290 5658 612 6824
6913 4507 9290 4531
191 423 2114 1414
9169 5040 9820 7750
6012 1282 6860 2894
5753 5421 6613 5649
2257 2984 3208 2996
5753 5649 6674 6169
3304 5656 3668 7062
2334 4730 3579 5340
8904 2965 9820 4316
8921 1250 9160 2727
8438 35 8921 1506
290 2489 2257 2763
9170 8471 9820 9995
4728 7306 5135 8328
8100 5260 8741 9272
6913 1130 7423 1131
4672 8351 5148 8888
4230 3713 6160 3789
8439 2965 8904 3849
4165 7306 4720 8335
7704 5260 8100 9412
8939 8102 8966 8329
2447 0 3564 579
1209 4730 2334 7790
1209 3076 2257 3455
4165 5340 4935 7306
6251 7084 7293 8917
0 18 178 3517
9160 1250 10000 2727
8745 4883 8950 7847
3668 5656 4165 8917
4935 5419 5753 7306
4935 3789 6043 5419
1209 9199 7290 9287
9169 4531 9820 5040
750 2763 1209 9289
8240 4883 8435 5223
1209 3455 3322 4730
6043 4525 6657 5397
5753 8917 7293 9199
0 9566 5269 9915
8921 84 9837 1250
838 156 1048 379
4230 3789 4935 5340
8966 4883 9169 8471
0 9326 5269 9566
6913 1831 8921 2965
8813 8471 9130 8971
2257 0 2445 1872
3579 3711 4230 5340
3304 7062 3661 8892
6043 3789 6513 4429
1209 7790 2334 9199
0 9915 5059 9987
3946 2724 6012 3711
9820 6998 9944 9982
0 9289 3565 9326
2800 5340 3304 8917
5148 7306 5753 9199
1209 2763 2257 3076
3579 2511 5336 2624
312 4675 750 4737
290 2763 750 4485
3579 2724 3934 3708
6674 4883 8240 5260
5269 9412 8100 10000
2447 597 3543 1860
3579 214 5976 1282
2257 1884 3566 2301
6913 2965 8403 3851
