9346 6625 9964 7121
4126 7961 4642 8234
726 2537 1535 3632
7836 7121 10000 7235
5139 8624 6894 8787
1007 8029 2004 8387
5139 9733 8066 9778
9475 1867 9730 2810
150 8387 2793 8525
5766 6338 7360 6615
5766 6615 6470 6891
1687 9212 2952 9756
9272 180 10000 523
7232 2401 9461 2810
8563 3741 9095 4341
8338 5154 8960 5811
5287 4695 7496 4752
226 5086 375 5191
8563 4655 9586 5154
8960 5513 9586 6268
1535 2988 2020 3260
2076 1588 3166 2277
604 2284 2497 2537
6957 2015 7698 2401
6058 2222 6424 2576
5369 796 5960 1009
6470 7121 7836 7961
6058 2576 6517 2782
5213 1449 9730 1598
3729 1449 4073 1976
5287 4322 6700 4509
1352 7162 1473 7201
9124 8067 9687 8845
6131 9017 6496 9619
5251 2942 7287 3258
2408 2537 2717 2928
5287 3741 6267 4320
3155 3760 4142 4045
375 347 2620 523
4300 4754 6868 5109
7496 4320 8338 4754
1603 1277 3492 1292
5341 180 6202 449
8971 180 9272 427
3537 5135 4651 5182
2136 3376 3886 3741
5139 8234 5823 8613
3166 1571 3729 2284
8915 523 9704 970
7064 180 8971 449
2402 4106 3155 4688
1220 1456 3445 1571
7494 3753 8544 4038
150 5290 661 5956
3562 8646 4023 9285
150 6891 561 7671
150 5956 1150 6891
2285 4754 4300 5043
918 7271 2920 7665
1596 7673 5187 7759
3932 180 5341 449
1535 2593 1900 2988
150 9212 228 9747
9124 9469 10000 9668
5120 2810 9730 2942
1150 6242 8960 6268
606 1074 1675 1194
2497 2284 4757 2537
5120 1976 6058 2810
651 7004 918 7413
2007 194 2390 347
604 5109 1045 5257
8960 5154 9586 5513
7836 7235 10000 7552
6267 3741 7234 4310
8332 8234 9124 8603
7360 6338 9110 6615
4529 791 5140 1449
1035 4754 2285 5043
1035 4106 2402 4688
3729 1976 4757 2284
5960 791 6470 1009
2451 6498 5255 6601
7736 5811 8960 6242
639 1221 1023 2132
3480 523 4529 614
1535 3260 2020 3741
7476 1009 7777 1378
9095 2942 9537 4333
5139 8802 5701 8830
2136 2942 3637 3258
5255 6338 5766 6891
561 6891 6470 7004
5139 8830 6009 9663
975 9212 1687 9756
0 9756 4126 9962
1220 1571 1981 2220
6131 8787 7326 8994
5793 7961 7836 8111
2952 8387 3562 9756
726 3632 1535 4106
5582 5109 6368 5325
4271 3741 5287 4269
1679 5362 6007 5528
6202 180 7064 449
3562 7759 6470 7961
3155 4045 4271 4688
5213 1598 9214 1642
8151 7903 9124 8234
2645 6339 5077 6498
7476 1378 9730 1449
1535 3741 3155 4106
9586 2942 9917 5359
4212 3716 9035 3741
4271 4269 4732 4577
7794 4038 8113 4273
387 523 604 5073
4126 8604 4784 9976
0 9976 10000 10000
726 4106 1035 5109
7777 523 8915 1378
5823 8248 8269 8604
2933 5956 4647 6199
7836 7552 8151 8111
9810 8161 9991 8876
1679 5583 3502 5623
8074 1976 9137 2365
351 0 558 253
2020 2537 2136 3741
1150 6268 9586 6338
5135 1449 5213 1857
4212 3258 7287 3716
604 2537 726 5109
1035 4688 4991 4754
918 7004 1873 7162
8338 4038 8563 5154
7221 6615 7362 7121
9730 523 9917 2942
5309 5956 7736 6242
6529 2401 7232 2810
3888 7271 6407 7652
5579 7671 5968 7728
1679 5228 5194 5362
4757 1976 5120 2942
4642 7961 5793 8234
1931 6338 2394 6890
0 0 150 9756
7568 8613 9124 9663
0 9962 4126 9976
5140 1009 7476 1449
3886 3376 4212 3741
4784 8604 5139 9972
4991 4518 5184 4616
4529 523 7777 791
8662 6627 9346 7066
8563 4341 9095 4655
7287 2942 9095 3716
1150 6338 1931 6891
1054 5109 1679 5797
2620 449 9272 523
9110 6338 9586 6615
2620 180 3932 449
6656 791 7499 989
4332 8259 4521 8604
3359 5811 7736 5941
9917 1535 9984 6447
150 8539 2774 9212
2451 6601 5255 6891
3637 2942 5251 3258
9124 8876 10000 9469
558 0 10000 180
9586 5359 9917 6615
233 9212 975 9756
5606 9668 9483 9689
5793 8111 8142 8233
4073 1449 5123 1976
1043 1451 1220 2230
7000 4754 8338 5583
3836 1074 3931 1365
8151 7552 10000 7903
9124 7903 9960 8064
2136 3258 4212 3376
1035 5043 1632 5066
6875 4754 7000 5532
1873 7004 6470 7271
