6175 8055 9704 8152
5272 1626 6938 2223
4253 3963 5140 4006
4459 2933 5574 3578
4320 564 5668 1338
9637 2543 9912 4100
5753 9287 6351 9793
3123 4031 4792 4058
7290 2933 8959 3103
5238 113 5338 244
2952 6412 4379 6888
6021 1233 6872 1362
29 9063 1759 9689
5836 4457 9069 4584
7500 3963 9569 4096
0 9793 4339 9794
2714 8153 3313 8224
3852 450 4763 564
5107 1624 5178 1887
1285 8413 2114 8493
3560 7342 6414 7950
8938 2395 9912 2543
1117 857 1662 2933
1786 6648 2749 6888
3884 9375 4569 9689
5836 4233 9072 4457
619 5266 2194 5489
1473 621 3760 766
62 7556 2092 8279
5668 564 6021 1362
4613 8707 4836 8803
1444 4799 2359 5266
940 3103 1158 5219
4666 6882 9946 6888
8933 4799 9285 6587
2749 5266 3572 5561
5865 8271 6590 8843
8766 244 9695 644
392 6560 947 7556
5338 0 10000 244
4857 4031 5192 4134
4459 3578 6198 3957
1759 9063 3664 9699
1191 3109 3793 3416
4171 564 4320 1193
4894 8507 5022 9209
7050 2933 7246 3619
5955 4589 9631 4791
121 7056 392 7550
62 5489 912 5989
4372 4995 6536 5439
947 6938 2109 7556
9946 244 9959 8529
97 718 690 2824
20 708 483 718
6836 2543 9637 2725
20 0 2068 564
1980 1930 5211 2152
6633 7317 7265 7991
2109 7004 2443 8153
23 5489 62 8413
1869 857 1949 1954
9187 8153 9750 9191
5464 5782 7317 6882
2537 4664 5836 4799
947 6888 9750 6938
5027 8896 5205 9277
1949 1397 3272 1608
8390 4995 8482 6882
8482 6589 9946 6882
1444 3416 4459 3682
0 9794 8381 9963
8482 4799 8930 6369
2635 0 3852 351
3702 2275 4746 2933
9750 8308 9917 9001
4266 8725 4425 9173
7265 7567 8069 8055
2194 5266 2749 6080
4756 4892 8424 4979
1117 787 4015 857
6971 244 8077 1362
9699 4589 9916 6515
1358 9711 4757 9785
62 6053 931 6560
8131 1872 8938 2543
8938 1872 9912 2395
7931 5493 8341 6868
2443 8055 6175 8153
5633 248 5921 564
4055 4995 4372 5595
8667 9597 8846 9850
6591 8271 8269 8672
1786 5489 1999 5692
8069 6938 8632 8055
8060 3472 9595 3789
690 718 1117 1997
2032 9963 3430 10000
1662 2550 3702 2933
6591 8733 6950 9160
1949 1624 4954 1857
2072 6440 2569 6526
5908 3963 7391 4194
2749 6283 2952 6886
2443 7004 6786 7132
23 2924 1117 3103
0 0 20 9468
9072 4100 9627 4588
9709 244 9911 1866
3565 7238 6063 7342
9924 5398 9946 5490
2749 5561 4050 6267
3572 4995 3981 5371
702 3103 703 5036
1786 6526 2749 6648
8363 5493 8390 6855
1193 3416 1444 5216
9912 244 9946 4066
3088 7158 3560 7883
5122 5755 5464 6608
6021 244 6971 1210
9301 6117 9638 6589
62 6929 362 7056
5574 2933 6305 3578
4136 1338 5668 1624
4398 5493 4666 6256
7462 6956 7962 7567
8766 915 9674 1330
5464 5518 7416 5782
9750 6888 9946 8308
8746 6938 9690 7709
8959 2725 9637 3472
1786 6080 2720 6335
4790 7991 7265 8055
4894 8153 8584 8250
5668 1362 7523 1624
6305 2933 7017 3896
8077 593 8766 1362
4746 2543 6836 2933
5104 8287 5795 8774
23 3103 161 5346
3123 4357 5000 4378
4763 244 5556 515
3286 857 4136 1624
4381 6955 6392 7001
8403 8468 8650 9569
2443 7991 4790 8055
3694 9173 4557 9355
5553 4252 5836 4356
1662 2275 3702 2550
8077 244 8766 593
2810 6949 3592 7004
1949 2241 4660 2275
7523 1362 8131 2543
6640 4995 8040 5467
2537 3682 3123 4664
7348 3103 8815 3392
6836 2725 7981 2921
8640 2725 8959 2930
21 2924 23 5220
23 9710 4613 9711
947 5489 1786 6888
3123 3682 4459 3963
2168 878 3286 1397
8131 1362 9709 1872
7500 4100 9064 4232
3852 0 4763 450
6953 1624 7523 2543
8844 9010 9087 9203
23 8790 1250 9060
3517 8345 4894 8413
1444 3682 2026 4799
8632 6938 8746 8055
4746 2223 6953 2543
2026 3682 2537 4799
2359 4892 3572 5266
1117 2933 4386 3086
690 1997 1117 2924
2359 4799 8215 4892
7317 5782 7931 6882
