323 4910 1356 5157
9049 6907 9526 8647
4414 7233 4682 9598
2633 4210 3457 5357
2692 8360 4414 8811
5936 4248 7464 4324
5936 2429 6494 4213
6479 6770 6904 7041
7986 1768 8397 2663
2690 5357 3416 5950
3464 3611 3682 5549
6697 1053 7611 2776
9505 807 9524 5920
5639 4324 6479 5541
1890 9481 2474 9512
3361 6182 5035 7233
2690 7304 4017 7371
7445 5112 8308 6640
7445 8614 8246 9109
8308 6465 8992 7848
1890 9526 3381 9953
9049 8649 9340 9222
202 3574 1506 4847
1795 8029 1890 9197
5035 6445 5351 6859
7011 4324 7445 6714
6479 7041 7445 9217
3927 8811 4097 9353
4393 0 5639 408
202 2558 3426 3116
9049 6788 9414 6827
5528 9874 6297 9921
2637 4034 3426 4210
5505 5541 6479 7233
999 639 1777 1106
7587 8027 7646 8292
5507 8295 5633 9874
6479 9221 8256 9388
202 5195 1365 5253
7445 8292 7646 8601
8308 9450 9049 9874
2690 6182 3361 7233
256 9202 1890 9827
202 5253 1593 5796
1075 9827 1388 9842
2219 789 3534 1927
1593 3143 1882 5665
5505 408 5639 5541
8308 7848 9049 9450
7077 6714 7279 7027
5936 1444 6494 2429
6479 4324 6695 6714
6494 1444 6685 3957
8418 2606 8960 3371
5639 1444 5936 4324
4703 7233 5507 8177
2219 639 3848 789
7236 0 9051 895
5901 7233 6479 9424
202 0 4393 639
4415 408 4613 4813
256 6922 1890 8029
5639 0 7057 864
9128 907 9390 1667
9051 0 9505 907
6482 9434 8240 9858
5451 408 5505 6901
9526 8442 9590 9083
4703 8177 4895 9586
9802 2002 9991 5140
1777 646 2205 2558
1890 3143 2149 9481
4613 408 5426 3501
3682 4426 4393 5564
2149 7389 2633 9481
4101 651 4347 3494
202 639 925 2304
999 1106 1676 2394
9088 1768 9441 4833
7646 6640 8308 8614
7615 1768 7983 2770
5639 907 6697 1444
0 0 202 5796
6297 9874 9049 9955
7445 4324 8308 5112
3457 5564 5435 6017
3848 639 4101 4426
3682 789 3848 4426
2633 5357 2690 9481
750 9955 9969 10000
0 6922 256 10000
0 5796 1890 6922
6695 4324 7011 6714
2149 3143 2633 4965
2690 6018 5035 6182
2742 6017 3066 6018
256 8029 1795 9202
6697 2776 7864 4177
2219 1973 3626 2554
2149 4965 2633 7389
