75 8598 142 8959
4159 6134 7182 6191
495 7294 5648 7465
6371 6192 7906 7010
23 0 75 9970
1288 7947 2172 8205
6917 188 7275 526
9623 3593 9737 8415
742 7027 1498 7252
7676 526 9415 704
5060 8205 5425 8786
75 1414 495 3622
725 86 1548 1414
1444 1414 1935 2245
6212 677 6823 1770
4812 4627 6153 6071
3227 9034 5200 9219
7768 3593 9623 3779
152 4060 233 8487
2599 2570 3145 5071
2339 6279 4641 6527
3523 494 4110 803
3209 2570 3511 3058
7236 4479 8155 4842
7108 860 8732 1032
2968 7066 8053 7252
496 3014 735 6110
5764 387 6848 502
8053 6071 8155 9556
8651 7880 9250 8680
3152 4411 3656 6191
4668 3898 5615 4348
8241 2744 9105 3593
4159 4627 4805 6067
1288 8205 4790 8726
2172 7947 5425 8205
7236 4842 8155 5965
4173 3779 8242 3844
8455 3863 8490 6798
1260 2376 5810 2570
6198 677 6212 1750
3227 9219 5887 9562
495 7465 1288 8769
9353 5537 9546 8471
233 8769 3675 8962
7221 2225 7768 2543
4790 8205 5048 8781
3768 7540 4424 7896
5887 9219 6595 9970
4075 2570 5471 3133
8599 5862 9352 6451
986 3677 1260 6191
8298 8873 9733 9556
5810 1770 6823 3212
4295 437 4313 1468
82 3622 149 8482
233 9033 7077 9034
9750 3593 9831 9234
735 2258 986 6191
6823 742 7048 3348
149 3622 495 4060
3227 9562 5466 9677
3282 2258 4343 2326
1507 4167 2599 6191
9105 2744 9725 3593
5425 7947 6644 8811
8599 3943 8850 4357
3229 86 3271 387
742 7252 6644 7294
495 2806 733 3014
1288 7465 3768 7947
1288 8726 4689 8768
23 9970 10000 10000
1942 1414 2782 2255
5686 3883 8214 4479
6644 7795 7424 8811
1260 2736 1891 4167
4641 6279 6169 6947
2339 6527 4641 7027
5648 7294 6644 7465
75 9034 1649 9970
9725 2744 9881 3337
9915 526 9975 5759
4962 188 6917 387
2808 423 3408 2258
1498 7027 2968 7252
4863 7465 6644 7947
6765 5965 8155 6026
0 0 23 10000
3511 2570 4075 4411
4486 902 4521 1828
4670 898 4962 1770
75 17 4682 86
1260 4167 1507 6191
233 4060 495 8769
6644 7252 7571 7795
495 1414 1444 2258
6393 4479 7236 5965
742 6191 1868 7027
4559 1838 5599 2376
3150 3376 3509 4395
3408 803 4295 2258
8298 3863 8380 6267
8053 9556 10000 9970
7571 7252 8046 7756
1649 9659 2453 9970
75 86 725 1414
2339 6191 6084 6279
7424 7795 8053 9033
7768 1032 8241 3593
2968 7027 7952 7066
1868 6191 2339 7027
8155 4479 8298 9556
7108 2806 7710 3687
986 3529 1239 3677
8241 1032 9915 2744
1548 180 2245 423
4075 3315 4165 3977
4173 3212 6823 3779
3697 5676 4159 5807
2629 5175 2713 5792
986 2258 1255 3170
4962 526 6647 612
6153 4627 6369 5763
5816 4479 6393 4616
3656 4411 5671 4626
6110 8811 7419 9029
4661 7465 4863 7788
1649 9034 3223 9657
2496 9657 3227 9957
495 6191 742 7294
1548 423 2808 1414
6595 9034 8053 9970
4790 8811 5905 9021
1903 3216 2595 4065
4962 1 9949 188
8921 3779 9620 5527
