3720 5391 3976 6427
6985 7603 7565 8001
6580 2578 7097 2616
7113 584 7520 1566
7310 4985 7782 6758
535 1414 2534 2798
5196 6427 7310 6758
5196 6758 8965 7093
9623 2727 9775 4470
3473 2166 5866 2432
6180 9289 7494 9518
6580 4619 8338 4985
9321 7754 9994 8472
1149 8943 4079 9173
1055 4655 2800 5705
0 205 110 10000
5636 2432 6013 4127
9286 4064 9571 4317
3473 1338 7113 2131
7546 0 8199 1795
6175 394 7062 459
6560 5703 7310 6427
110 6870 528 8940
6580 4368 7581 4619
532 5762 683 8756
6623 3773 8338 4300
7724 9289 8101 10000
269 3094 290 6171
8481 1458 8572 1831
295 4655 507 6426
7716 4356 8042 4531
110 500 2195 1414
8338 4317 9623 5373
6013 2131 6580 3883
5881 5391 6526 5695
2924 2833 2994 2996
5881 5703 6560 6427
3000 5762 3720 6427
2800 4655 3473 5762
6580 3182 9286 3773
8998 21 9286 1340
8920 1340 9286 3182
110 1414 525 2763
9039 8516 9785 9844
4488 7325 4931 8264
8101 7534 8965 10000
7112 776 7113 1286
5111 6427 5196 9326
3720 3692 4242 3973
8338 3773 9207 4246
4145 7325 4488 8990
7782 5373 10000 6191
8965 7876 8992 8103
2258 0 5508 199
711 5762 2319 8080
1422 2801 2844 3094
3000 6427 5005 7284
6180 8001 8101 9289
110 2798 267 6765
9286 0 10000 2727
7782 6191 8901 6734
3976 5391 5881 6427
5196 7093 8965 7534
4590 4127 6013 5391
4521 8370 5111 9277
9787 3183 9986 4884
813 3094 2994 4655
8046 4985 8241 5325
2994 776 3473 4655
6013 4400 6576 5351
5196 9083 6180 9546
110 9546 4511 9915
8200 0 8997 1340
838 205 1048 428
3720 4127 4590 5391
9064 6191 9751 7540
110 9326 5196 9546
7113 1831 8920 2614
9064 7838 9314 8472
376 0 2258 187
3473 2432 3720 5762
3000 7325 3668 8303
6013 3883 6580 4400
684 8308 3459 8897
110 9915 4395 10000
4242 2703 5636 4127
9785 8472 10000 10000
1390 9225 2696 9326
2319 5762 3000 8308
5196 7534 6180 9083
268 2798 1422 3094
4435 2432 5302 2661
532 4655 751 4779
295 3094 809 4635
3720 2432 4212 3142
6580 4985 7310 5703
4511 9546 7724 10000
2534 465 6985 776
3473 776 4442 1338
2534 1049 2970 2301
7113 2614 8920 3182
