2992 4739 4307 5276
2176 2569 2594 2963
2071 5325 2248 5613
781 3830 9333 3842
4940 6400 6614 6727
6635 132 6996 1334
5545 9496 8527 9637
5548 7221 6686 9244
5259 3193 5830 3498
8537 5684 9581 6250
151 1543 1652 2388
3361 1846 3923 3498
0 0 151 6668
358 9496 3693 9861
7857 407 7999 691
151 492 5603 687
4603 2722 5771 2823
5531 788 5675 1951
2693 5277 3719 5400
4884 3899 5860 4861
7095 6342 8321 6863
6619 1672 6955 2305
5945 236 6612 688
5533 6870 8001 7176
0 8209 1106 8546
9584 5743 9966 6264
6997 3070 7358 3141
6996 691 7991 1672
1897 4739 2992 5227
7702 3141 8016 3271
4040 9256 8381 9381
9974 132 9980 9151
1812 6288 2479 7811
2705 6288 2790 7046
8664 7706 9229 8803
5861 1803 6373 2151
9742 3339 9852 5529
7225 4614 7398 5037
3521 3783 4353 3830
2705 7102 4853 7156
4307 6071 7095 6400
3499 8747 3764 9408
6686 7221 8359 7537
9799 7670 9972 9673
4307 4066 4741 5068
5947 3899 6252 4174
6686 7604 7900 8724
8381 5684 8537 9381
865 8714 3299 8922
3114 5429 4118 5801
1383 4342 1646 8107
1728 3842 7566 3899
2555 1543 4293 1840
151 132 2483 488
8984 427 9090 1224
6466 3899 7566 4614
8664 7388 9245 7545
3684 7156 4040 8712
2253 5801 4307 6288
2617 2573 2772 2852
1052 4342 1363 5608
5861 3141 7493 3674
8603 1829 9938 2453
5861 4199 6466 5550
3374 7156 3684 7685
6466 4614 7086 5267
151 693 5023 788
6095 5550 7095 6071
219 840 2621 1543
4940 8734 5526 9255
151 2413 678 3383
1728 5832 1797 7339
2176 3674 9333 3781
2744 7612 3235 7839
7398 5244 9333 5492
9333 3049 9742 5492
4640 2838 5259 3089
2621 788 4330 1087
4763 3899 4884 5054
8589 268 8887 427
8305 9662 9528 9975
4307 5068 5861 5550
177 4342 493 5691
952 9018 2840 9375
8004 427 8871 1664
0 6668 488 8009
8537 6264 9974 6350
2253 5276 2693 5801
7566 3842 8552 4614
4040 7156 4348 9143
8537 8942 9755 9608
0 8022 1067 8209
9853 3049 9974 5660
6955 1672 9938 1829
151 51 5976 132
7398 5492 9742 5684
7095 5684 8381 6342
358 9422 3098 9496
9045 8834 9224 8857
4040 9381 8319 9495
175 5763 449 6665
4353 3781 9166 3828
905 3842 1728 4342
1842 5613 2253 6273
9397 7722 9741 8942
2555 1846 3006 2569
9938 1672 9974 3049
81 9018 254 9825
2176 1543 2555 2569
8504 1829 8603 2260
3161 8100 3604 8161
9092 219 9846 1672
5301 6870 5462 8579
1728 3899 4307 4739
5861 2158 6587 3047
8537 6350 9966 7262
6955 1870 8067 2331
515 4342 1046 6125
7904 7599 8367 8654
268 9018 358 9921
848 3450 1679 3773
8537 7649 8660 8803
2693 5428 2934 5800
1679 1543 2176 3830
6612 2420 8281 2654
151 3842 905 4342
709 2413 1631 3441
6492 9637 7801 9908
8603 2453 9938 3049
8552 3842 9333 5244
4125 5276 4306 5799
1543 8369 2486 8582
4940 6870 5299 8715
4603 788 5531 2722
2621 1249 4225 1494
2176 3498 5861 3674
4426 6400 4940 7085
166 3450 781 3794
2895 2569 3361 3453
9742 3049 9843 3333
5396 5550 5958 5690
6686 8724 8381 9256
1069 5778 1383 6529
491 6691 1043 8022
6615 2668 8488 3018
4307 5550 5396 6071
7398 4614 8552 5244
254 9975 10000 10000
8016 3049 9333 3674
5396 5790 6042 6063
1067 6668 1333 8015
3927 1846 4603 3498
