6310 5271 7625 6506
2958 3048 3595 5460
336 258 916 851
2190 2383 2870 5597
7940 3883 7975 4268
3599 3862 3750 5588
2246 2329 4366 2383
48 1587 161 3570
2198 8669 3237 8677
905 5892 1462 10000
161 4626 689 10000
8330 2485 9738 3867
6347 278 7721 993
2190 5597 5508 7055
3750 3862 6556 5271
3196 7423 8846 8152
6846 993 7699 2485
8288 258 9465 920
1045 1623 1272 5881
1950 1897 3401 2211
3196 8179 5522 8448
161 855 581 1623
8184 8154 9615 9572
1950 855 5107 1623
9619 3883 9774 7451
4102 3048 5182 3782
6296 993 6846 2485
6381 6506 7625 7309
7699 993 8873 2485
9022 4319 9618 8150
2190 7090 2943 8160
161 1623 689 4626
689 6214 904 9821
3196 7375 8834 7423
3519 9083 5218 9669
3884 1623 5107 1690
6651 0 9442 234
3269 7090 5512 7302
7625 2485 8330 3883
2870 2383 4366 3048
905 1623 1045 5892
8873 993 9781 2485
5966 8180 6449 8433
5589 9022 6734 9665
581 855 1499 1623
9652 7598 9983 9633
1825 1002 1935 2325
2190 9734 3237 9985
5107 258 6296 1897
6937 8154 8100 8703
161 0 6651 258
1499 855 1802 2268
7814 258 8200 547
6556 3862 7625 5271
3237 8448 6896 9021
6937 8746 8178 9599
5512 5271 6310 7375
7638 9647 9617 9863
3750 5271 5474 5579
1499 2325 2190 10000
7625 3883 7932 7375
5182 3048 7625 3862
7932 4387 8785 7341
4366 2485 7625 3048
916 258 5107 855
4366 1897 6252 2453
695 1623 905 5602
1462 3297 1498 3985
9781 993 9878 2944
