7788 6977 8305 9288
6025 8077 6474 9966
3873 1307 5314 1484
1227 4954 1914 5449
5198 8077 5985 9286
2103 6108 6914 6403
7889 2783 8016 3087
9858 5307 10000 10000
21 2650 234 5072
2103 6403 6725 6726
9092 6091 9393 6862
234 2939 1915 3165
1549 5 2780 1480
3695 1484 5449 1816
3888 7903 4352 8433
3947 5478 8099 6091
6890 7953 7120 8680
7998 6821 8828 6963
9098 70 9745 391
3966 4748 6788 5413
7509 791 7857 1852
6698 791 7509 2280
8024 1794 8554 1824
2103 5478 3947 6091
7008 4918 8892 5455
725 1596 3695 2650
234 2650 3686 2939
5855 7201 6479 8077
1836 6856 4922 7603
8020 2697 9858 3499
5679 107 5986 393
27 6038 1056 8366
1149 6756 1291 9958
0 8450 979 9627
6015 103 8432 791
8640 1263 9858 2697
1836 7903 3545 8039
1991 2954 3468 3389
5474 1204 5830 3131
2103 5455 8099 5478
9858 0 10000 4250
2228 8734 2299 9411
4522 3499 5340 4733
2466 3499 4520 4748
5855 6798 6412 7201
1224 3167 1927 4942
5340 3499 7008 4748
8640 0 9098 1263
3695 1827 5474 3410
7998 6091 9036 6812
1836 8444 2228 9911
4353 7903 5172 9350
8099 5455 9858 6091
2228 9411 4928 9924
6034 791 6363 3097
1928 3499 2451 4703
0 5455 2103 6038
9121 7233 9761 9635
1928 4748 3777 5342
9858 4250 10000 5307
8892 3499 9858 5455
7889 791 8580 1080
363 1497 2418 1596
6479 6726 6725 10000
8651 7042 9648 7233
1928 3410 7396 3499
6725 6637 7516 7953
8305 8634 9096 9351
3873 0 5679 1204
7903 1101 8640 1776
286 3167 1224 4952
5198 6726 5855 8077
7120 9463 9121 9635
1291 6726 5198 6856
6363 2280 7426 3410
1291 6038 2103 6726
3224 9925 3773 9995
2824 0 3873 1466
6400 791 6698 2128
6725 9635 9761 10000
7120 7953 7667 9463
8352 7233 9121 8270
7667 6091 7932 6896
0 0 859 1455
7008 3499 8892 4918
1291 6856 1836 9925
0 1596 646 2554
7426 2280 7889 3499
1836 8044 3887 8425
9761 6091 9858 10000
872 421 1549 1079
