5213 8385 5985 9863
8231 5158 8517 8301
6258 6244 7101 6951
4470 3882 5720 4905
4352 9625 5206 9853
1760 3882 2403 6035
5985 8385 7537 9051
7939 4947 9590 5158
5720 7963 8231 8385
446 3499 963 3753
5576 2738 6928 2806
2602 2400 4225 2738
5386 513 6465 978
1743 2400 2602 3882
1486 978 3272 2400
5720 6244 6258 7951
133 9669 4091 9863
3111 4173 4470 4991
7101 591 7843 1639
4411 7083 4466 7263
1378 8087 3445 9243
1003 978 1169 6995
4232 170 9819 422
3267 6513 4352 7339
6258 6951 7538 7963
4091 7339 4352 9863
5720 4477 6625 6137
5985 9051 8231 9863
5576 2817 6490 3877
0 424 10000 513
1225 978 1486 3095
6987 2565 7101 4535
9449 5158 9974 8563
3245 7339 4091 8087
0 8 4102 424
133 9243 4091 9669
7568 8403 8132 9051
991 7744 1378 9243
0 9863 9391 9963
8231 8329 8512 9836
133 1735 446 7065
991 7339 3245 7744
0 1735 133 9863
4441 3468 5563 3882
6748 4057 6961 6244
3795 1064 3833 1454
6588 2817 6980 3153
2970 3464 4438 3874
2970 2738 5569 3452
3445 8087 4091 9243
4470 8385 5213 9625
7538 5158 8231 7963
1486 6141 2570 6640
1169 6640 2776 7339
2403 3882 2776 6141
6465 563 6642 594
0 513 5386 978
9426 513 9965 3593
1539 2872 1716 5893
5113 1709 6050 2195
230 7065 991 8866
446 1735 953 2664
2483 7744 3230 8069
4232 0 9806 134
2776 6263 4382 6513
2602 2884 2880 3136
0 978 991 1735
8247 3786 9401 3851
7101 1639 7538 5882
4470 4905 5720 8385
4352 6513 4411 9625
8518 5158 9325 8917
3272 1454 4249 2400
2570 6141 2776 6638
2776 6513 3267 7339
4249 1454 5113 2738
7132 5882 7523 6911
