3701 4570 4225 5768
7573 5294 8328 5578
3652 1765 6366 2400
1105 6882 2599 6993
5838 7254 7341 7726
72 5776 4222 6207
7481 8088 7499 8695
4179 9729 5990 9740
3000 4570 3701 4770
6160 2400 6263 3073
3730 9885 9873 9896
72 3948 1279 5105
2048 9302 2598 9512
0 3059 1279 3948
2590 213 6107 222
72 6250 2588 6414
1894 7254 2758 8945
2389 887 6949 1085
2599 6550 4062 7248
3477 3830 4225 4570
9250 5642 9689 5904
3407 8005 3854 8632
6335 222 6949 887
723 9302 2048 9402
5604 8945 6142 9327
1085 1737 1572 1897
0 3948 72 10000
763 222 1325 887
4225 2400 4291 4243
1354 7046 2031 7236
0 0 262 3059
885 2636 1650 3059
1292 7254 1894 8945
7331 222 8339 1076
7341 7363 9165 7726
9219 0 10000 1036
3854 7876 7287 7911
72 5105 1279 5776
3081 2416 4186 2893
8339 1036 10000 1590
8380 2220 9682 2542
8348 1765 8380 4809
8380 1936 8904 2220
4225 4853 7542 5025
3109 9356 10000 9512
4630 6656 6956 7254
2389 1085 3201 2121
5769 3914 5914 4215
6032 1590 9018 1765
4225 5066 4898 5504
3854 7254 5838 7726
6956 6656 8851 7254
7341 7254 9165 7363
72 9512 436 9997
1279 4770 3391 5776
2036 9856 2926 9959
6263 2400 6355 3820
3201 1085 3652 2121
5673 347 6335 887
6366 1765 7252 3914
1650 2400 3081 3059
2303 3847 2950 4004
9165 7217 9999 7726
1325 347 3045 599
8380 2542 9682 3851
8339 101 9219 1036
7405 1765 7573 3267
3871 2893 4225 3830
2758 7410 2787 8005
8348 5732 9142 5838
7546 1085 8339 1590
5094 8088 5964 8945
1377 9650 2036 9796
3081 2893 3871 3059
3854 7911 7694 8088
4296 4327 7393 4440
4393 3529 5479 4234
3048 3248 3871 3830
3391 5768 5970 5776
9165 5932 10000 7217
5970 5768 6291 6656
72 6207 3170 6238
408 6414 723 8761
3404 4770 3701 5604
8348 5838 8652 6656
7405 3267 7551 4361
4296 2547 5041 3529
885 2121 1650 2636
5964 8088 6443 8811
535 2121 885 3059
1292 8945 3109 9302
3000 3830 3477 4570
8380 3851 8796 4927
6291 5935 8348 6656
6291 5153 7015 5935
6587 8088 7472 9053
723 7027 1292 9302
891 887 1085 2121
1085 887 1966 1737
3737 599 5673 887
3045 347 5673 599
7573 1765 7958 4343
2221 4133 3000 4550
8652 5838 9131 6542
2036 9650 4179 9856
1325 222 6335 347
6032 1085 7546 1590
3696 1407 4199 1731
4222 6803 4565 7135
262 0 535 2203
6949 313 7301 501
535 887 891 2121
1966 887 2389 2121
72 9413 1265 9467
7694 7777 9904 8121
4222 6002 5869 6651
4222 5776 5310 6001
4909 5066 5283 5723
4031 8088 5094 8365
262 2203 520 2871
9018 1590 9649 2098
1325 599 3737 887
8796 3851 10000 4927
7262 1765 7405 3029
1279 3824 2015 4752
1279 3213 2901 3798
4296 4493 6437 4749
3652 1085 5034 1407
1650 2121 3652 2400
3854 8383 5053 8945
723 6414 1550 6531
3854 7726 10000 7777
7694 8125 10000 9356
763 0 9219 101
830 9512 10000 9650
7573 4343 8309 5016
9682 1590 10000 3851
5034 1085 6032 1765
7958 1765 8309 3799
8380 4927 9601 5086
535 0 763 887
8380 5216 9999 5641
