0 1767 1120 2577
8435 2413 9136 2620
3526 5706 8398 5811
3167 9343 9721 9391
6322 6143 7742 6252
447 6640 891 7702
1415 1535 1613 4799
600 5167 2729 5706
5915 6252 6277 7198
600 4964 1684 5167
6845 7636 9509 8005
2451 6009 3453 6450
2573 1698 4752 2228
5901 9964 6260 9980
6078 4324 6837 5614
443 4804 600 5682
7808 6143 8914 7564
25 6049 200 8316
0 8740 8033 9158
0 0 7505 146
9866 2085 9990 3782
6845 6252 7742 7636
7505 672 8454 865
5460 3869 5678 4042
4252 8005 5523 8699
8420 7576 8624 7635
7505 0 9866 672
9915 4222 10000 9649
891 6973 1134 7811
3575 146 7505 614
3685 6973 4904 7682
8033 8005 9509 8255
2226 8714 6679 8718
6 961 351 1751
9721 672 9866 4222
1030 9158 1648 9933
1121 146 1281 4539
2795 2455 5789 3047
4398 4319 5261 4395
2582 2289 2795 4475
257 7811 6277 8005
3468 947 4322 1531
257 8005 2094 8302
56 4050 257 5197
7633 2965 9721 3271
3140 6450 3352 6768
1163 6450 3140 6973
9734 4222 9899 8459
4386 4395 5261 5614
1122 8718 7544 8740
1163 6009 1350 6450
257 2711 581 3245
8398 6042 9131 6143
5134 9434 5600 10000
6837 4445 7570 4490
6322 5811 8398 6143
6155 1136 8530 2282
5600 9434 9915 9649
0 146 1043 923
9509 3558 9721 8255
5600 9649 9495 9964
5913 8005 6107 8578
778 2938 1121 4227
5949 8618 7281 8708
2000 6973 2837 7682
1415 904 2438 1535
600 5821 878 6640
7713 3271 9644 3370
1281 146 1415 4804
257 3245 441 7811
1656 3628 1767 4542
1767 1708 1914 4236
8033 8255 9721 9158
9090 1136 9479 2287
2729 5167 4386 5706
7742 6143 7808 7435
351 961 1116 1762
3453 6252 4904 6973
605 4539 1211 4742
6078 1177 6129 1514
2110 3665 2137 4618
441 3245 605 4804
4386 5614 8398 5706
0 8316 2072 8618
6837 3558 7898 3624
6302 6252 6845 6682
3453 6009 6322 6252
6155 2302 6837 4324
8398 4490 9131 6042
7633 2302 8435 2965
1134 6973 2000 7682
1917 2476 2432 2814
3167 9158 9345 9343
7825 8005 8033 8469
4921 9391 5134 9890
9131 3846 9186 7103
2795 3311 4107 3332
2795 3047 5460 3311
4904 6252 5915 7198
7310 8039 7624 8718
6277 6696 6841 7986
1684 4964 2331 5121
6999 2302 7633 3258
892 6009 1163 6793
4904 7198 6277 7682
719 9158 1026 9873
9198 3736 9418 7604
3607 614 6216 803
7863 3636 8964 3846
9495 9649 10000 10000
9479 1136 9721 2965
6107 8005 7310 8618
9866 0 10000 2085
600 4804 2573 4964
2795 2228 4948 2455
1134 7682 6277 7811
891 5904 6322 6009
1648 9158 3167 10000
2795 3420 4810 3863
5261 4042 5789 5614
7873 4490 8398 5614
2226 8005 4163 8592
4948 1136 5592 2049
2009 5726 3526 5811
2837 6973 3685 7682
5789 1136 6078 5614
2766 146 3575 220
1350 6009 2451 6450
3192 4042 3757 4881
5134 9391 9915 9434
6837 4490 7873 5614
4948 947 5657 1127
891 5811 6322 5904
