1286 4714 1862 5157
8396 8328 9175 9224
3750 8812 4610 9549
1286 5157 3681 5471
3210 8001 4414 8646
3718 4286 6774 4324
6311 2777 7377 3715
6511 6710 6808 7063
7913 1974 8216 3188
2963 5471 3681 6017
3681 4719 4190 5549
6311 1269 7356 2776
9505 5309 9664 5920
3718 4324 6681 4688
1895 9409 2143 9482
3092 6182 5035 7370
3092 7370 4419 7437
7985 5144 9297 6388
7985 8328 8396 9224
8579 6465 9263 7848
1895 9596 4884 9809
9175 8328 9356 9224
707 1980 1286 4847
1766 8771 1895 9631
5035 6227 5242 6859
6808 4688 7278 7063
6511 7063 7278 9475
1895 8778 4605 8812
2223 0 6538 174
1286 2558 3131 3504
9356 6632 9429 6827
5528 9874 6297 9921
3425 3684 3689 4210
5481 6710 6274 9582
1286 661 2202 1058
7587 8027 7646 8292
771 9832 5508 9874
7384 8987 7985 9475
307 4847 365 6010
7384 8292 7547 8673
7985 9691 9062 10000
2795 6182 3092 8771
306 9178 1766 9827
438 4847 1207 5924
0 9827 4694 9828
2223 1140 3718 2118
1286 3504 1872 4711
2223 185 6613 409
7985 6388 8579 8328
7278 6089 7379 6715
6035 1444 6293 3579
5728 4688 6591 5458
6311 3715 7243 4230
8402 2016 8708 3371
5184 1444 6035 3606
5263 5549 5460 9400
2223 409 2752 871
8857 409 9389 3371
6297 6710 6511 9475
114 0 2223 661
2763 409 4613 873
1766 7222 2795 8771
6625 0 9389 409
9389 0 9469 2489
9479 0 9976 1567
7985 9224 9356 9691
5184 1233 6311 1444
9356 9082 9903 9157
4780 7370 4972 8779
8373 4762 9942 5140
1286 2118 3131 2558
1872 3504 3425 4688
4613 409 5184 3606
4232 4688 5230 5534
2149 8812 3538 9583
3759 1455 4102 3494
114 661 1113 1866
1286 1082 2165 2074
8402 3371 9479 4324
7646 5140 7985 8987
7913 1233 8402 1974
5184 409 8857 1233
0 0 114 9827
6297 9475 7985 10000
6681 4324 8824 4668
3681 5549 5142 6174
3718 3606 5845 4097
2223 873 4613 1140
2432 6182 2795 7222
9942 4688 10000 10000
114 4847 306 9827
365 6182 2432 7222
5644 5601 6808 6710
1872 4688 3681 5157
365 6018 3681 6182
2963 6017 3287 6018
365 7222 1766 9178
7390 1233 7913 4324
3131 2118 3718 3504
1286 5471 2963 6018
