3949 2141 4306 2909
3456 7647 3729 9766
8911 8357 9137 10000
1237 1305 1749 1792
6599 2170 7108 2271
803 4315 960 7013
8353 3368 9101 3544
781 7215 1441 10000
8353 3546 9080 3599
1623 3255 2135 4308
1599 7101 5628 7647
2386 186 3206 1305
1441 7215 1586 9684
0 0 1237 2637
444 7094 694 9505
7069 6571 7153 9552
4306 2326 4768 3108
4373 6571 5628 7101
611 3255 1623 4315
4391 1589 7122 1930
960 6621 1599 7215
4373 4536 4896 6571
3056 3444 4486 4536
4896 4536 7212 5575
237 3255 611 7077
0 7087 263 8564
678 4433 781 6839
0 2637 2135 3255
6431 3069 7487 4536
1599 8835 3455 9769
1599 8247 3455 8835
8353 3922 9987 4890
4772 7647 6163 8651
4306 2185 6180 2326
1599 6621 3138 6977
7487 5588 8191 9088
2271 7796 3238 8247
1053 4315 2135 6530
8353 4901 9973 5461
7165 8636 7467 9769
3206 186 3937 1305
2135 3463 3056 6193
3357 6621 4097 7069
110 3255 234 6802
1237 186 2386 1305
9675 885 9983 2626
9627 6477 9979 9981
2341 6193 3056 6554
7487 3069 8128 4366
3937 478 4391 2141
5510 478 5714 1587
6163 6571 7069 9290
9137 8357 9430 9188
4896 5575 7487 6571
5766 638 9283 885
4232 7647 4772 9290
1599 9769 8911 10000
3056 3108 6431 3444
7363 1264 7899 1391
9129 3368 9981 3877
3729 7647 3897 9745
8191 6477 8911 9769
4232 9290 7069 9769
8353 2628 10000 3147
8353 885 9675 2628
8238 885 8353 1303
8954 3258 9991 3343
5766 885 7363 1588
7501 4616 8331 5588
4391 478 5459 1578
1237 7 4924 186
1959 7647 2271 8159
3898 7647 4214 9737
6036 229 8245 478
4768 2326 6431 3026
3056 4536 4373 6621
4486 3444 6431 4536
7212 4536 7487 5575
7487 9088 8191 9769
2135 1305 3899 2792
5628 6668 6143 6825
4772 8651 6017 9221
2135 3108 3055 3451
8353 5465 9850 5585
8911 6496 9599 8357
6431 2326 8178 3068
8191 5588 10000 6477
