5767 6764 8229 8320
9481 2621 9837 3599
2 1257 41 8426
41 1922 7038 2311
4448 2621 5767 7245
2451 4973 2478 10000
8457 7843 8962 8600
5767 4342 6640 6234
7195 4238 7977 4475
1568 2621 3559 4973
937 1729 2058 1922
4991 0 7875 525
8230 4238 9142 6616
6654 3851 7143 6764
2670 4973 3559 8443
7198 4583 7420 5769
5767 8737 7970 9355
1586 4973 1670 8687
9839 2621 9993 7833
3894 4748 4355 6562
3765 2621 4448 3565
9146 4238 9651 5541
6654 2621 9428 3674
798 4398 932 6095
7038 1190 9338 2311
8962 7843 10000 10000
1223 3214 1497 7143
5609 9813 8582 9993
5767 6266 6648 6755
9338 1190 9895 1966
1670 4973 2451 10000
2523 8443 3559 10000
41 6095 1012 9160
4991 525 10000 1190
914 95 2284 468
7195 3682 9793 4215
4878 7579 5195 8488
5767 9355 8229 9813
7420 6156 8145 6735
41 2311 10000 2621
2478 4973 2523 10000
228 9209 1012 9529
8229 4238 8230 9552
2523 4973 2608 8370
0 0 4991 95
5767 2621 6640 4318
3559 7245 4878 10000
190 9538 1568 9970
3838 6850 3869 7245
7875 0 10000 525
8230 6943 9776 7843
2319 1257 4991 1826
4991 1190 7038 1922
5767 8321 8111 8702
2552 95 4991 1257
7985 8702 8200 9124
241 555 2552 1083
