3287 3894 6323 3918
6173 3797 6291 3886
513 9453 6681 9803
2406 4389 2640 4934
6323 3894 8722 4291
1967 2785 4796 3085
906 7466 1329 8175
486 4986 8767 5086
2177 5253 2806 5474
6323 4291 6663 4916
4820 935 6381 2712
5244 7063 6379 7454
6566 1935 6975 3034
2488 6655 2962 7466
1967 3 4765 252
5227 5878 5597 6397
6566 1533 8127 1935
1967 3450 2354 4398
486 5851 1292 6409
2406 3918 5176 4389
4365 3465 7738 3797
5244 7454 5566 8798
1043 8175 1327 8792
5597 5878 6681 6397
8105 5878 8682 6841
2488 5474 2936 6655
6732 4291 7590 4980
1894 5474 2488 5851
513 8179 935 9453
6621 3103 7022 3460
4524 6862 4915 7969
15 7524 513 9678
3174 7466 4063 8368
2376 252 2851 1747
2106 6409 2473 6741
3517 6397 3981 6862
3957 5229 5184 5761
3957 5889 5227 6397
5176 3918 6323 4985
486 5474 1894 5851
451 186 1886 611
6681 5878 7051 7239
486 6798 2488 7123
8000 9056 8568 9185
7068 5878 8052 7394
513 7123 2488 7466
3517 5474 3957 6396
480 611 638 1440
5227 5229 6290 5874
4820 0 6184 929
1141 3123 2364 3442
638 611 1175 813
7022 1935 7702 3409
6403 5229 8767 5878
0 5105 486 7123
3981 6397 6681 6862
1166 1022 1865 1463
7600 4291 8738 4979
0 1463 486 4024
8015 9823 9312 9877
2670 4389 3527 4464
8843 1533 9049 4751
3218 5599 3443 5873
4915 6969 5244 8798
2897 2003 4745 2158
7592 7503 7606 8026
8127 2378 8659 3811
2177 5086 8692 5229
1915 0 1967 902
1329 7466 1800 8368
486 3968 1141 4986
8745 2378 8838 3869
9256 252 9599 4751
2406 3123 3146 3504
2936 5873 3489 6471
9600 2076 9901 2093
5732 8798 6653 9420
2532 3509 3287 3870
1329 8368 4063 8798
1141 4378 1967 4986
8919 4751 9061 7678
0 9803 7592 10000
1967 252 2242 2785
2242 252 2336 2108
513 7466 906 8175
486 3123 1141 3968
2242 2158 4817 2778
4524 7969 4915 8798
8771 4291 8843 6899
4063 7466 4524 8395
486 5086 2177 5474
1967 4985 4606 4986
3257 772 4159 2003
8149 935 9049 1533
7281 1007 7924 1508
5566 7454 6382 8591
1292 5851 2488 6409
9599 252 9600 6973
9600 2723 10000 5735
2962 6655 3517 7466
4979 2785 6561 3028
9061 4751 9599 7814
1141 3450 1967 4378
9765 5735 9829 7278
4915 6906 5661 6969
6184 0 10000 252
7738 1935 8127 3797
9049 935 9197 3286
451 0 1884 186
8024 947 8149 1533
1043 8798 5578 9276
6994 7409 7581 8916
2805 7466 3174 8368
0 4024 486 5105
8127 1533 8843 2378
3287 3797 6173 3894
6184 252 9256 935
876 2505 1967 3123
3287 3465 4365 3797
4063 8395 4522 8781
2073 6409 2106 6748
4571 3284 5934 3465
0 0 451 1463
1800 7466 2805 8368
876 1463 1967 2505
486 1463 876 3123
486 6409 2073 6798
3517 6862 4524 7466
8843 7814 9599 9823
