310 9845 2724 9993
5767 170 8450 203
5306 8546 7071 9667
9475 6620 9729 10000
1150 4435 1411 7977
4618 6693 5127 10000
64 3754 3760 4085
5127 7102 6210 7572
0 170 1372 1737
4800 3754 6637 4049
5889 6269 8083 6326
4452 4085 5713 4850
4452 4926 4777 6163
8267 1777 8332 4849
64 4587 310 10000
9022 8546 9475 10000
2972 207 3923 3619
1372 1302 2972 1925
5116 5485 7709 5536
9721 170 10000 5140
2469 4435 3735 5990
2220 1925 2972 3619
5306 9667 9022 10000
8234 6496 8785 6578
1372 1925 2220 2748
8212 6620 9342 7386
8753 1777 9131 6284
3760 3754 4186 3995
5127 6693 6064 7041
64 3619 7643 3754
7958 8653 8807 9016
7611 207 9721 1560
64 4530 765 4587
310 9513 4618 9845
5116 6162 7528 6222
0 3619 64 10000
0 112 10000 170
320 8930 1143 9513
7868 1560 9682 1775
9729 6154 9964 9712
2667 6693 4454 7248
1372 170 2972 1302
4018 1910 6723 2307
7611 1560 7742 2215
1783 5371 1792 6312
9224 5140 9658 5512
0 0 10000 112
3838 4435 4436 6122
6758 2567 7643 3364
7868 2178 8266 4489
3923 2353 6662 3274
5141 8950 5306 9379
7643 2567 7859 4276
6942 3364 7455 3557
6758 207 7611 2567
8785 6326 9719 6616
3923 984 6758 1910
3923 275 6523 984
5127 7591 9475 8546
8343 3031 8752 5685
5116 4926 6830 5280
6255 6706 8200 7591
8460 1784 8753 3031
7071 9016 9022 9667
0 2748 2220 3619
5737 4599 7538 4913
1411 6693 2640 9403
310 5194 944 8496
1411 4435 1734 6626
1740 6326 8197 6693
9145 1777 9721 5127
64 4085 4437 4435
0 1737 1372 2748
