3181 5144 4810 5579
1951 2659 2452 2987
2071 5343 2248 5631
1159 3674 4332 3916
5718 6361 5956 8661
5076 449 6996 675
4764 9603 6473 9849
5960 5632 6686 8803
5258 2892 5483 3666
8819 5862 9817 6350
151 687 1159 1876
3569 1250 4140 2876
0 132 151 9975
151 9496 6521 9603
7928 449 7999 1017
151 449 4618 687
5515 2046 5592 3578
4377 1250 5540 1394
2694 5343 3181 5579
4884 2046 5258 4403
7365 6342 7612 8097
6090 1803 6955 2046
6160 687 6612 1354
7612 6342 8030 8097
359 7155 552 9086
9817 5862 9900 8260
7357 3070 7718 3141
6996 449 7914 1440
2819 3916 3181 5343
7951 3141 8016 3769
6521 9256 7279 9975
9834 5110 10000 5426
2353 6080 3876 6747
1383 6934 3278 6968
8736 8052 9709 8689
5322 1803 6090 2035
8822 3538 9834 3776
7365 4403 7450 5244
4332 2987 4377 3856
1544 7155 4373 7196
3983 6080 5269 6962
2847 9407 5501 9473
6686 5632 6867 8097
9916 5862 10000 9987
4377 3899 4749 5068
6012 3994 7387 4055
6686 8097 8030 8790
8030 6342 8664 8052
1544 8769 4945 8914
2353 5687 3231 6080
1383 5687 2122 6934
6012 2098 6795 3879
1951 1051 2598 1759
151 132 2770 449
8941 449 8985 2369
6867 4403 7365 5605
8664 6342 8747 7441
3859 7196 4861 7749
3231 5687 5294 6080
2598 1051 2620 2987
515 4876 1448 5298
6955 3141 7911 3994
9858 0 10000 2932
4810 5141 6523 5579
3374 7196 3684 7725
6523 4403 6867 5579
1159 687 5219 801
6867 5605 7074 8097
2620 1051 3360 2987
3552 8919 5176 9107
151 3136 558 4342
1544 7196 1797 7607
8477 3538 8819 5974
1806 7838 3235 7916
8819 5426 10000 5862
9496 0 9734 3538
5258 2123 5475 2839
1159 838 3558 1051
4837 1985 4884 4958
8728 132 8887 430
7804 9279 8354 9975
4884 4488 6453 5141
151 4342 515 5343
534 9107 5119 9254
8004 449 8871 1686
151 5898 672 7154
8477 5974 8819 6342
2248 5632 5378 5687
5258 4092 8016 4403
3603 8292 4886 8769
8357 9256 9506 9962
151 7155 359 8163
9834 3538 10000 5110
9734 0 9858 3294
0 51 5825 132
7365 5244 8477 6342
7074 5605 7365 8097
534 9408 2838 9496
9045 8834 9224 8857
534 9299 6411 9382
151 5687 1345 5894
5373 3671 6012 4025
870 1876 1159 3916
2122 5687 2349 6882
9535 8914 9916 10000
2452 1759 2598 2987
9861 2932 9973 3466
151 9107 510 9496
1951 1759 2452 2659
8172 2034 8603 2133
3603 8043 3832 8161
8985 449 9496 2015
5294 5687 5378 8914
3181 3916 4377 5144
5592 2046 6006 3605
8819 6350 9632 7953
7761 2133 8317 3055
515 4342 2298 4873
8030 8052 8717 8763
169 8589 358 9019
1213 2987 1679 3563
6686 8790 9912 8834
2322 5343 2694 5584
1159 1051 1951 2987
6955 1803 7281 3001
558 3916 2819 4342
151 1876 870 3136
7300 9256 7801 9964
8985 2015 9496 3538
8819 3776 9825 5355
2694 5587 4799 5632
1421 7155 1544 8788
4945 6971 5290 8891
4810 1440 8004 1803
3569 1054 5574 1250
1679 2987 4332 3674
3016 6971 4940 7154
558 3136 836 3897
3360 1051 3569 2987
9734 3294 9854 3533
5377 5579 6862 5632
5176 8914 9535 9256
792 5898 1383 6297
552 7155 1348 8078
8477 2133 8938 3538
5378 5632 5677 7726
7450 4403 8477 5244
0 9975 9535 10000
8016 3141 8477 4403
5700 5632 5947 6346
692 6335 1358 6873
4377 1440 4810 3865
