927 7937 1586 8291
4347 363 4730 904
2953 4016 8045 4287
1049 172 1084 845
2375 8816 5758 8817
2953 2997 3947 3968
5168 9557 7279 9574
1084 157 1958 857
7045 4377 7535 4480
2460 2327 7184 2433
5466 2866 6349 3992
4240 8217 6376 8605
389 430 856 1235
586 4618 3088 5124
8146 2174 8875 2661
2002 7351 4416 7456
6376 8217 7406 8817
1412 9031 1616 10000
0 9709 1412 10000
6354 2866 6419 3583
391 8653 777 8711
8733 5124 8893 6088
7866 8182 8873 8558
3868 7000 4416 7319
9778 58 10000 6088
8544 6088 10000 6777
5206 5164 6639 5742
7405 433 8046 698
3575 4335 4218 4447
1216 6584 1575 7402
4247 9091 5168 9695
2133 4320 3279 4569
1682 9882 3367 9995
903 5124 1428 5666
7184 2327 8045 3222
9135 9435 9644 9962
940 1997 2161 2122
2002 9335 2819 9861
507 6629 903 7090
1948 2692 2231 4320
9122 4320 9467 5614
3776 1895 4095 2224
3155 905 4669 1673
5283 7481 6658 7866
8958 3695 9479 4320
9886 6834 9983 9528
4053 9091 4230 9635
4441 4328 6190 4387
8146 3695 8958 4126
5257 2703 6479 2866
2375 8817 6193 9001
3552 9001 4053 9825
2231 2692 5257 2953
2619 6653 4232 6670
4488 6087 6740 6148
1958 157 9778 263
8083 300 8421 599
1616 8338 2002 9270
6334 1915 7636 2192
5961 4618 7045 5124
2460 1677 4885 1793
607 2692 790 4581
3758 6968 4829 7000
4488 5779 7119 5826
8146 2661 8875 3695
2606 5693 3996 5895
9673 6913 9873 8271
8544 6777 9673 7250
7866 7481 8952 8153
7045 4480 7685 5124
5283 7250 9135 7481
8059 4320 9122 4548
3965 2997 4502 3923
5168 9133 7424 9311
8225 5886 8733 6088
9135 7389 9620 9435
2132 6584 2619 7351
3776 2224 7733 2310
6479 2703 7128 3833
1350 2692 1828 4293
6525 6580 7119 6747
790 4371 1948 4618
4358 5124 8009 5156
4488 5826 5670 6087
3155 363 4338 904
879 133 9778 157
1216 5957 4488 6158
7406 7516 7853 8650
8965 8563 9111 9279
6025 6158 6525 6659
8875 2962 9778 3245
8083 4126 8958 4320
3776 1794 4728 1895
790 2692 1350 4371
6658 7481 7406 7866
2548 1832 3174 1997
8893 4548 9122 6088
2375 8584 4240 8816
4221 5183 4487 5950
2002 7456 2375 9335
879 118 9778 133
5283 7000 8225 7250
3088 4618 5961 4891
927 8386 1610 9031
7711 4619 8059 5063
2720 5164 4207 5680
374 1772 480 6614
8091 1187 8146 4075
7866 8563 8886 8989
8390 2171 9493 2174
4240 8605 6376 8816
4416 7866 7406 8051
7119 5779 8007 6103
0 118 879 430
7685 5063 8804 5124
0 58 9778 118
8290 4548 8893 5063
0 9082 1042 9673
7424 9001 8965 9311
6236 263 6568 764
1958 322 4363 361
6568 522 7259 753
4053 9001 4703 9081
4742 1793 5467 1895
2343 5224 2698 5418
5168 9001 7424 9133
879 1366 1958 1677
1958 268 2883 322
1889 5146 2264 5303
8009 5124 8225 6747
4885 263 5585 1514
9638 3245 9771 3586
8225 5124 8733 5886
4441 4448 6540 4544
7330 4287 7923 4305
7214 3652 7569 3846
2231 2953 2722 4320
4074 9698 7862 9989
3095 9244 3490 9858
2375 9244 3048 9335
9479 5473 9614 6072
6525 6158 7119 6580
7877 9311 9135 10000
1889 5303 2343 5957
5670 5826 7119 6087
8045 2224 8083 4320
480 2122 1948 2567
879 857 1958 1366
8196 1187 8390 1937
2722 2953 5098 2997
4533 5769 5330 5779
0 0 10000 58
1616 9270 1974 9797
5622 879 8069 1603
5313 2473 7184 2703
1192 7550 1623 7682
1623 7597 1999 8338
6193 8817 7303 8998
6568 401 6895 522
5771 6747 8225 6968
2722 2997 2953 4287
4168 7954 4413 8051
2375 8051 7406 8217
7569 3222 8045 4016
2870 7456 3855 7821
3758 6747 5771 6968
8225 6088 8544 7250
8083 599 9778 1187
4732 322 4875 1238
0 5602 340 6193
8875 3245 9638 3601
903 5666 1428 5957
8663 1533 9614 1990
8390 1187 9603 1505
2536 363 3155 770
2619 6747 3758 7351
4922 6968 8225 7000
1216 6159 4469 6584
374 1677 1344 1772
2460 1997 3776 2327
8875 2174 9778 2962
2571 9003 3474 9244
903 5957 1216 7550
0 9673 1270 9709
5257 2866 5410 3752
2375 8217 4240 8584
4416 7000 5283 7866
0 430 373 1940
480 1772 2134 1968
4095 1895 6334 2224
8483 263 9235 597
493 4112 586 4511
8875 3601 9778 3695
9407 263 9561 554
2161 2433 5257 2692
1864 3587 1948 3981
2199 1993 2460 2215
1623 6584 2132 7351
3088 4891 5961 5124
1428 5124 1889 5957
