6271 9517 7554 9788
2438 4817 3656 5500
5525 7769 6423 7843
6355 2708 7423 3122
3360 3796 3950 4561
6732 7710 7286 8227
6247 401 7771 1241
3950 4325 8462 4561
486 5500 676 6681
2530 8330 3654 9034
1541 6517 1930 8234
5888 1491 6238 3083
0 8385 473 9160
1951 4817 2438 5312
5961 3143 7777 3788
1621 9855 3120 10000
787 9680 6271 9752
3731 7405 4720 7641
1930 6517 2302 7243
3654 8330 3988 8987
9301 9034 9424 9360
3028 4398 3329 4459
2177 108 4096 429
7554 9517 9259 9782
1438 4817 1951 5303
8672 6068 9328 6299
5562 7243 6632 7389
757 3796 3028 4586
6686 5142 8101 5500
9970 3134 10000 9381
3603 6606 3932 6978
5096 6019 8101 6327
5502 1202 5888 3134
7286 7710 7746 8227
9461 1872 9913 1896
1389 9343 2530 9680
5888 74 6069 1045
5247 7957 6429 8100
5888 1241 6250 1472
1897 1234 2517 1528
757 5312 2438 5500
8756 7405 8931 9034
8101 6958 9483 7405
5247 8100 5414 8197
0 265 238 2431
1421 6055 1776 6275
4029 7957 5247 9012
570 748 4529 946
6813 6881 7716 7405
5983 4035 8462 4117
570 946 4248 1234
1754 1542 2518 1739
0 2431 434 3336
4648 4817 6686 5227
1776 6234 3402 6369
7740 7405 8712 7694
5493 8227 5735 8876
8457 3134 9970 4035
1040 4817 1317 5223
8462 4035 9892 4150
2821 1804 3984 2127
3932 5882 8101 6019
1930 7405 3046 7957
9491 4391 9774 5885
6451 97 7588 252
238 265 434 2431
5983 4117 8324 4246
9774 4568 9883 5377
5328 6519 5560 7196
1776 5882 3932 6234
8101 6450 8450 6629
5038 1314 5268 2131
3656 4817 3987 4911
570 108 2177 748
3938 9034 4269 9340
757 3336 2955 3790
1930 7957 3420 8330
570 1234 1754 2535
1621 9788 9970 9855
4261 946 4529 1717
4529 429 5038 2131
1930 8338 2435 8394
6429 7843 6732 8227
3932 6019 5096 7243
7203 2030 7271 2461
486 6690 787 10000
757 4586 2570 4813
7746 7710 8756 8631
1300 9238 1389 9673
0 3336 486 8063
6530 362 6951 401
3120 9855 6144 10000
1754 1239 1868 1542
4763 5500 8101 5882
1156 6690 1298 9168
7746 8631 8252 8906
787 8714 1119 9680
9491 4301 9760 4391
2302 6517 3375 7100
570 2535 1754 3134
2955 3336 5961 3790
4096 140 4673 381
2518 2131 5268 2428
6254 1241 7267 1768
3663 9373 9387 9517
4150 4817 4648 5162
8462 4164 9126 4617
9271 1075 9461 3134
787 9752 6271 9788
4009 1771 4217 2104
93 8063 261 8325
7211 9034 7338 9253
2451 429 2833 743
3774 9023 8663 9034
0 108 434 265
3828 5500 4763 5882
6144 9855 10000 10000
1754 1739 2518 2288
3950 3796 5983 4325
3046 7843 6429 7957
2595 4610 3266 4817
3028 3796 3360 4398
8473 5885 8672 6667
2530 9034 3663 9517
9387 9449 9477 9750
5983 3796 8457 4035
5408 5227 6686 5500
678 5500 3828 5882
8525 31 9615 259
486 3336 757 5500
787 6690 1142 8638
6686 4817 8101 5142
4707 9517 6271 9680
3663 9036 3929 9373
434 108 570 3336
678 6447 1249 6690
1299 6398 3921 6517
6254 2660 8454 2708
7771 401 8460 1132
0 0 5979 74
6813 6519 7910 6809
3420 7957 4029 8330
6315 4561 7194 4778
9271 828 9958 1075
8132 4817 8449 5979
9051 401 9271 2388
9483 5885 9960 8587
5038 108 5888 1202
757 3790 7782 3796
5096 6327 8101 6519
1754 2288 2518 2970
0 103 2537 108
2518 2428 5268 2970
1299 6517 1368 7778
4269 9034 7211 9373
5268 1202 5502 2970
4720 7405 7740 7710
1754 2970 5502 3134
9453 5322 9491 5731
3724 5227 5408 5492
6322 0 7770 41
8101 6629 8462 6958
7602 2708 7649 3071
6791 8227 7648 8947
8931 7405 9483 9034
570 3134 5520 3336
2530 9517 4707 9680
5038 1202 5265 1314
787 9788 1621 10000
2518 1234 4239 1700
7782 3134 8406 3778
9483 8821 9967 9757
1389 8394 2530 9343
