1537 8033 2507 8434
8609 3424 8816 3496
5475 498 5822 1955
1717 3368 2063 3624
1587 510 1638 6851
4649 2384 8607 3177
5822 498 7954 2030
2821 4374 2917 6546
7652 3177 8412 3484
4292 832 4922 1985
0 9500 1967 10000
2818 2384 4649 3177
9407 8741 9871 10000
9770 2579 9871 3468
4858 9865 6229 9978
8 411 260 8357
7954 1403 8597 1954
7851 8017 8880 9527
7215 5375 8111 5824
260 6997 1426 7281
2818 3264 2900 4374
6518 3177 7028 5097
6442 9470 7540 9991
1717 1683 4173 2030
0 8498 2556 8630
1717 2030 2712 3248
1622 7503 2507 7975
3110 8017 7830 8348
5278 9089 6398 9778
4858 9014 5263 9690
4055 8350 5065 8526
9407 5741 9871 8741
291 7493 824 8498
1980 8654 2395 9593
6442 8350 7531 9313
7215 6767 7539 7656
3860 9040 4743 9117
9871 0 10000 10000
8880 6301 9407 10000
2732 3298 2818 6029
3933 7377 6640 7425
3272 4650 6228 5097
4283 244 4879 832
1961 79 3958 411
7342 3900 8866 5225
4922 0 7954 498
343 411 1375 2396
9098 3900 9304 4549
7028 3496 8550 3879
3272 3177 6228 4650
1375 510 1587 6997
7028 4446 7212 4603
713 2396 1375 6997
7215 5931 7919 6767
2917 3177 3272 6726
1550 411 4082 510
1967 9593 3110 10000
6756 5305 7213 7503
6228 3177 6518 5097
7851 9527 8880 10000
0 8630 1967 9500
1647 510 1717 7203
1647 7203 6648 7370
7588 6767 8578 7908
2151 3285 2721 6726
2151 6728 6602 7203
1784 580 4173 1683
3110 9431 4851 9998
3880 7830 6691 8017
8880 6149 9342 6301
1748 5489 2151 7037
9407 4295 9753 5741
7541 8350 7851 9965
343 2396 713 6997
8593 5752 8880 7386
3272 5097 7028 5250
2556 7503 3110 9593
8607 0 9871 2579
3110 8526 3837 9036
824 7377 1505 8486
3936 9209 3965 9431
3272 5250 6237 6720
8880 4572 9401 5734
4173 510 4283 2030
2721 2030 7954 2384
265 411 343 6632
