70 1414 6277 1498
7298 7921 8680 8075
3964 1623 6558 1989
4259 8872 5208 9150
8680 7921 9398 8792
7298 8075 7986 8572
655 4049 920 6218
70 1498 454 3103
70 738 1529 1414
1449 9407 7847 9523
1020 4052 1718 4123
5161 6429 7092 6654
3604 8872 3661 9099
6528 154 8768 392
1623 2108 2383 2622
169 7416 462 8416
9132 4049 9459 6315
1529 154 6528 244
3816 932 6277 1414
6008 6418 7467 6429
8065 4434 8607 4600
454 1626 927 2857
5621 9005 7776 9352
1293 7716 3438 7999
6156 8356 7042 8708
4456 9954 9398 10000
55 154 70 6161
7855 6429 9574 7029
2078 8597 2547 8700
1261 3839 2976 4047
9398 7921 9829 8753
507 3838 1152 4039
1210 6440 2958 6593
4987 3024 5548 3225
1877 4537 2173 4841
9562 932 9911 2192
5356 3381 6662 3718
1495 564 1529 701
4105 4123 5087 4310
96 5 6624 154
3438 7416 7055 7746
7856 5855 9126 6372
0 7029 2303 7416
7298 7786 10000 7921
1592 9570 9398 9679
70 154 1422 516
5967 7746 6991 8024
1093 4123 1602 5956
2976 3839 8551 4049
927 1626 1474 2630
7135 392 8768 687
5912 528 7135 932
1565 1703 1777 1968
3973 4049 8780 4105
2958 1989 3823 3016
3017 528 5912 932
1623 2626 2349 2857
0 8845 2547 9087
7949 9407 8305 9564
2460 5591 7030 6094
8623 1498 8913 2192
9653 3531 9845 3974
9912 932 9996 7300
1210 6593 2345 6913
2303 7029 3385 7416
1465 7999 1882 8682
5068 244 6149 388
2452 1989 2871 2521
83 3103 507 5963
7298 7029 9911 7358
462 7716 1293 8845
8913 1498 9562 2192
4105 5359 6472 5557
1153 3838 8196 3839
335 9382 1449 9526
7986 8075 8680 8572
6558 1623 8623 1950
70 6440 1210 7029
1210 6913 7632 7029
8829 5424 9132 5689
7055 8572 8680 8792
454 1498 1482 1616
1602 4123 1877 6094
4372 1504 7271 1623
4902 7746 5967 8792
5068 392 5348 521
0 9570 1592 10000
8551 3839 9653 4049
6305 6695 6952 6895
1877 4841 2460 6094
5161 6094 7684 6128
7030 4105 7222 6092
3990 7746 4902 8792
5621 8872 8904 9005
2547 8597 3438 9174
4456 9757 8641 9954
7298 7358 9911 7786
1293 8802 1606 8845
8680 2192 9911 3531
1449 9316 3645 9407
7036 1950 7185 2190
454 2857 2452 3103
6277 932 8991 1491
7059 2658 8680 3499
0 9087 1731 9174
3986 9679 4456 10000
514 4534 630 6440
1592 9679 3986 10000
6624 0 8768 154
5967 8031 6116 8732
507 3103 2167 3799
4105 4333 4801 5100
7135 687 7908 814
7650 6695 7855 7029
5210 4105 5806 5148
1529 1293 2542 1343
7706 3555 9220 3781
3990 8792 8904 8872
1529 244 4574 528
1882 7999 3438 8597
2345 6593 3386 6905
2958 6440 5161 6593
3017 932 3816 1414
6251 1989 6558 2150
7055 7416 7298 8572
3898 9174 4487 9315
8768 0 10000 932
9911 932 9912 6978
5342 8872 5620 9360
462 7416 3438 7716
3438 7746 3990 8872
9607 4731 9866 6548
1538 1989 1609 2632
4315 1989 5678 2926
1777 1498 2850 1592
5161 6184 7226 6409
2854 1498 3964 1989
5208 8872 5342 9407
2958 3294 6247 3373
6246 8031 7055 8356
3973 4105 4105 5591
4574 244 4953 366
1777 1592 2854 1989
1020 6094 4118 6374
6078 2547 6934 2668
2460 4462 3973 5591
3388 7029 7001 7320
1877 4049 3973 4462
8904 8827 9141 9570
7011 2192 7826 2651
