1025 145 1644 1095
878 5961 1582 9647
8293 9034 9132 9729
4042 2736 4391 3721
2102 7487 2313 9626
0 1095 211 3770
3406 1364 7948 1775
6649 2155 6794 2676
878 5593 3535 5961
9148 5753 9605 7912
9080 2381 9612 3915
2217 1703 2748 4356
7937 8395 9571 8772
6152 4674 6604 5972
2859 2155 6628 2601
7924 5069 8199 6515
7632 6599 8201 7853
1644 190 2217 2969
23 4339 435 4679
501 145 1025 1095
0 3770 414 4029
2748 2155 2859 4356
4219 4378 4356 4674
0 9647 3229 10000
2951 688 3406 1703
4357 4356 5367 4615
6800 4205 7004 6693
7632 5739 7831 6565
9148 7912 9630 7959
4908 5182 5562 8202
2630 8767 3229 9647
5593 4674 6152 7292
1644 4120 2217 4888
2630 7487 4150 8371
7262 4306 7632 6303
7632 4977 7912 5685
3718 4729 4819 5117
435 8396 878 9647
3535 5182 4150 6783
3406 694 6265 883
4884 2662 5983 2736
4070 883 7548 1257
2859 2601 3526 3208
0 8144 406 9108
0 4679 435 8117
878 4888 2199 5494
3229 8371 3988 9995
8232 3915 8822 5250
501 8 6744 145
3406 883 3970 1339
2217 5117 3535 5593
2748 1703 3406 2155
8084 8814 9570 9020
4150 5339 4881 8305
9757 1468 9902 7889
3526 2601 4042 3721
435 4084 1644 4888
4820 2736 5706 3721
8219 322 9023 1782
6152 5972 6604 6291
968 1960 1546 2329
8278 2272 9080 3630
2470 236 6582 322
6604 3388 6619 4505
4673 9149 6014 9761
3406 1775 7948 2155
2859 3857 6604 4356
5706 2736 6604 3721
2217 322 8219 688
8219 5367 9148 6136
3994 8856 4656 9749
211 2113 745 3770
1588 6783 2102 9531
8822 3915 9630 5367
2102 6783 4150 7487
7632 4205 8217 4969
3994 9766 6369 9975
3994 8380 4820 8856
1582 5961 3535 6783
2313 7487 2630 9647
8219 6136 9109 7943
2217 4356 3718 5117
745 2329 1174 4084
7907 7959 9630 8103
2859 3721 6604 3857
4070 1275 7820 1364
6040 8569 6754 8853
6794 2155 8219 4205
7948 688 8219 2152
9095 493 9708 1468
4673 8989 5326 9149
1644 2969 2217 4120
9630 1468 9757 8103
7907 8103 9408 8329
4391 2736 4786 3687
2630 8371 3229 8767
745 1095 1504 1929
3535 5129 5001 5182
1595 1095 1644 4067
7696 8809 7907 9658
81 268 501 930
435 4888 738 8396
211 1095 745 2113
9139 1468 9630 2160
1644 150 8792 190
5590 7854 6038 8512
738 4888 854 7021
2217 688 2951 1703
1174 2329 1595 4084
2859 3208 3526 3721
