5817 2585 7360 3301
6569 332 8434 2038
1877 3953 5603 4995
5817 2497 7276 2585
51 3111 1435 3409
5538 7773 6464 8131
105 2103 711 3050
7809 9016 7994 9035
4079 9575 7025 9642
1515 2234 3086 2748
8434 662 9947 1422
51 3443 1460 4099
2437 8593 3125 9470
1305 4099 1515 5512
51 1779 2802 1979
0 220 1086 1779
4710 1897 5857 2458
6492 7101 6936 8123
3086 1638 4710 2358
7360 5176 7410 6467
6937 5189 7360 6795
1535 2748 1877 5338
124 6295 1667 7257
1837 8593 2437 9379
2802 1068 4710 1638
2485 781 4184 965
8978 7169 9707 8531
1305 5526 1837 6295
633 4099 1305 6295
7994 8593 9787 9281
8434 332 9801 621
4942 5189 6482 6297
6492 6323 6937 7089
1877 4995 3446 5526
1515 2116 2992 2234
2006 5567 2846 5868
3321 5868 4167 8593
5097 332 5857 1897
5603 3953 7143 4995
3125 8593 6347 9255
51 8441 1837 9379
51 7566 1823 8441
9947 0 10000 10000
7360 2467 9053 2503
9093 1422 9359 2015
9634 2467 9785 6691
7360 4144 9629 4362
1086 1068 2802 1779
6001 8135 8439 8593
4167 5868 4209 6706
0 1779 51 10000
3086 2358 4710 2748
2802 1638 3086 2103
9787 1422 9947 9281
51 1979 2802 2103
3446 5362 4205 5829
4167 7773 5538 8593
6653 5189 6856 5760
7143 3301 7360 5189
168 4099 633 6154
7360 4362 9078 5071
7025 8593 7392 10000
3984 9470 6058 9539
1877 2748 5817 3301
0 0 4710 220
711 2103 1394 3026
4942 6327 6492 7773
3125 9262 6985 9470
51 4099 110 7169
4714 332 5097 1672
1837 5868 3321 7826
5538 8135 6001 8593
6937 6795 8439 8135
8439 6856 8815 7168
5857 332 6569 2467
1228 912 2267 1068
6569 2038 8171 2425
4216 5189 4785 6362
6836 91 9885 332
4710 2467 5743 2741
51 9379 2437 10000
2585 9470 3984 9985
8439 7169 8954 8505
3446 4995 7143 5189
3984 9642 6675 9955
1086 221 1991 906
1877 3301 7143 3953
1962 7826 2406 8509
124 7289 1353 7537
7392 9281 9947 10000
