2860 8291 3006 8891
1214 6591 1268 8442
0 40 3568 1060
8945 0 9116 5649
5909 7681 6726 10000
5909 6488 7262 7285
533 9050 4512 9623
3478 5320 6382 6354
2715 2542 7250 2925
4583 6488 5909 8260
0 1060 3840 1327
3183 6488 4167 8125
2260 2542 2715 8896
3183 6446 9570 6488
704 1459 755 3200
3173 2925 3183 7561
6382 5649 9402 6446
5227 923 6650 954
755 3147 1284 6115
9476 4665 10000 6446
7250 1560 8945 2925
6850 5350 8945 5649
1957 2542 2260 8896
533 8896 3713 9050
533 9623 4512 10000
3713 8260 4512 9050
548 6117 1169 8393
9570 6446 10000 8628
4542 2925 5178 5320
6850 3976 8945 5350
6850 3339 8521 3976
6726 8934 7203 9803
6449 5320 6638 5643
3851 0 4904 451
8274 8663 10000 10000
76 1330 293 9687
3183 2925 4542 4499
9116 0 9402 5649
5178 2925 8945 3339
3968 4499 4542 5320
1290 6117 1345 7413
4905 9 8592 456
2715 2925 3153 8127
4597 1560 7143 2399
6726 8628 10000 8663
755 1560 3785 1772
6726 7681 9570 7883
1370 1800 4342 2492
6650 456 8945 1459
7262 6488 9570 7285
755 2548 1953 3041
3851 451 4905 1330
6726 8664 8108 8884
403 1459 533 10000
4524 7038 4583 8205
5178 3339 6850 5301
5909 7583 9570 7681
1151 1330 4558 1397
5909 7285 9570 7583
3183 4499 3877 5000
4512 8260 5909 10000
8521 3339 8945 3976
8103 8934 8274 9997
1345 3041 1957 8896
9402 4665 9463 6435
755 1459 8945 1560
3634 0 3851 1060
9402 0 10000 4665
8276 7883 9570 8628
293 1330 403 10000
6726 7883 8276 8628
4439 2403 7079 2542
6668 5320 6850 5537
