4425 8055 9338 8123
5178 2005 6836 2432
4580 3963 5467 4006
4580 3402 6181 3963
4320 564 5668 1396
9040 2849 9821 3441
6334 8860 6599 10000
3384 3675 3418 5000
7212 2748 8239 3103
5288 229 5338 491
2493 6863 3264 7744
5668 1293 6693 1396
1380 6850 1759 9708
8499 3659 8882 4731
7620 3659 7753 5728
1423 9724 1485 9794
3282 6989 3313 8361
4320 229 4643 564
5155 1624 5178 2432
1759 8413 2321 8531
3313 7567 10000 7779
8901 1520 9040 2641
1038 229 1470 3103
392 6628 2493 6850
4515 8708 4710 9811
8882 3659 9821 4390
1985 5000 2248 6584
3582 229 3853 1396
0 7556 1062 8938
5668 564 6693 1293
4515 8612 4738 8708
620 4797 2237 5000
940 3103 1469 3975
8976 6863 9944 6897
8920 4897 9426 6140
3169 5262 3397 6584
4515 8255 7079 8412
8108 392 10000 564
392 6850 1375 7553
8108 0 10000 392
4580 4035 5095 4102
4431 3105 4580 5262
1759 8550 2924 9590
3124 3105 4277 3675
4241 229 4320 1396
4894 8412 5006 9214
7095 1976 7212 3105
9426 4390 9755 6647
121 7055 392 7549
392 4797 620 6584
3523 5416 4605 6304
1759 6850 2195 8413
9946 2849 9973 6838
202 0 690 2412
192 255 202 718
9234 564 9635 2726
1470 229 2327 1577
5178 1624 6836 2005
4569 7833 7265 7991
2195 6850 2477 8219
0 4712 226 6859
1948 1624 2537 1773
9372 8308 9750 9854
6641 3105 7212 6593
3124 3675 3384 5000
8976 6897 9946 7567
5006 8412 5090 9215
2514 612 2828 1501
8114 5626 8479 6117
3397 6695 9747 6863
3418 3675 4250 5000
5090 8860 6334 10000
7939 4897 8920 5614
1038 132 5338 229
3797 2432 6836 2814
9813 8308 9892 9773
4385 8055 4425 9836
7265 7779 9338 8055
2248 5000 2701 6525
7925 4284 8449 4893
2369 229 2514 1624
6693 564 7579 1396
9821 2849 9924 6863
4756 9215 5081 9989
620 5007 896 6584
8239 1520 8901 3103
9040 564 9234 2726
7925 6165 9397 6548
3821 8055 4385 9593
5284 526 7660 564
3169 5129 4431 5262
8667 9671 8920 9850
7079 8123 9338 8412
1958 5000 1985 6584
6820 6989 8632 7428
7620 3441 9821 3659
690 0 940 2412
2964 9853 3430 9964
1948 2275 3797 2861
6599 8412 6958 8839
2580 1624 3797 2199
2248 6525 3070 6577
7234 3441 7391 5623
2493 6628 3084 6835
4325 7071 5446 7567
959 447 1038 3069
0 718 175 1800
8882 4390 9426 4888
9635 698 9981 1645
5446 7134 6695 7342
9924 5398 9946 5490
2701 5000 3169 6525
3169 5000 4250 5129
620 5000 896 5007
392 6584 3397 6628
7925 6140 9396 6165
392 4345 2237 4533
9040 2726 10000 2849
3313 7779 3757 8550
4665 6593 7612 6692
5338 0 7660 526
7954 6549 9302 6667
0 7055 100 7436
4580 3105 6396 3402
3853 229 4241 1396
4665 5416 4883 6354
6819 7428 8976 7567
8744 564 9040 1520
5987 3963 6181 6593
9338 7779 10000 8308
3269 6863 8976 6989
9635 1645 10000 2726
1808 5000 1958 6584
4450 7991 7265 8055
4425 8123 7079 8255
2514 1520 8239 1624
6181 3402 6396 6591
8367 564 8744 1520
3797 2814 7095 3105
5090 8473 6208 8774
0 2412 156 4316
4250 3675 4277 5129
4643 229 5284 564
2828 229 3582 1396
4325 6989 5446 7071
8361 8911 8650 9852
3772 7779 4450 8055
4425 8255 4515 10000
5577 4149 5860 4253
1470 1624 1948 3105
7660 0 8108 564
3507 6989 3592 7495
2580 2199 3793 2275
7212 1976 8239 2748
6405 3105 6641 5905
1470 3869 3124 4345
7348 3103 8815 3392
6836 1976 7095 2814
8901 2641 9040 3103
0 4316 156 4345
3758 9245 3772 9711
896 5000 1808 6584
1470 3105 3124 3869
2828 1396 7507 1520
7579 564 8367 1520
8012 3660 8456 4125
1038 0 5338 132
6836 1624 8239 1976
9050 9010 9293 9203
1079 7833 1349 9060
4761 8412 4894 9116
392 4533 2237 4797
8632 6989 8976 7428
3797 1624 5155 2432
2237 4345 3124 5000
3397 5262 5987 5416
1948 2861 3797 3105
156 2412 940 4345
4277 3105 4431 5129
7403 3441 7620 6588
