8382 539 9657 1484
8281 5270 8335 7857
0 0 10000 57
835 2089 1130 4071
1119 5995 1268 8359
7948 7274 8094 8295
5294 5474 7620 5948
3427 6337 4015 7732
5098 2484 5243 3762
1370 9315 2530 9968
1268 5488 3232 5699
1268 5699 3232 5830
8397 3467 8450 7857
0 4527 1268 5995
7366 3142 7945 4842
8312 539 8382 1484
5549 2586 7257 3766
2444 7732 2800 9160
0 1444 3427 1535
2800 8668 3130 9062
1368 4527 2396 5435
5391 7144 5482 8846
3232 2920 3424 5594
7706 539 7756 2045
1268 6691 1599 9160
835 4071 2868 4398
8947 8134 9657 8603
6265 6150 7372 6904
4743 2167 4791 5121
8312 1484 9657 2073
2432 534 3953 1167
2533 9315 4113 9967
4486 425 4743 1496
9981 218 10000 9537
1130 1914 3181 2214
835 1535 1130 2089
5374 683 5456 2073
369 127 1208 1394
4743 425 7551 683
1872 2907 2975 3102
6252 152 9988 218
878 5995 1070 7704
4486 152 6185 284
1711 8215 1734 9160
3427 6048 4107 6337
7372 8842 8440 10000
1878 6375 3232 6691
7620 5270 8281 5911
5243 2484 5549 3766
5482 7144 6837 7594
9496 2073 9542 8134
5487 8324 6061 9264
4791 2484 5059 3745
272 78 1208 127
2900 4071 3232 5488
8440 9361 9937 9420
2396 4527 2900 5488
1872 2490 2574 2866
262 1394 2037 1444
6185 218 7496 278
5456 683 6106 2073
8450 3467 8805 7857
1711 6809 2444 8215
7285 2771 9496 3142
9542 2073 9657 8134
3991 1444 4050 6015
6601 9317 6776 9495
1208 152 4486 395
5482 7594 6837 8324
4743 5121 8335 5270
7945 3142 9066 3467
3427 1529 3786 2189
3427 3725 3942 6047
6837 7144 7029 9315
5059 2484 5098 3759
8805 3816 8842 5838
7706 220 9544 539
7372 6150 7531 8842
878 8359 1144 9933
8849 7284 9478 7846
4050 534 4107 6048
835 4450 2882 4489
4791 2332 9496 2484
4743 2073 9480 2167
4522 5948 7620 6150
0 5995 878 8685
1208 78 10000 152
4743 683 5374 2072
9066 4040 9351 6333
8335 5121 8397 7857
2800 7732 4015 8668
7556 218 7705 2070
6470 683 7084 1688
8281 7857 9496 8134
7620 5911 7706 8842
4107 534 4356 6337
1599 6691 1711 9160
1268 5830 1878 6691
8440 8603 9981 9361
5549 2486 7179 2586
4015 6337 6265 6904
4791 3766 6248 4275
8849 3467 9055 7173
328 1535 767 4489
4522 1496 4742 5270
4791 4492 7257 5121
1208 395 2037 1394
262 57 10000 78
1130 3130 1571 4047
0 4489 2900 4527
7764 1114 8312 1936
4791 2167 9406 2332
4657 6904 5319 8665
0 8685 652 9664
2037 395 2432 1404
1130 2214 2866 2478
1734 8215 2444 9160
4015 7171 4435 8213
4486 284 7556 425
7945 3467 8397 5121
356 127 369 1298
7257 2586 7285 5121
4522 5474 5294 5948
7706 5911 8281 7274
4791 4402 6623 4492
0 1535 328 4489
8440 9420 9297 9825
7285 2696 9496 2771
1215 2488 1582 2873
8477 8546 8616 8561
3063 2907 3229 4016
0 57 262 1444
1878 5830 3232 6375
7285 2488 9080 2696
2432 395 4486 534
4356 534 4486 6337
4742 1496 4743 5052
5391 6904 7029 7144
2037 1404 4049 1444
1268 9160 5391 9315
7029 6904 7372 10000
1418 1568 1808 1899
767 1535 835 4489
7706 8603 8289 8834
4516 6150 5837 6335
4139 9495 4818 9832
4486 1496 4522 6150
4522 5270 7620 5474
8659 8134 8947 8532
9657 218 9981 8603
7531 6150 7620 8842
2444 6809 3427 7732
1711 6691 3232 6809
