505 5634 3763 5719
7513 4945 7565 9340
6673 2615 7091 2662
6170 1565 7756 1817
7565 4945 7782 9515
108 1494 2581 2582
4424 6445 7513 6758
5872 6758 6511 9160
6673 2676 9827 2760
3513 39 3688 3673
5872 9160 7513 9340
6801 4546 9767 4850
9139 7822 9368 9915
1779 8651 4079 8944
195 4850 3648 5341
0 39 108 10000
5689 2636 6013 4850
9364 3757 9459 4516
3688 1282 6170 2551
7113 39 7860 1565
6175 394 7062 459
6516 4945 7100 5883
195 5634 404 9515
6013 4531 6801 4850
505 8508 1029 9340
7001 3757 8338 4433
7782 9473 8748 9751
239 3455 290 4722
6673 1817 9058 1831
404 5634 505 9340
6982 4461 7797 4531
108 379 1775 1494
9169 4945 9984 7404
6170 1817 6673 4454
3763 5634 6516 5703
2958 2807 2994 3124
3763 5703 6516 5883
3556 5719 3763 8014
872 4646 4779 4850
6673 3162 9997 3757
9058 0 9204 2602
7860 1250 9058 1817
108 2582 2581 2807
9368 7822 9820 10000
4728 6758 4915 8944
8236 5074 8748 9473
7062 1121 7113 1131
4915 8406 5386 8944
3513 3673 4777 3789
8344 3757 8904 4491
4424 6758 4728 8508
7782 4945 8236 9473
8939 7876 8966 8103
108 39 3513 227
669 5719 2319 7978
290 2937 2940 3094
3763 6445 4424 8508
6511 6758 7513 9160
108 2807 195 9751
9211 0 9966 2611
8748 4945 8871 9751
3763 5883 7100 6445
4915 6758 5872 8406
195 5341 5856 5634
1029 9199 5386 9313
6516 4850 10000 4945
740 3094 2940 4646
8236 4945 8748 5074
2994 227 3513 4646
5856 4850 6516 5634
5386 8406 5872 9313
195 9515 7782 9751
7860 334 9026 1250
602 274 1048 379
3648 4850 5856 5341
8871 4945 9169 7822
404 9340 7565 9515
6673 1831 9058 2615
9063 7822 9139 9908
0 0 9024 39
3513 3789 4779 4646
3270 5719 3556 8003
6013 2551 6170 4454
505 8014 3763 8508
108 9915 5167 9987
4779 2636 5689 4850
9820 7915 9999 9982
1029 9313 5872 9340
2325 5719 3256 7701
1029 8944 5386 9199
290 2807 2931 2937
3688 2551 6013 2636
740 4646 872 4850
290 3094 740 4850
3688 2636 4043 3620
7100 4945 7513 6445
108 9751 9063 9915
1775 379 2994 1494
3688 214 6085 1282
2581 1494 2994 2807
6673 2764 9990 3162
