1401 2519 5057 2594
2642 7746 3779 8236
8877 6572 9007 9651
1401 1296 6942 1341
6812 2255 7486 2331
959 0 1024 6485
8030 3190 8595 3423
0 7746 1392 9348
8621 3190 8674 3917
1024 3239 3082 3501
234 7141 4793 7645
1401 968 5921 1223
1392 7746 1610 9348
0 0 959 3254
0 9348 1610 9709
7069 6478 9733 6572
3864 2341 6237 2519
4559 4536 4793 7141
1024 3501 3088 4072
3864 1523 5051 2255
965 6485 3088 6669
4793 4536 5030 9101
3088 3239 4559 4340
5030 4536 7486 5594
588 3254 959 6485
0 7645 3779 7746
588 6485 965 7141
234 3254 588 7141
6812 2331 7486 4536
1610 8911 3779 9651
1610 7905 2642 8911
7887 4056 10000 4775
5030 6906 5701 9101
3864 2255 6812 2341
965 6791 2567 7133
7069 6665 8373 8952
2642 8236 3269 8911
1024 5299 2872 6485
8675 4775 9749 5594
4338 9709 10000 9769
1401 39 5066 266
1024 4072 3088 5299
1014 6669 3974 6781
110 3254 234 6801
1401 532 5928 968
9675 1523 9999 3178
9749 4775 10000 9651
2872 5299 3088 6485
7486 2256 7948 4056
1401 328 5133 532
1401 1235 5837 1286
6015 6824 7069 9101
9007 8710 9300 9541
5030 5594 7069 6824
8362 478 9713 1121
4209 7645 4793 9101
4338 9769 10000 10000
1901 2694 4559 3150
2826 1376 7364 1391
8775 3190 9379 3908
3269 8236 3779 8911
3779 9101 8877 9651
0 9709 4338 10000
8034 2255 9499 2862
5051 1523 9675 2255
8298 478 8353 1352
9898 3190 10000 4054
5928 266 7126 1203
7486 4775 8456 5594
1401 1391 10000 1523
1072 0 1401 2006
1610 7749 2634 7905
3779 7645 4209 9101
7381 267 9988 478
4559 2594 5082 4536
3088 4340 4559 6669
5082 2519 6237 4536
7486 4056 7887 4775
1610 9651 10000 9709
1401 1523 3864 2519
5030 6824 6015 6906
5701 6906 6015 9101
1024 3150 4559 3239
8456 4775 8675 5594
9007 6572 9668 8509
6237 2341 6812 4536
7069 5594 9614 6437
