136 162 1417 579
4211 3600 8758 3797
623 4293 1017 5817
563 2454 623 5875
1906 1072 2952 2228
1909 4207 2236 6761
5311 2376 6685 2939
1250 6761 3634 7017
148 579 1417 975
8758 986 8966 4209
1413 8301 2840 8728
8551 9422 9861 10000
9346 8787 9861 9280
7761 3797 8696 3853
2952 1589 5032 2046
8481 7555 9859 7658
1109 6761 1250 6974
5380 3804 6934 3858
8481 5572 9097 6395
7135 3858 8626 4192
4989 5572 7932 5689
4012 4822 4301 7130
9726 4308 9861 5012
9097 5572 9726 6322
3926 2460 4177 4717
8966 986 9051 4150
307 8746 2661 8893
6620 1589 6685 2056
5177 8361 8950 8556
4377 3487 8758 3600
2661 8746 2866 9800
3926 4717 9300 4822
7104 420 7816 986
563 7257 700 8739
5177 8556 8950 8580
5177 9422 8551 9676
4989 5469 9300 5572
7983 5572 8481 7658
1250 7061 4012 7130
1474 4207 1909 6761
623 2454 1168 3688
7832 5689 7934 7156
5311 2939 6685 3060
713 7257 1413 8746
5177 8029 8950 8361
136 8893 1541 9871
5237 7658 9346 7694
4989 5391 8436 5469
1906 2228 2952 2460
2952 420 7050 886
5032 1589 6620 2056
4301 7156 7934 7257
4989 6373 6068 7156
136 9884 2861 9999
8481 7072 9861 7555
5032 2056 5168 3324
8360 986 8758 3487
3632 4150 3835 5475
0 0 136 10000
5177 9676 8551 10000
4989 6354 6062 6373
307 975 1417 1072
2952 2046 5032 2460
5093 3858 7135 4333
307 1679 381 8746
136 0 2952 162
5177 8859 8950 9200
9819 3828 9833 4144
4377 2460 5032 3487
7180 986 7241 3085
2895 3688 3836 4150
4389 5391 4989 7156
623 4150 3622 4207
8436 5009 9162 5376
8441 4566 9057 4682
3290 4496 3501 5023
5168 2056 6685 2272
381 1679 1168 1842
2241 7285 4937 7690
4682 5282 8369 5391
5177 8580 8950 8859
8758 4209 9844 4233
3836 3162 3926 7034
4500 8029 5177 10000
136 579 148 8863
8481 6395 9641 7036
2952 235 9906 420
9062 2917 9684 3812
1250 7034 3926 7061
4301 4822 4389 7156
1168 1679 1906 3688
5177 9280 9861 9422
5032 3348 8360 3487
2562 162 2952 1072
9861 420 9906 10000
2236 5561 2541 6750
9346 7658 9861 8787
4989 5689 7832 6354
2952 109 10000 235
563 5875 1088 7257
9062 1064 9698 2747
1088 4221 1405 6686
1413 8160 2446 8301
1906 3162 3836 3688
2547 5561 3820 6737
5177 9200 9346 9280
5311 2282 6567 2376
5731 4839 8404 5280
6327 4333 7135 4566
4211 3797 5093 4566
2952 0 10000 109
5024 890 6397 908
4177 3600 4211 4555
2868 7694 4500 10000
307 1072 1906 1679
4389 4822 4670 5345
623 3688 2895 4150
1417 162 2562 1072
5237 7257 7934 7658
7934 5572 7983 7658
5032 3324 8321 3348
5584 4360 6327 4499
5168 3060 7104 3324
9300 4717 9672 5456
7135 4233 9726 4566
4500 7747 5414 8029
2952 936 6677 1589
9906 235 10000 10000
9700 986 9858 3749
1088 7130 4301 7257
8950 7694 9346 9200
6068 6856 7555 6954
4220 2460 4377 3142
3934 5138 4012 6512
7816 420 9861 986
1018 4207 1088 5867
563 1842 1168 2454
1906 2460 3926 3162
148 975 307 8893
381 1842 563 8746
5168 2272 5311 3060
6685 890 7104 3058
