1782 8794 2685 10000
1995 8298 3249 8794
9534 6341 9674 7263
4551 916 5030 1960
3691 678 9063 916
482 21 912 1750
0 4081 213 8794
213 7662 3909 7713
9063 71 10000 916
5569 5398 8160 5624
9125 7263 9431 8433
1315 4050 1822 4077
8012 7263 8735 9317
7951 2935 8139 4962
8160 5398 8871 6341
5230 8981 7054 9317
482 3 3287 21
1573 9225 1780 9319
2685 8794 3981 9282
1386 4998 4720 5321
6839 6818 9530 6890
7810 2211 9971 2290
3811 3834 6014 3898
7810 999 10000 2211
357 7043 1543 7244
3981 8794 5230 10000
9431 9611 10000 10000
9431 8316 10000 9611
5251 6818 6372 8040
2395 2001 2612 3479
912 38 7578 71
5313 5870 5569 6202
8217 2935 8249 3473
4161 5733 4205 5946
2398 5958 2941 7221
6293 4203 7383 4502
3156 362 3328 3479
3009 362 3156 2001
357 4145 795 7043
1571 7244 1840 7658
6237 277 8037 660
1386 5321 1543 7043
6425 5624 6598 6013
2398 7221 2963 7662
3739 8040 6372 8298
3691 458 6237 678
6372 6818 6839 8298
545 2716 2144 2956
9674 2290 9971 7263
482 1750 1484 2001
7054 8298 8012 9317
4476 6278 7105 6776
7105 5624 8160 6818
2685 9282 3495 9965
3708 280 6126 362
213 7713 3465 8298
3693 3013 3911 3059
5030 916 10000 986
1543 5325 5138 5718
4720 4502 5309 4818
8735 8977 9125 10000
1017 71 1484 1750
7546 9317 8735 10000
545 2956 2144 3224
7076 2437 8383 2537
2554 71 3009 2001
5764 3097 6533 3347
795 4145 4806 4502
4551 1960 7076 2935
1084 3224 1314 4073
1547 9225 1573 9958
3249 8298 6800 8794
0 8794 1775 9225
4720 4818 5309 5321
3381 362 6237 458
1484 1222 2554 2001
9125 8433 9431 10000
8148 3564 8320 4844
213 8298 1995 8794
5230 8794 7054 8981
1386 4895 4167 4998
79 516 482 1715
3328 362 3381 916
551 2107 749 2668
2144 2107 2395 3479
6839 7263 8012 8298
1758 71 2554 1222
749 2107 2144 2716
9971 2211 10000 7263
8500 3730 8555 4193
7412 986 7518 2290
7518 986 7810 2290
8160 6341 9534 6818
2196 4081 4924 4144
0 2001 545 4081
3465 8040 3739 8298
283 4081 357 6522
545 3224 1053 4057
8148 5074 8347 5398
3009 188 8969 275
8871 3116 9061 5469
6800 8298 7054 8793
5030 986 7076 1960
862 5016 1386 6917
2612 2001 3156 3479
8735 7263 9125 8977
2963 5946 3909 7662
4117 6818 4736 7468
795 4625 4713 4675
0 9225 1547 9964
795 4502 4720 4625
9586 2290 9674 6335
8347 3564 8500 5398
1530 4675 4519 4842
6822 4502 7346 5397
6839 6895 9528 7263
9070 2290 9586 6341
2144 3479 7383 3834
1484 71 1758 1222
1543 5718 1586 7220
7383 3097 7951 5398
4072 7717 5251 8040
3328 916 4113 2715
545 2001 2395 2107
3909 6181 4646 6278
7076 2537 8871 2935
3009 80 9036 188
9431 7263 10000 8316
5230 9317 7546 10000
1573 9319 1782 10000
7076 986 7412 2290
3361 2715 3440 2897
4551 2935 7951 3097
5309 4502 6822 5398
7810 986 10000 999
3381 458 3691 916
1586 5718 2398 7244
912 71 1017 1750
1315 3231 2104 4050
4113 916 4551 3097
