1142 9585 2468 9846
8449 170 8544 1102
2468 9379 5727 9846
9475 6600 10000 9295
289 7043 2468 7461
1142 9846 10000 10000
0 3497 289 7461
5471 3042 5583 7587
0 0 1482 2106
4751 3042 5113 4539
6986 6212 8083 6326
5144 3042 5411 6655
4605 3497 4740 6475
8267 1460 8579 2100
0 8649 2303 9237
9017 7138 9475 8637
2219 170 5195 927
1482 1792 5158 2102
5603 5299 6161 5536
9745 0 10000 6600
2383 4543 3938 5809
2019 2329 4750 2903
5727 8637 7485 9846
8733 6556 9745 6600
2019 2106 5548 2324
8318 6556 8733 8637
8582 4649 9495 6515
325 3757 4576 3781
4576 6679 5471 7043
289 3497 4576 3757
8549 8653 9398 9016
8582 170 9745 2649
289 3757 325 4865
0 9237 1142 10000
5422 3207 5470 6222
0 7461 2229 7650
1482 0 2219 927
1142 9237 2468 9585
7754 1460 8244 2256
8549 9295 10000 9846
2468 7043 4255 7598
1482 927 5195 1460
5550 1792 7561 2326
7585 1792 7750 2312
1783 5577 1792 6518
9655 4649 9744 6463
2219 0 9745 170
2743 3932 4430 4530
5584 3042 7702 3375
7710 3433 8581 4489
4751 2329 8309 3038
5207 8664 5306 9379
7458 3375 7674 5084
6876 3375 7455 3546
1482 1460 7582 1790
9513 4649 9655 6556
6416 170 8449 1460
5195 170 6416 1460
3352 7603 8318 8494
6161 5208 8579 5657
4751 5008 5136 6584
5584 6948 8261 7591
8582 2649 8772 4572
7485 8637 8549 9846
0 2903 4751 3497
5584 3375 5893 5205
289 4865 1704 7043
0 7655 2423 8519
1704 4530 2380 5577
2383 5809 4547 6904
8781 2649 9745 4649
325 3781 1704 4865
0 2106 2019 2903
