7734 4930 10000 5041
2695 3277 9114 3325
9114 698 9574 3266
2998 2076 5379 2735
3317 8392 6058 8629
3317 7670 4726 8392
7892 2530 9114 2881
0 8870 2015 9112
0 1041 1343 2768
470 6010 9126 6481
4727 7670 5963 8302
7734 3600 8267 4930
1729 1041 1793 3277
3317 7236 6086 7670
9126 5806 10000 6692
470 6692 8724 6869
5583 5354 6364 5664
1144 0 1211 331
6294 7236 7044 8794
0 7813 2015 8870
6198 1100 7108 1532
7044 8078 8283 8657
2998 1041 5379 2076
0 2768 470 7323
6086 7236 6262 8115
5605 4408 6364 4937
470 4768 3118 6010
0 443 6198 502
470 6481 9126 6692
3118 4050 6364 4408
7867 9231 8680 9887
7734 5041 10000 5806
7734 5806 8955 6001
1793 2735 6198 3277
0 7323 2015 7813
7892 443 9114 2530
8724 7141 8898 7899
5379 1041 6198 2735
470 2768 1343 4768
6198 1532 7108 3277
6198 443 7108 1100
2695 3325 3118 4768
3713 4408 5322 5664
30 9636 1081 9838
8267 3600 9578 4930
0 502 6198 1041
7892 2881 9114 3277
3317 9231 6683 10000
9025 6692 9982 9994
9578 443 9747 2176
470 6869 1991 7306
7734 3325 9578 3600
7526 3325 7734 6010
3317 6874 8326 7236
1343 1041 1729 3277
1343 3277 2695 4768
3118 3325 7526 4050
2015 6869 2728 10000
7108 443 7892 3277
1211 0 10000 443
5322 4408 5583 5663
1793 1041 2998 2735
3713 5664 6364 6010
3118 4408 3713 6010
7044 7236 7895 7979
6364 4050 7526 6010
2728 6869 3317 10000
6294 8795 8724 9231
