6321 8135 8183 10000
0 0 163 5718
8808 8536 10000 10000
7828 2305 8608 3861
2368 1123 2815 2009
1651 7192 2351 9626
531 3373 4110 3646
6182 6576 7968 6857
163 0 945 2093
2971 208 7586 872
2368 7739 2679 9814
6676 5246 7968 6576
798 5718 2677 7192
3118 1123 4110 3373
2176 5031 4110 5418
1638 0 2971 872
2971 0 10000 208
9204 3812 10000 8536
7586 2019 9066 2305
4628 3861 6182 5418
2176 3646 4110 5031
630 2428 3118 3143
1927 3646 2176 5418
8608 2305 10000 2910
801 7192 1646 9817
4672 8486 6321 8717
3964 7192 4672 10000
6182 3861 6261 6564
9014 592 9067 2019
536 5718 798 9538
1638 1123 2368 2243
8608 3171 10000 3812
230 3606 531 3819
7586 592 9014 2019
4672 9059 6321 10000
945 0 1638 2093
3054 7313 3337 7739
4628 2305 5117 3476
4110 1123 4628 5418
8896 3812 9204 8536
6676 3861 8608 5246
2188 9818 2669 9943
4672 8717 6321 9059
5117 2305 7828 3476
1638 1083 3817 1123
4628 3476 7828 3861
2677 6857 8896 7095
2677 7095 8549 7192
6386 3861 6676 6092
191 6596 496 9813
163 2093 1631 2242
7968 5246 8608 6857
2677 5748 5293 6646
163 5418 6182 5718
7586 208 10000 592
8608 2910 10000 3171
4628 872 7586 2305
8549 7095 8808 10000
8820 7095 8896 7883
6321 7192 8183 8135
531 3646 1927 5418
9067 592 10000 2305
4672 7192 6321 8486
8183 7192 8549 10000
8608 3812 8896 6857
2679 7739 3964 10000
