6034 3472 6729 6283
3154 2382 3595 5866
712 258 916 1944
2190 2067 2813 5577
7898 3982 7975 4157
3650 3201 3750 5807
3595 2382 5658 2437
48 1587 161 3570
502 8676 8814 8677
1125 4636 2093 7290
0 3984 502 9995
8330 1316 9912 2546
6651 276 7879 993
2190 5882 5511 7334
3750 3201 6034 5271
1125 7376 7617 7908
3154 1316 8330 1592
7879 185 8767 993
690 3999 2190 4636
3051 1507 3154 5882
2511 8179 4837 8448
513 258 670 2320
7617 6707 8691 8452
916 676 6651 993
6946 4185 9657 4389
3595 3079 10000 3201
916 1184 8545 1301
7617 6283 9885 6707
916 993 8767 1184
8691 6707 9885 8452
690 7908 7576 8025
161 258 513 3984
508 3999 690 8260
1125 7334 7568 7376
5217 9648 8615 9941
3154 1592 5658 1624
6651 0 10000 185
5511 5271 5757 7204
6034 3201 9997 3472
2817 1507 3051 5761
932 4636 1125 7908
8767 185 10000 1316
5823 8384 7617 8452
5589 8677 6734 9320
916 1507 2396 1989
9885 4185 10000 10000
916 2186 1963 2325
883 9648 2217 9845
3154 1624 5658 2382
5823 8025 7611 8382
0 0 6651 258
916 1316 3154 1507
6651 185 7877 276
6729 3472 10000 3982
690 8452 9885 8676
7448 8677 8619 9581
6034 6283 7617 7334
9412 8696 9861 9648
3814 5271 5385 5609
513 2325 2190 3984
6831 4395 7648 6104
3595 2437 6804 3079
7648 4395 9685 5632
6804 1592 8330 3079
916 258 6651 676
5658 1592 6804 2437
690 4636 932 7908
502 3984 2153 3999
9391 2580 9782 3064
