1448 5579 6618 5768
2189 5542 8145 5578
4809 2059 6233 3793
2581 6877 8959 6903
6059 7363 8241 7768
0 5572 357 10000
6875 8324 7482 8342
4179 9729 5990 9740
3212 4461 3670 4773
6233 1493 6263 3793
2262 9895 3731 9941
761 2964 1176 5572
2086 9303 2506 9578
293 2964 761 5572
6035 0 6107 440
744 5572 1058 6886
744 7236 2581 8176
3696 831 6245 1250
2581 6903 4044 7601
3759 3927 7405 4126
9638 5540 9690 7734
2581 8005 4189 8176
6107 0 6958 441
2047 9009 2498 9303
5964 8821 6386 9308
867 1709 2084 1773
0 0 74 5572
657 518 867 2154
4225 2610 4327 3793
1354 7046 2031 7236
74 0 263 5572
1349 2379 1448 5768
744 8531 4259 8830
6958 439 8743 831
8241 7270 8963 8503
9215 0 9651 1765
3826 7674 4189 8005
396 5572 581 10000
2950 1709 3127 4461
6245 831 8743 1250
8634 2536 8942 3934
8175 4475 8412 4886
8585 1765 8634 4802
4544 4603 6817 4854
4259 9327 10000 9506
1323 6622 6646 6877
2097 1709 2950 3797
3859 3914 7216 3927
6263 1493 7575 1833
2097 5410 6135 5483
4259 6903 6059 7768
6059 6903 8963 7270
6059 7270 8241 7363
357 5572 396 10000
2097 5110 9690 5410
2506 9841 4179 9895
6263 1833 6329 3793
2382 1293 3696 1709
5861 501 6958 831
6329 1833 7319 3793
1448 2379 1953 5578
2793 3797 2950 4444
8963 7108 9638 7734
2227 0 2774 831
9447 1765 10000 4863
6958 0 8743 439
7469 1833 7575 4327
3859 2610 4225 3793
2674 7802 2759 8005
8353 5578 8477 6253
7575 1493 9215 1765
5427 7768 5964 9327
1958 8830 2047 9895
3759 2610 3859 3927
5094 7768 5427 9327
3759 4327 7256 4427
3759 4126 7405 4327
3859 3793 7319 3914
2432 5768 5693 5775
8963 5540 9638 7108
5693 6328 6646 6622
1103 5572 1165 7121
581 5572 744 9895
3696 1250 3759 5110
8353 6253 8963 6877
7405 1833 7469 4327
4485 1493 4809 3751
293 2379 1349 2964
5964 7768 6370 8621
293 2154 1953 2379
2506 8830 3691 9381
3127 1709 3696 4461
8175 2866 8495 4305
6646 5578 8353 6877
5693 5768 6646 6328
6394 7806 8215 8275
744 8176 4189 8531
867 1773 1914 2140
1085 831 2382 1709
4318 441 5861 831
2774 0 4318 831
7575 1765 7958 4327
2747 4461 3212 5110
8477 5578 8963 6253
2506 9506 4179 9841
4318 0 6035 441
4327 1250 8743 1493
4198 1250 4321 2575
4189 6903 4259 8530
293 518 657 2154
5861 441 6958 501
867 0 1085 1709
2382 831 3696 1293
744 8830 804 9895
8963 7734 9817 8503
2957 5775 4275 6586
4962 5775 5682 6115
4544 5063 9690 5110
4444 7822 5094 8275
263 0 293 5572
8634 1765 9021 2536
1085 0 2227 831
9021 1765 9447 4863
7319 1833 7405 3927
1176 2964 1323 7236
2097 3797 2747 5110
3759 4427 4544 5110
3759 1250 4198 2610
1953 1773 2097 5540
4259 8275 4993 9193
1323 2964 1349 6622
9690 4863 9817 7734
6394 8503 9971 9315
8743 0 9215 1493
804 8830 1958 9895
7256 4327 7929 5063
9651 0 10000 1765
4809 1493 6233 2059
7958 1765 8175 5055
8634 4863 9640 5056
293 10 776 518
9817 4863 10000 8503
