2407 7963 3374 8350
6332 3492 8816 3498
4266 1576 7155 1751
1770 3451 2282 3624
1487 2844 1735 4148
4145 2637 7537 3492
7537 1972 9725 3177
2693 6193 3779 6385
7652 3177 8412 3484
4145 1751 7166 1972
465 9748 4956 9979
2693 1751 3578 3497
8195 9670 10000 10000
9744 1873 9871 2580
5211 9778 5889 10000
0 6367 465 10000
7166 1711 8624 1954
8195 8647 9725 9670
7437 4928 7886 5824
465 6894 1134 7386
2699 3733 2841 4374
6620 3837 8308 4602
5889 9778 8195 10000
3590 1751 4145 3491
2407 8350 3374 8692
2309 2371 2693 5527
2407 7549 3374 7963
3965 7549 4884 9249
5211 9218 6589 9778
5065 8156 5211 10000
4936 8156 5065 9534
6757 7386 9725 8156
465 7549 931 8655
2068 8655 2407 9748
5211 8647 7283 9153
6640 6788 7396 7169
3860 8692 3964 9346
9725 2580 10000 9670
5211 8156 9725 8647
2693 5987 3826 6193
5898 7211 6640 7386
3826 4710 6228 5250
4266 0 4649 915
1961 79 3958 411
8308 3498 9183 5740
4659 0 8286 422
1134 752 1487 7211
9183 3368 9389 4017
6620 3498 8308 3837
2841 3498 6161 4710
1487 4148 2309 6029
6715 4602 7029 4694
465 752 1134 6894
7437 6415 9109 6767
2841 4710 3826 5987
501 509 4082 579
465 8655 2068 9748
4924 7386 6757 7883
6161 3498 6620 4710
7284 9196 8195 9778
931 7549 2407 8655
1487 1751 2278 2351
1134 7211 5898 7386
7437 6767 9725 7236
2309 6403 7437 6788
1487 6788 6557 7205
1487 752 4252 1705
2407 9431 4924 9748
4924 7883 6757 8156
8824 6192 9223 6368
1487 6029 2309 6788
8308 5740 9488 6164
7283 8647 8195 9196
0 325 463 5365
6640 7236 9725 7386
6228 4710 7437 5250
2407 8692 3860 9431
4659 424 9724 1095
3374 7616 3781 8527
465 7386 4924 7549
3878 9357 3965 9431
3826 5250 7437 6403
9183 4639 9725 5740
4266 1412 7925 1469
4145 1972 7537 2637
0 5365 465 6367
