1085 0 1592 1218
909 5690 1516 9611
8362 8877 9212 9563
2794 3220 5975 3350
2102 7859 2351 9611
0 0 177 3514
3682 1364 7413 1764
3682 2155 7413 2175
1516 5690 6022 5955
9572 7055 9985 9444
9197 1248 9503 3915
2343 1939 3682 2732
9243 7055 9572 8697
909 4674 8397 4756
3682 2175 7413 2735
7632 6136 8362 6666
7632 6666 8352 7657
1710 0 2343 2732
399 4674 791 5026
435 0 1085 799
0 3514 177 4115
2168 2732 2794 3626
4343 3634 4382 4674
738 9611 3910 10000
2951 893 3669 1545
4382 4356 8892 4414
6022 5973 7334 6357
7812 5532 8397 5807
8897 7873 9243 7940
4925 7944 6040 9570
2351 8371 2850 9611
6022 6357 7334 7446
909 4756 8397 4810
2102 7634 7632 7859
7334 5182 7632 7634
7632 5182 7812 6136
3547 5061 7735 5163
791 4674 909 9611
3547 5182 6022 5690
3177 694 6036 883
4884 2735 5983 2809
3682 883 8913 1109
2794 2732 3682 3220
283 5734 399 9108
0 4674 281 9996
909 4810 1862 5650
2850 8495 3910 9611
8397 4414 8913 5807
2343 8 8586 145
3682 1109 8913 1158
2050 5061 3487 5663
2951 1545 3682 1939
9243 8697 9572 9570
2351 7859 4876 8371
9724 1685 9998 5083
3682 2857 7413 3119
0 4115 2168 4674
4382 3350 5975 3838
8574 1158 8913 4356
6292 5335 6518 5973
1521 1218 1710 2329
8913 322 9197 3915
2470 236 6582 322
5488 4490 6605 4505
4925 9570 7346 9909
3682 1764 7413 2155
4382 3838 8574 4356
5975 3220 7413 3838
2343 324 8898 674
7812 5807 10000 6136
3910 8896 4434 10000
177 0 435 4115
1516 7446 2102 9611
8913 3915 9630 5807
1516 5955 3029 7446
7812 4810 8397 5532
4434 8896 4876 10000
3910 8495 4876 8896
3029 5955 5118 6978
2102 7446 7334 7634
8362 6136 10000 7055
1956 4810 7812 5061
435 2329 1157 4115
6040 7944 8322 8055
2168 3626 4343 4674
3682 1204 5768 1364
6040 8747 7953 8853
7413 1697 8574 3838
7413 1364 8574 1697
9630 0 9724 5807
4876 7859 4925 9991
1710 2732 2168 4115
9724 0 10000 1685
6040 8056 8348 8203
3682 3119 7401 3220
2850 8371 4876 8495
979 1218 1521 2329
3547 5163 7636 5182
1592 0 1710 1218
7906 9572 9989 9658
435 799 1085 1218
399 5026 738 10000
435 1218 979 2329
9526 145 9630 3412
2343 150 9491 190
4925 7859 8362 7944
738 5026 791 9611
2343 674 2951 1939
1157 2329 1710 4115
2794 3350 4382 3626
