4824 12 6292 384
1850 4309 2276 6649
7947 841 8450 2070
621 25 766 1610
3122 7256 3368 9663
6734 8110 7223 9939
3305 1302 5039 1876
1602 9192 2080 9631
1737 3297 3839 3906
4152 6781 4968 9484
946 8454 1394 8973
8682 3514 9788 3747
4801 4309 7113 4705
3522 2641 4468 2880
3147 4309 4801 5211
0 9192 1602 9663
1737 7135 2000 8377
5842 6794 7436 7486
7223 8110 7843 9939
509 0 605 2861
6763 841 7947 2070
2252 787 3305 2984
401 8359 946 8403
384 4151 1737 5176
8450 1415 10000 2070
7113 3128 8682 3773
5798 9285 6734 9938
605 2112 2029 2853
1978 2014 2252 2112
3405 8293 3823 9366
0 2994 72 9180
8682 3128 9816 3514
3914 7929 4119 9127
1442 6205 1717 8905
0 9939 9380 10000
1471 5884 1737 6128
4968 6781 5794 9484
4801 4705 6379 5237
3305 1876 3878 2504
6153 841 6342 2070
72 8973 1737 9192
5794 8110 6708 9270
1737 3906 1846 6781
6153 789 9890 841
3305 787 6153 1105
4942 9914 5116 9932
4947 6225 7474 6321
3305 2504 3878 2641
6010 3128 7113 4309
3538 3906 6010 4309
7474 5854 9279 6312
3878 1952 5964 2608
9816 2070 10000 3773
4222 3297 6010 3906
7474 5237 10000 5854
2276 4309 2795 6781
3305 1122 4117 1302
7113 4044 10000 4705
72 2994 384 8973
5794 7963 9327 8110
2252 2984 4740 2994
5039 1105 6153 1952
3839 3297 4222 3906
9327 5854 9372 8947
2795 5211 4801 6321
384 3297 1737 4151
9380 8569 9738 9236
8434 8110 9262 9637
1737 6781 3345 7127
4180 1876 4943 1942
946 5176 1732 5807
2080 7193 2983 7256
8450 841 10000 1415
3368 9484 5794 9914
6153 2073 9704 2604
802 421 1763 2008
3577 421 6527 735
2088 7256 2191 8926
6010 2641 7963 3128
6153 2604 9783 2641
7436 6781 9314 7465
7843 8110 8434 9715
3368 6781 4152 7929
384 2994 6010 3297
2795 6321 9327 6781
9300 2641 9815 3113
7963 2641 9300 3128
7113 3773 10000 4044
4801 5237 4947 6321
6379 4705 10000 5237
6342 841 6763 2070
0 9663 3368 9939
5794 7570 9323 7963
9380 5854 9998 8518
0 0 509 2994
2191 7256 3122 9663
7843 9715 8681 9922
2875 4541 3147 4637
6527 0 10000 787
1846 3906 3538 4309
4947 5237 7474 6225
