3604 5494 4952 5696
7564 7402 7674 9501
6912 2522 7121 2616
6518 1534 7857 1830
5972 5052 7705 5703
110 1414 3149 2300
5325 6522 10000 6739
5325 6739 10000 7064
8419 2703 10000 2868
3149 1930 4417 2432
5901 9118 7376 9322
7395 4531 9270 4985
9251 7402 9818 8254
3752 7402 4145 9117
202 4722 2827 5341
0 0 110 9915
5672 3138 6043 5052
9114 4316 9459 4525
4727 40 6518 1830
7113 40 7857 1534
6997 40 7062 927
6553 5703 7705 6168
202 6392 560 8809
6615 4128 6886 5052
625 8333 1542 8826
7395 3774 8732 4450
8100 9507 8813 9889
202 4558 596 4722
5961 1830 8572 1843
202 6254 2827 6392
7395 4491 8821 4531
110 379 1937 1414
9007 4985 10000 6392
5302 1856 6912 2703
5672 5052 5972 5703
2958 2679 2994 2996
5672 5703 6553 6260
2827 6260 6553 6392
2827 4722 3604 5696
8904 2868 10000 4316
8967 40 9170 1830
7857 1250 8967 1830
110 2480 3149 2664
9251 8258 9820 9999
4146 7973 4765 8645
7674 7402 8896 9506
7062 1121 7113 1131
4767 7973 5148 8644
4241 3528 4803 3789
8431 2905 8904 3774
4146 7402 5148 7972
7705 5052 9007 6168
8939 7876 8966 8103
110 40 3703 220
202 5341 2827 6254
661 3014 3913 3138
4079 6522 5325 7402
5148 7402 7564 8647
110 2664 202 9326
9170 0 10000 1830
6553 6168 9007 6392
1126 6392 4079 7327
5325 7064 9820 7402
4952 3138 5672 5696
202 9199 5835 9294
9270 4531 10000 4985
750 3138 2181 4722
7395 4985 8415 5050
2181 3138 3582 4722
6043 4128 6615 5052
202 9118 5870 9199
110 9507 4899 9915
8051 84 8967 1250
602 274 1048 379
3604 4722 4952 5494
4079 6392 10000 6522
110 9326 7564 9507
7150 1856 9971 2703
8966 7838 9216 8472
110 0 9134 39
3582 3138 4241 4722
2897 7402 3565 8380
6043 3774 6886 4128
625 7486 2611 8309
0 9915 4442 9997
3913 2703 8419 3138
9820 7753 9986 9982
202 9302 5698 9326
2827 5696 5672 6260
4146 8647 7562 9118
661 2664 1665 3006
4435 2432 5302 2661
677 4304 750 4676
202 2664 622 4550
3215 2446 3830 3014
6886 3774 7395 5052
4899 9507 8100 10000
1937 254 3147 1398
3149 254 4727 1856
110 2300 3143 2480
6043 3138 8258 3734
