771 0 1898 495
4868 3746 5974 4941
144 5615 2315 5862
337 5097 737 5615
1782 1589 3777 2220
2046 5076 3596 5615
5455 2376 8850 2610
2315 5615 2776 6850
771 495 1653 1092
8434 3799 9555 4356
1532 8404 5215 8562
6119 9760 9903 10000
9757 6778 9854 9476
7708 3746 8670 3799
3777 1589 5483 2167
8899 7301 9091 8040
1109 6839 1250 7052
6178 3747 6934 3858
8624 5364 8985 6776
7708 3799 8434 4356
3596 5464 6128 5600
4012 5615 4528 6850
9473 5011 9743 5363
8985 5364 9849 5910
3777 2167 4330 3746
8850 1092 9000 2872
1757 8731 2518 9187
5483 1987 8850 1996
7252 7690 8176 8562
7103 3380 8670 3746
2518 9208 2791 9999
6073 4717 7578 5094
2838 720 8424 793
497 7219 650 8546
8176 8360 8637 8557
6119 9478 9903 9760
7291 5364 7565 7278
7899 5364 8436 7138
2052 6885 3146 7094
1321 5862 1980 7219
524 2352 752 5095
7815 5364 7899 7138
5273 2997 7064 3091
650 7219 1235 8893
5509 7690 7252 8562
0 8893 1235 10000
5420 7417 5970 7690
3834 5364 6905 5463
2534 2242 3666 2460
2838 420 9492 707
5483 1751 8811 1984
2333 7219 4514 7389
5542 5615 5970 7417
1235 9756 2518 10000
8436 6778 9748 7288
4689 3122 5273 3418
8670 2997 9832 3799
3596 4426 3883 5363
0 0 144 8893
2834 9498 6119 9997
4961 5652 4990 6355
752 0 771 5615
4330 2167 5273 3122
6885 3858 7708 4717
144 7219 465 8893
1898 0 2838 495
6325 8731 9139 9366
9832 3513 9846 3829
4330 3418 7103 3746
5483 1634 7582 1695
2826 3936 3271 5020
4528 6355 5542 7417
3274 3936 3425 5068
8436 5364 8624 6778
9056 4356 9364 4588
3425 4426 3596 5076
5483 1996 7799 2138
524 1789 752 2352
1654 7417 5420 7690
7586 5364 7815 7119
1532 8562 9139 8731
9555 3844 9622 4233
2534 3746 4868 3897
2518 8731 6325 9208
144 5095 337 5610
8985 5911 9855 6766
2838 235 9855 420
5455 2872 9855 2997
3640 6850 3850 7199
3868 6850 4500 7187
1087 1589 1782 3897
2791 9366 9757 9478
5273 3115 7092 3418
1653 495 2838 793
9855 235 9903 9408
1980 5862 2315 6850
9139 7311 9754 8332
6179 5464 7275 7196
6165 0 10000 235
144 5862 674 7219
9000 1092 9602 2870
674 5862 1321 6839
1532 7219 1654 8404
1782 2220 2534 3897
2776 5615 3926 6850
2813 9208 5202 9359
5273 2291 6662 2376
3883 5139 9056 5364
6104 4087 6885 4334
3425 3936 4867 4426
2838 0 6165 235
5024 904 6397 922
2149 3920 4178 3936
1654 7690 5215 8404
771 1092 3075 1589
4275 4426 4496 5091
1155 3897 2046 5615
1653 793 9855 904
5970 7301 8803 7690
7815 7138 8436 7301
7103 3330 8670 3380
5998 4498 6741 4637
7103 2997 8670 3330
9056 4655 9837 5007
7708 4356 9056 5139
5215 7690 5509 8562
3075 1094 7989 1589
9903 235 10000 10000
9604 1092 9854 2838
1235 7219 1532 9756
9139 8332 9757 9366
5971 5615 6069 7102
4330 3122 4689 3418
3926 5615 4012 6850
1653 936 9527 1088
1087 3897 1155 5606
771 1589 1087 5615
2534 2460 3777 3746
144 0 752 1789
144 1789 524 5095
5273 2376 5455 2997
5455 2610 8850 2872
