3487 3350 3576 4179
6085 3759 6174 3877
513 9479 5566 9853
2106 4409 3087 4539
6174 2466 6690 4208
2578 2897 4287 3350
928 7466 1173 9479
0 4986 9001 5077
2055 5394 2369 5797
839 4566 6841 4601
3036 1006 6366 1839
5088 7453 7580 7630
2312 1884 8386 1958
480 6606 2770 7005
1416 3 4214 252
5339 5885 6403 6068
6366 1584 8503 1879
2106 3949 3487 4208
480 5797 1077 6606
2106 4208 9599 4389
4287 2897 5326 4208
5194 7630 5566 9479
1173 7466 1399 8211
6405 6256 7580 7039
8670 5956 8991 7687
2770 6587 6405 6756
4849 4751 8764 4902
1415 5394 2055 5765
513 8376 928 9479
6690 3129 7243 3378
4473 6833 5088 7630
15 7524 513 9678
4000 6833 4473 8320
2252 458 5733 662
1077 6494 2369 6587
3531 6756 6405 6833
2936 5394 5918 5608
3261 6078 4384 6587
5326 2256 5933 4208
480 5077 1387 5797
0 252 1915 574
6405 5885 7580 6256
1916 7005 2770 8211
7743 9128 8001 9412
7580 5885 8670 7225
0 7005 1916 7466
3261 5885 5339 6078
194 574 638 869
3261 5608 5918 5862
698 666 6184 897
1445 2798 1974 3518
638 574 1830 665
6690 3378 9599 3707
5918 5394 8670 5885
0 5077 480 7005
4384 6078 6405 6587
1864 1006 2151 2080
6841 4409 9265 4732
0 1006 490 3518
8015 9770 9312 9824
2106 4389 6697 4403
7243 3129 9599 3378
3261 5862 5918 5885
5088 7039 7580 7453
2578 2092 3004 2761
7580 8025 8103 8039
6059 2256 9660 2466
6018 5077 8985 5391
1921 458 2207 622
1399 7466 1916 8211
0 3949 839 4751
8625 2468 8838 3119
6690 3707 9599 4208
2013 2851 2578 3350
2936 5608 3261 6587
4485 2092 9602 2093
5566 9128 7408 9439
1974 3350 3487 3518
1173 8683 2641 9479
839 4601 5138 4751
9001 4986 9137 8025
0 9853 9828 10000
1921 252 10000 458
2152 1006 2312 2092
513 7466 928 8376
490 2798 1445 3518
3004 2093 5326 2761
4473 7630 5194 8121
8670 5394 9001 5956
4473 8121 5194 8683
1387 5077 6018 5394
1877 4957 1968 4986
2312 1965 9828 2092
6636 1006 8418 1340
6366 1373 8431 1529
5566 7630 6324 8854
2369 5394 2936 6587
9599 6447 9646 6590
9660 2256 9828 9429
3057 6756 3531 8683
2578 2761 5326 2897
9137 4751 9599 8389
839 3949 2106 4566
9828 4193 9892 5736
5225 6843 5598 6969
4214 12 8836 228
5326 2093 9828 2256
9049 2470 9577 3129
0 0 1058 252
6684 1532 8149 1582
2641 8683 5194 9479
7580 7225 8670 8025
2797 6756 3057 8051
0 4751 4322 4886
8523 1075 9634 1965
0 3518 3487 3949
6184 458 10000 1006
490 2439 2578 2798
3641 3350 4266 3955
4000 8320 4473 8683
1453 6588 2074 6606
5933 2256 6059 4208
0 897 6084 1006
1173 8211 3057 8683
490 1006 1864 2092
490 2092 2578 2439
1077 5797 2369 6494
3531 6833 4000 8683
7580 8389 9660 9128
