7063 7095 8199 10000
0 190 551 1914
8808 8536 10000 10000
7650 3030 8658 4293
2548 890 2766 2686
0 8886 2408 9593
3118 2686 3892 3933
2247 6721 6508 6839
556 190 747 8832
2548 190 6675 890
2408 7401 2679 9778
6348 5288 7968 6337
1464 1217 1998 6774
2766 1123 4231 2686
2370 4618 2883 6091
1407 190 2548 1217
0 0 7650 190
9204 3838 10000 8536
7650 2131 9033 2437
3118 3933 6675 4618
2883 4618 4442 6337
2191 2686 3118 4605
2002 2686 2124 6322
7650 2488 9999 2873
1172 7095 2408 8886
5357 8310 6068 8846
2747 7762 4301 9299
6145 5288 6348 6337
8843 725 9067 1063
754 190 870 8818
1998 1217 2548 2686
8896 3030 10000 3838
230 3606 531 3819
7650 404 8832 2131
4301 8846 7063 9394
1189 190 1407 6893
2911 7456 3337 7739
4231 2445 6675 2686
3892 2686 5699 3933
8896 3838 9204 8536
4442 4618 8658 5288
2408 9778 2679 10000
4301 8310 5357 8846
6675 190 7650 4293
3266 904 3664 1123
5699 2686 6675 3933
1407 6892 8808 7095
2408 7095 4301 7401
6675 4293 8658 4618
0 9593 2408 10000
0 1915 179 3137
7968 5288 8658 6892
1998 6337 7968 6721
4442 5288 6145 6337
7650 0 10000 404
7650 2873 10000 3030
4231 890 6675 2445
8549 7095 8808 10000
8820 6892 8896 7680
6068 7095 7063 8846
876 190 1172 8868
9067 404 9984 2374
4301 7095 6068 8310
8199 7095 8549 10000
8658 3030 8896 6892
2679 9394 7063 10000
