49 1136 128 4446
605 3163 1206 3973
6012 693 6602 2166
1376 6749 1708 8349
8386 5083 8837 6151
844 6749 1371 8269
0 9648 3092 10000
4044 8958 8640 9217
9744 153 9874 2530
1736 1432 2280 3642
1436 8997 3415 9055
4044 7973 5908 8382
1550 9126 3820 9462
8283 309 8788 587
5272 4518 8847 5083
257 692 2105 889
7195 153 8283 579
0 4446 2041 5595
6048 7949 9874 8393
6983 6169 7952 7053
2041 4680 3080 6568
7675 1500 8179 3707
8346 3069 9352 3887
257 889 419 4446
2643 3264 3350 3647
9352 3069 9642 7053
4044 5247 4200 7973
1206 2358 1736 3647
7988 6199 8440 6968
2041 6568 3080 6749
5384 693 5669 2481
5272 3133 7675 3887
7658 9217 10000 10000
4044 8393 9874 8520
8640 8958 9526 9171
4035 693 4688 3090
7675 3707 8346 3887
5272 4235 9352 4518
2150 9466 2522 9641
867 8349 3873 8963
1206 3647 3840 4446
3830 0 9874 153
1436 9055 2864 9123
288 5595 621 8349
5272 3887 9352 4235
3089 7352 3148 7678
3873 5247 4044 9217
4227 8520 4573 8958
6602 693 8801 1500
137 1572 257 3296
3830 153 7195 693
5245 693 5384 3083
621 5595 2041 5899
3238 693 4035 1165
6983 7061 9642 7949
3873 9228 4631 9452
4851 6844 6048 7776
23 5595 288 7758
8801 309 9642 3069
867 8963 1436 9648
6150 6186 6983 7913
2937 1686 3804 2957
5272 5083 7917 5556
7047 1500 7675 2481
1708 6749 2832 8336
844 5899 2041 6749
511 1366 2841 1432
4044 8520 4225 8950
5384 2724 7616 3131
8194 3069 8346 3486
4573 8520 9591 8958
4282 3133 5272 4680
1436 9148 1465 9335
3733 4446 4282 4680
3080 5247 3349 6954
7952 5083 7988 7053
621 5978 802 6773
3230 0 3830 693
2041 4446 3733 4680
511 1432 1721 2358
3080 4680 5272 5247
3080 7806 3569 8349
3092 9874 7414 9992
7988 5083 8386 6198
6602 1500 7047 2166
3840 3133 4282 4446
8179 1500 8801 3069
419 1408 493 3914
9591 8520 9931 9089
4200 6169 6018 6841
5272 5561 7165 5602
4200 5610 7952 6169
667 8102 844 8349
8847 4518 9333 6754
2280 1438 2937 3133
9874 0 10000 8520
5669 2166 7047 2481
5674 693 6012 1944
5384 2481 7675 2724
6983 7054 9562 7061
7211 579 8176 692
3569 5247 3873 8349
4690 693 5238 3104
3148 7363 3544 7806
9642 5852 9869 7945
0 8349 867 9648
4200 5247 5272 5610
2105 0 3230 1366
511 889 1331 1340
281 2 2105 692
8283 163 9610 309
3092 9466 6889 9873
