4315 4050 5666 4168
8258 7600 9733 9005
2936 3128 3115 5374
3269 3676 3816 4516
9382 9005 9777 10000
4315 4168 9473 4346
1884 460 2780 4841
4785 5875 5721 6989
4315 3344 5433 4012
5117 9610 7233 10000
4866 7936 4962 9121
5574 8508 6648 8971
9388 4346 9450 5393
1613 0 1884 4376
4973 8034 5482 9420
2780 814 2928 3752
9097 1676 10000 4006
3860 4122 4315 4669
824 5889 4755 6023
6418 5671 6858 7006
0 7266 408 10000
3709 9420 5117 10000
3804 7266 4624 9420
8349 792 8387 3151
3122 8678 3625 9358
5721 5056 5858 6989
3851 2293 5433 2816
3276 2361 3851 2822
9097 803 9885 1676
1884 4841 2837 5149
7065 7936 8258 9005
7025 3408 7842 3976
1884 428 6761 460
408 8678 1162 9411
9060 4959 9338 5040
5482 7936 7035 8174
408 7266 2398 8229
3269 5056 5531 5643
7025 4085 8238 4157
417 2313 616 6717
2164 8678 3122 9442
9473 4168 10000 6775
8432 6081 9473 6775
0 6989 5858 7266
8387 792 9082 3537
8432 4346 9060 6081
0 6717 4785 6989
4624 7266 4799 8068
8349 0 10000 792
5858 5671 6402 7923
3432 0 6086 356
1195 6716 2951 6717
408 8414 3709 8678
5447 1507 5632 3932
3709 7266 3785 9395
6858 6567 8432 7600
9733 7517 9762 8767
6334 13 8109 428
3269 4669 4290 5043
8432 6775 10000 7517
5117 9420 7233 9610
8483 7517 9157 7591
3188 6023 4785 6717
824 6023 3188 6716
7233 9420 9382 10000
2398 7266 3709 8414
5789 862 7025 4168
5858 5056 8432 5671
2164 9442 3709 10000
5638 862 5789 3964
5482 9005 9382 9420
8195 5776 8427 6553
9097 4006 9998 4168
0 2313 417 6717
3269 862 5573 1486
9777 8440 9982 9491
4315 4346 8432 5056
408 8229 2398 8414
1162 8678 2164 9411
824 5750 5066 5875
0 224 801 2313
7039 8396 7065 8653
408 9411 2164 10000
7179 428 8349 3406
6049 8193 6951 8498
4092 464 6333 862
4866 7266 5688 7685
6479 7637 8195 7936
8195 5671 8420 5766
616 2313 824 6717
6858 5671 8195 6567
7025 1068 7126 1637
824 2313 1282 4591
