3162 6367 7837 6626
1204 2873 1245 3832
1935 2873 4727 3187
3162 8115 4000 9254
9649 2331 9763 4770
250 4145 1817 4163
7837 6007 8777 7008
754 5868 1510 7206
8634 8607 9757 9196
2091 4627 8302 4637
696 8083 1326 9713
2586 5870 3162 8083
4150 561 5096 861
2833 9254 4014 9576
862 2268 4245 2804
3162 7008 9511 7301
4963 5848 6120 5957
7407 7636 7863 8187
3020 207 5363 561
2158 8088 3136 8332
2027 0 3020 1839
1201 5663 1880 5862
2327 8332 2833 9727
7184 8607 8634 9133
9355 6007 9511 7008
2833 9576 5158 9713
4963 4770 6432 5848
250 5230 2284 5663
2284 5230 2579 5979
3049 748 3680 888
6874 5456 9757 5737
1164 86 1266 485
2091 4781 4834 5003
7863 7301 9511 8244
5124 768 5697 1179
6634 2918 7197 2989
3162 7301 7431 7438
7534 561 8678 2003
3162 6626 7675 6652
921 1892 6124 2059
6305 990 7347 1890
2091 4637 8782 4770
3020 1339 5122 1839
1326 8083 2158 9713
0 1296 2026 1777
43 485 2027 808
4513 7932 4565 8059
1935 3187 4727 3893
408 1839 520 2446
7675 6626 7825 6999
9007 4771 9715 4847
2586 5003 4963 5473
1510 5868 2284 5997
520 2268 862 2804
6285 8615 7184 8932
2158 8332 2327 9713
3162 7636 7328 7887
3162 7440 7348 7633
7863 8244 9757 8607
696 9713 1998 9727
250 4163 2091 5003
6874 5148 9007 5456
8634 9196 9757 9891
520 2059 8729 2268
9054 157 9649 3658
2214 4163 3827 4623
3827 4163 7703 4627
142 4903 250 5867
3162 6033 7837 6367
8777 6007 9355 7008
0 1839 131 9931
250 5055 2000 5230
5236 7887 6244 9133
250 2804 8729 2873
4150 885 5124 1335
4109 908 4150 1207
250 9891 10000 10000
696 5679 1140 5858
2298 3893 2401 4126
3020 6 8200 157
9511 7280 9757 8244
9757 4770 10000 9891
696 7213 1292 8067
5236 9133 7252 9727
9763 0 10000 4770
9054 3658 9649 4275
4245 2530 8729 2804
250 2873 1196 3771
6244 8932 7184 9133
7252 9133 8634 9891
2833 8332 3162 9254
6874 4773 8877 5148
8782 4275 9649 4770
8868 157 9054 2086
283 6691 696 9594
9007 4847 9757 5456
8729 561 8781 4354
1510 5997 2586 8083
6874 5737 9460 6004
4727 2873 6634 4163
6432 4770 6874 6007
3162 6008 7793 6033
9511 5737 9757 7280
372 818 1418 1187
1351 7213 1510 8081
1900 5688 2218 5868
7703 2873 8695 4620
4245 2268 8729 2530
4014 8059 5236 9576
250 9727 7252 9891
3162 5870 4963 6007
6244 7895 7326 8607
3162 6652 7675 7008
9649 326 9751 2331
2586 5473 4963 5870
1335 2873 1934 3885
0 1777 1996 1839
