4466 8426 7841 8731
4571 3652 8013 3969
633 2957 3987 3243
4175 1944 4405 7906
4571 2400 9433 2808
2108 5751 3044 7405
0 4426 2846 5019
1212 3243 1226 3393
3497 1431 3955 2952
8017 3652 9429 5123
2288 8388 2627 9400
4571 2216 9433 2400
4630 6609 5615 7813
4571 3545 6442 3652
6685 416 9584 525
935 2552 3497 2957
9603 0 10000 1431
8580 5152 8880 8319
3044 5844 3995 7906
2288 8320 8808 8388
4085 2513 4175 7612
6442 2808 9433 3652
6053 4311 8017 5152
4571 2808 6442 3545
473 7906 1881 8273
7620 5152 8576 6875
9687 7425 10000 10000
1740 1431 2364 2539
6685 525 9601 1430
161 216 935 2957
0 0 161 2957
2364 1431 3443 2531
7421 2071 9202 2208
9366 5271 9433 6442
2288 7906 7877 8313
473 5751 2062 7299
0 9967 9366 10000
5854 4017 8014 4290
3987 1431 4020 4961
2288 9400 8880 9967
4571 1944 5812 2216
935 1003 1311 2552
4466 8736 7296 8769
1298 7475 2119 7768
633 4240 3589 4426
0 2957 633 4426
1311 1003 1740 2552
9753 1944 9950 6173
1818 3257 3730 3787
1767 5025 1830 5751
0 5019 233 9967
7120 5163 7593 5369
4405 1944 4571 6609
4466 8769 7905 9400
1818 3950 3316 4231
8880 5152 9366 9967
6766 5369 7620 7906
7905 8388 8880 9400
161 0 9603 216
5303 335 6650 917
1965 7906 2288 9967
233 5019 472 8249
9433 2216 9687 10000
1740 1003 6685 1431
4571 4017 5286 5118
7620 7012 8580 7906
6049 5369 6766 7905
2846 4441 3973 5019
5854 4291 6049 7899
6177 216 8743 327
2627 8388 4466 9400
4020 1431 10000 1944
633 3404 1656 4131
233 8273 1965 9967
935 216 5303 1003
4571 5444 5758 6587
