288 9695 4136 10000
3658 5103 6741 5741
7683 6825 9727 8508
2635 5412 2738 9436
7683 4134 8073 6507
1079 1248 4045 1411
3022 7514 4136 9695
8073 4708 9727 5490
8772 0 10000 3952
9727 3952 10000 9439
6898 5083 6916 8588
6801 990 7626 2973
4136 7547 5318 7807
2256 4256 3046 5063
1079 3324 6797 3587
2738 7514 2937 9289
8033 3952 9727 4134
1079 1673 5795 2203
8073 5490 9727 6825
0 4623 2256 4826
6535 3698 6916 5083
1079 2203 6673 2422
288 9443 3022 9695
552 6323 2196 7697
288 6323 552 9443
3658 5741 5459 6363
1190 7738 2192 9089
3046 7334 6355 7514
6916 3710 7339 4162
0 4826 2256 5063
6355 7113 6887 8812
1079 2885 6226 3258
661 7738 1190 9089
5741 9439 10000 10000
2738 5412 3046 7514
3658 3698 6535 5082
5796 0 6245 1245
6916 4246 7683 8853
7683 8508 8463 8853
1079 1415 5794 1672
5749 7514 6338 8842
0 0 5796 894
6801 617 7678 989
552 9093 2190 9443
288 5063 3044 5410
0 894 1079 4256
8209 719 8772 3952
3046 4256 3658 7060
2970 7514 3022 8757
376 5658 391 6323
2196 5412 2635 9443
552 7697 1323 7732
4136 7807 5741 10000
1181 3288 6442 3324
5741 8853 8463 9439
5459 5741 6302 6363
7683 6507 8073 6825
8073 4134 9727 4708
1079 894 5684 1097
7485 3344 7678 4246
6302 5741 6896 6209
3658 6363 6897 7060
8463 8508 9727 9439
0 4256 2256 4623
0 5063 288 10000
7629 40 8033 617
3467 3727 3595 4256
7721 617 7751 2286
1079 2461 6800 2869
3046 7060 6355 7334
