6091 0 6755 1044
5942 7482 6061 8922
658 832 1373 3702
2157 8408 2263 8664
6969 5 8494 276
658 630 4534 832
6030 2301 8167 2534
5151 5537 10000 5724
3011 4189 3635 6151
3185 614 4083 630
0 106 4635 614
4331 832 4498 3885
1943 1618 3586 2120
6030 2824 7422 3690
0 614 576 4617
5303 6151 5483 9429
2762 3702 3011 7941
4635 106 4957 2278
8495 4760 8720 5254
7946 8922 8141 9995
0 0 4957 106
9610 1839 10000 2500
0 9429 7946 9844
3635 4899 3954 6104
3015 3677 3315 4189
9019 494 9610 3121
1943 1225 3586 1618
8058 6528 9346 7016
3286 6151 4949 8090
4957 1823 8761 2278
1943 960 2570 1225
5483 6151 5942 9429
4957 0 6091 1044
8329 7943 9004 8135
524 8696 5303 9224
5151 3614 5638 4090
686 7941 2815 8088
6600 4165 7411 4690
6969 276 9610 494
7028 8922 7946 9429
8141 7943 8329 9930
2598 4617 2678 7941
6969 494 8982 893
5891 2278 6030 5537
9019 3121 10000 3611
8058 7016 9346 7650
5942 6151 6362 7339
4635 2278 5372 2592
8233 2278 8938 2524
576 614 658 3702
8761 1138 9019 2278
7314 5724 10000 6528
4668 2699 4819 3142
4633 8090 4946 8402
5151 4090 5638 5537
9610 2500 10000 3121
5942 8922 7028 9429
1373 959 1943 2120
213 6265 275 7884
4949 6151 5303 8696
7422 2824 7721 3180
4534 780 4625 2626
6600 4697 8488 5537
2827 9224 5303 9429
2678 4617 2707 6860
4687 5724 6572 6151
3011 2708 3586 3677
4534 3142 5638 3614
6030 2534 8488 2824
6061 7835 6830 7943
8720 4476 10000 5537
9346 9383 10000 10000
1373 2120 1965 3702
213 8090 4633 8158
3586 832 4331 3677
213 8365 3681 8408
576 3702 792 4617
0 4617 213 8408
6969 1171 8400 1649
1373 832 3586 959
6061 7943 7834 8890
1399 7338 2172 7593
2497 9844 7946 10000
8488 2534 9019 3611
4957 1044 5197 1822
4331 4322 4534 6151
3315 3677 4331 4189
4534 3614 4625 6151
6969 894 8955 1138
795 9844 2497 9996
6755 322 6906 440
1322 5791 2598 7338
7723 2824 8488 4697
3011 2669 3570 2708
6187 4634 6600 5412
3011 6151 3286 8090
1841 4983 2012 5791
5942 7339 7314 7482
9346 6528 10000 9383
5638 2278 5891 5537
8528 0 9572 273
7456 6528 8036 6739
6116 7482 8058 7649
6362 6151 7314 7339
7432 3185 7723 4575
6572 5724 7314 6151
1322 4617 2073 4876
792 3702 2762 4617
5201 1044 6506 1641
9004 7650 9177 7822
915 4617 1322 7338
524 9301 1117 9362
0 8408 524 9429
686 4871 891 7447
8488 3611 10000 4476
213 8158 4395 8311
1965 2120 3011 3702
4625 3614 5151 5724
3635 4475 4277 4899
6600 3690 7133 3859
8329 8135 9346 10000
9610 0 10000 1839
213 4697 797 4867
