1807 0 1938 6974
2945 3361 3302 9806
1188 8144 2945 9806
0 6974 1938 7303
9032 0 10000 1861
0 8546 1137 10000
7328 3537 8763 5523
295 7303 1188 8546
3567 7948 6304 8181
8763 3012 9363 4515
1188 7303 2945 8144
9110 4515 9761 9390
6668 14 8969 389
3803 9660 6780 9725
7328 389 7767 1786
7774 8459 8793 9386
5899 389 7175 953
9761 4515 10000 10000
8009 1861 8744 3528
9363 1861 10000 4515
7328 2184 7946 3537
7774 5523 9110 8459
5102 9806 5423 9976
0 7303 295 8546
0 0 762 3142
1938 5143 2902 6296
7744 5523 7774 9290
1938 1773 6551 2726
446 3142 1807 6974
3302 3361 3567 9660
1518 9806 2291 9938
3959 3361 6289 3867
4926 6707 5926 7948
0 3142 446 4540
3567 8181 7328 9660
1137 8546 1188 9798
6063 4563 6277 6412
1938 0 5899 1668
8763 2609 9326 3012
7882 389 9032 1861
7328 9390 9761 10000
3567 4242 5780 4433
6291 3361 6304 7764
1938 2794 6256 3361
3567 4563 4924 7912
4926 5033 5950 6681
8787 4897 9043 5480
1938 1668 5815 1768
8847 8459 9098 9374
762 0 1807 3142
6304 3361 7238 8181
0 4540 446 6974
6591 2960 7224 3361
7238 2982 7284 4267
