7291 1215 7939 2504
3324 4523 4130 8979
8257 1531 9737 2496
4130 4523 5213 7687
1855 9621 8481 10000
823 9321 1401 9937
2535 5005 3051 6081
1855 7254 3282 9603
1504 6095 1814 9489
1273 5005 2518 6093
6525 333 7939 820
4372 0 5765 3474
3868 0 4372 2663
5347 8604 8161 8968
9737 1531 10000 9618
3063 3474 3324 7147
7291 822 7939 1215
4877 7687 5213 8307
731 3474 3051 5005
0 5005 817 9805
3324 8979 8481 9621
7957 6196 8233 8299
1426 6095 1504 9677
5707 4305 9675 4562
4155 8309 5331 8979
731 1016 3868 1357
825 5071 1251 6091
731 1357 1712 2663
5347 8307 8147 8601
1855 6095 3030 7237
959 3052 4017 3473
5213 4305 5703 5557
8481 9618 10000 10000
5765 0 6525 820
867 6114 1416 8538
5765 2504 9729 2950
3324 3474 9737 4305
4130 7687 4877 8307
8481 6196 9300 9582
5765 820 7291 2062
5707 4624 9737 5587
7939 583 10000 1531
5765 2062 7134 2493
104 2991 731 4637
823 8538 1422 9316
1712 2007 3868 2663
5765 2957 9737 3464
1712 1357 3868 2007
6481 5587 9737 6196
8234 6691 8428 7320
6481 6196 7957 8307
5213 5587 6481 8307
0 0 1949 1016
4017 2663 4372 3474
7939 16 10000 583
6525 0 7939 333
1949 0 3868 1016
3324 4305 5209 4522
