8395 57 9037 1936
7874 7661 8282 8003
0 0 9878 57
948 2619 1326 4078
947 7025 1268 8124
7874 7255 8232 7661
5263 5423 7205 6154
2437 6555 3926 7106
5171 2618 5608 3042
2222 8584 2712 10000
891 4921 1355 5837
2042 5068 2384 5830
7989 4398 8884 4651
0 4078 857 6060
7013 4408 7989 5269
8350 57 8387 1859
5904 1611 7070 3339
2222 8149 3607 8584
1094 1465 1807 1895
2712 8584 3303 8804
2395 4921 2968 6550
4743 7578 5953 7706
3033 4921 3369 6449
7590 951 7717 1544
1268 7025 1723 8359
857 4078 1581 4921
9166 8278 9960 8703
6180 6154 7384 6904
4743 1863 4810 3984
8391 1936 10000 2201
2432 496 3320 1465
2712 8908 3607 10000
4490 1211 4828 1863
9904 5269 9982 7539
1094 1895 1807 2619
949 1465 1094 2612
4849 997 5384 1211
369 155 967 1321
5772 365 7139 895
2536 2745 3221 3059
9878 0 10000 1936
878 6060 1355 6738
3320 155 6774 227
1723 8575 1799 8865
3405 4921 3527 6536
6951 8917 7898 10000
2042 5830 2395 6793
7542 5423 8765 5822
4985 3042 5760 3548
6327 6904 6819 8273
9541 5289 9854 6181
4134 8273 6061 8553
4828 2142 4981 4351
740 57 1208 155
3158 3520 3529 4854
9079 8347 9150 9591
2699 3711 3133 4921
1807 2068 2089 3004
703 1321 1572 1424
5711 237 6774 311
5767 918 7072 1611
8646 7255 9166 8347
1807 7732 6327 8149
8281 2820 8884 4398
9654 2820 9976 5036
3886 4496 4490 4937
6706 9494 6776 9939
1523 155 2133 1321
6061 8273 6819 9494
5459 5269 9066 5423
7989 2820 8281 4398
3321 2188 3546 3241
3570 2141 3886 5925
6819 6904 6951 10000
4985 2532 5119 2903
7542 5837 8878 5893
7557 237 8350 906
7384 6154 7542 8917
878 8359 1665 8891
9166 7255 9609 8053
3890 237 4082 1969
2536 3974 2691 4489
8391 2463 10000 2820
7989 1936 8391 2820
7542 5895 7874 8003
0 6060 878 8937
1208 57 7182 155
4828 1211 5767 2142
9066 5269 9517 6718
8232 7255 8646 7661
3607 8556 5029 9449
7345 237 7557 1539
7080 901 7333 3340
8282 7661 8615 8561
7542 8003 8263 8377
4082 237 4490 4496
878 6738 1807 7025
1355 4921 1807 6738
7898 8561 8646 9420
5779 1611 5904 2915
4743 6154 5836 6904
4985 3549 5767 4492
8884 2820 9562 3946
369 1465 948 3551
4490 1863 4728 5492
5459 4492 7013 5269
967 155 1523 1321
7182 57 8350 237
1326 2619 1581 4078
1581 4513 1914 4848
7989 906 8350 1936
8391 2201 10000 2463
4743 6904 6327 7578
0 8937 1723 9298
2133 155 2432 1465
2093 1465 2527 2521
1807 8149 2222 10000
3607 8149 6327 8273
4808 237 5711 778
7989 4651 9654 5269
356 57 369 1228
7013 4317 7807 4408
4743 5423 5263 6154
7874 5989 8765 7255
6384 3576 6564 4492
0 57 133 4078
7898 9420 8755 9825
7362 2402 7887 2736
1581 2619 1658 4454
8615 8422 8630 8561
2699 3258 3510 3485
133 1344 322 3275
1807 4921 2042 7732
7887 1544 7989 3387
2432 155 3320 496
3886 4937 4420 6555
4742 1863 4743 5419
6951 6904 7121 8917
3320 1053 3529 1438
606 9298 1606 9971
7121 6904 7384 8917
1807 1465 2043 2012
169 3551 785 3882
7542 8561 7898 8917
5836 6154 6174 6877
3673 9494 4140 9984
4420 4937 4490 7337
4828 4492 5459 5423
8772 8347 8947 9002
9037 57 9878 1936
7205 5423 7542 6154
2042 7337 4708 7732
2042 6793 2393 7321
