5795 7991 6445 8327
5211 1555 6298 2223
5023 3963 5140 4289
4580 3246 5616 3963
4322 802 8423 1070
7729 2849 9784 3084
6145 8327 6444 9339
3089 4005 4758 4032
6813 2978 7729 3419
5207 144 5338 244
2750 5907 3098 7859
3527 1353 6205 1394
23 9284 2113 9793
5544 4430 8882 4553
6791 3998 8456 4124
1457 9793 1485 9948
2714 8083 3313 8154
4126 450 4928 585
4915 1585 5178 1656
2113 7865 2193 8694
3098 7410 7945 7768
7870 2430 8939 2582
1117 2852 1599 3427
49 6585 2030 6807
4568 8884 4842 9669
8456 3998 9946 4357
1564 4891 2328 5461
3527 765 4116 1328
975 6807 2030 7865
5699 1070 9146 1353
4568 8485 4664 8708
872 4776 1564 5412
375 2852 941 3667
9696 6743 9931 6883
8920 5362 9695 6147
2328 5266 6640 5324
5795 8327 6120 9603
9146 0 9643 694
392 6807 975 7865
9643 0 10000 1644
4523 4035 4858 4138
3884 2963 4580 3741
2395 8154 3313 9474
1599 3153 3884 3427
4126 594 4322 1070
4855 9208 5038 9699
7142 2639 7547 2971
8920 4430 9695 5362
196 6841 392 7524
272 4501 553 6008
4604 5324 7834 5493
2030 6808 2750 7865
9946 3435 9995 5633
23 1960 856 2852
199 0 202 1543
9146 694 9643 2639
421 0 1769 857
4167 1656 5211 2343
3357 7882 7265 7991
2195 7865 2395 9793
23 2852 49 9284
1948 1555 2022 2741
9561 6883 9750 9975
3098 5907 7132 6431
3089 4357 4276 4666
9267 6883 9531 9924
4855 9066 5389 9193
2007 1161 2828 1501
8114 5561 8479 6052
5571 6572 9237 6863
1117 3427 3884 3741
4385 9850 9267 10000
7834 4952 8920 5561
3527 122 4126 765
1948 2766 6306 2963
9813 6883 9892 8348
4385 8124 4428 9712
6445 8053 9267 8228
2328 5324 4604 5493
7834 4666 8920 4952
2096 246 2428 857
4322 594 8423 802
9695 4357 9924 6147
4385 9712 7119 9804
51 6008 816 6584
5211 2223 9146 2344
4114 2344 9146 2430
7830 6165 9918 6435
3587 8124 4385 9211
5346 248 5634 564
4333 5180 6597 5264
8667 9671 8920 9850
7687 8228 8489 9067
816 5461 2307 5490
5464 6883 8659 7116
8060 3435 9595 3752
202 1074 1080 1960
2395 9963 3793 10000
2022 2344 4114 2766
6445 8733 6804 9160
2218 1555 3200 2268
2211 6440 2708 6526
6791 3449 7415 3998
2159 6598 2750 6805
4397 7116 7629 7288
941 2852 1117 3741
0 0 22 8607
4276 4374 9693 4424
9643 1644 9912 2639
4397 7308 7316 7397
9924 5398 9946 5490
2211 5561 6386 5781
3572 4891 3998 5252
701 4666 703 5633
2062 5663 2207 6585
7830 6147 9873 6165
553 4501 3089 4666
9912 1644 9988 3354
3098 7779 7077 7865
4611 6545 5464 6887
5634 122 8107 449
9237 6545 9696 6883
49 6807 80 8036
4580 2963 6306 3246
4126 1070 5699 1353
2211 5493 5263 5560
7961 7352 8572 7852
8423 594 9146 1070
2750 5781 6974 5903
9892 6883 10000 10000
8659 6883 9267 7865
7729 2639 9912 2791
1852 5493 2062 6585
6445 7991 9267 8053
6445 8228 7183 8713
6298 1353 7523 1640
5616 3246 6306 4124
5634 449 9146 594
6306 2430 6791 4124
4855 8708 5795 9066
49 2852 187 5095
4276 4357 7308 4370
4126 244 5206 443
2828 122 3527 1394
3804 6845 4397 7001
7709 9280 8650 9569
3313 7991 4428 8124
4428 8104 4559 9303
5618 4124 5836 4259
1599 857 1948 2963
8107 126 9014 412
3201 6894 3592 7004
3463 1656 3610 2283
7523 1353 8339 2223
6640 4719 7760 5309
941 3963 3089 4501
7729 3103 9196 3392
6791 2430 7142 2978
7770 2791 8959 2846
22 1960 23 6552
3758 9477 3772 9943
816 5493 1852 6585
941 3741 4580 3963
2828 1394 6298 1555
8339 1353 9146 2223
7002 4124 8456 4266
1769 8 6968 122
6368 1640 7477 2147
8508 9122 9087 9203
810 7865 1080 9092
4605 8089 4894 8413
816 4666 6640 4776
7981 7116 8659 7352
4114 2430 6306 2766
1564 4776 6640 4891
2328 4891 3572 5266
1599 2963 3884 3153
856 1960 1599 2852
4333 4891 6292 5169
3098 6444 9860 6545
