713 4978 1376 5357
8915 2560 9050 8708
4097 8772 5035 9284
1376 4978 3681 5357
2775 8401 4891 8768
5633 4085 5937 4467
5338 3224 6462 4085
6511 6820 7011 7047
8066 1444 8673 2050
2633 5357 3681 5703
3681 4085 3903 5988
1615 2560 8906 2776
9356 5919 9515 6530
6159 4085 7011 5158
1679 9481 1927 9554
3164 6018 4780 7370
3164 7370 4491 7437
7500 4610 8104 6822
7646 8614 8906 8920
8579 4109 8832 7848
98 9596 3087 9809
9050 8077 9341 8650
818 1300 1286 4847
1766 8521 2208 8772
5035 6227 5242 6859
7011 4610 7271 9727
6511 7047 7011 9873
1793 8772 4097 8812
4613 157 5122 1444
1615 2776 4101 3494
9356 6826 9551 6899
5528 9915 6297 9962
3425 3494 3601 4283
5263 4691 6159 7233
3 639 1777 844
7587 8027 7646 8292
771 9873 5508 9915
7287 7400 7412 9774
57 5134 365 5353
7444 7400 7500 8509
8239 9578 9023 10000
2701 6018 3164 7631
0 9284 5263 9481
363 5703 3512 5966
0 9827 2347 9829
1615 845 3085 1863
1286 3494 1908 4625
5122 161 9087 409
8104 4610 8579 8614
7278 6402 7480 6715
4613 2332 7187 2546
6189 5158 6591 6811
6462 3224 7011 4085
7801 3224 8566 3766
4613 1444 6954 2301
5263 7233 6077 8165
1783 639 3156 817
9050 409 9337 6069
6159 6820 6511 9596
0 157 4258 639
4258 157 4613 2560
1766 7631 4760 8385
0 0 7027 157
9356 528 9880 908
7027 0 9893 157
8239 8920 9356 9578
5122 828 5639 1444
9552 8442 9616 9083
4780 6769 4972 8178
9893 0 9974 7322
1615 2043 3204 2558
1908 3494 3425 4625
5122 409 9050 828
4392 4085 5011 5449
1766 8812 4079 9275
4101 2869 5220 3494
365 845 698 4460
1286 845 1615 3494
9356 1073 9709 4138
7646 6822 8104 8614
7369 1444 8008 2021
5639 828 9050 1444
0 1490 336 5082
7412 8920 8239 10000
7172 3438 7801 4610
3908 4100 4386 6010
3681 3494 5338 4085
3236 639 4210 1298
1910 6672 2660 7195
9023 9578 10000 10000
0 5703 363 8125
363 6672 1766 8125
6591 5158 7011 6820
1286 4625 3681 4978
363 6018 2701 6672
3057 5982 3066 6018
0 8125 1766 9284
5338 2776 8906 3224
3236 1612 4115 2542
0 5357 2633 5703
