4178 2572 4311 4633
3505 6375 3843 8050
8942 8952 9629 9536
0 1171 1847 1306
7107 2019 7208 2528
815 4217 1129 5566
8594 2211 8656 4334
190 6973 1389 9183
8657 2820 8710 3547
0 3360 2669 3556
4598 6726 5090 9710
2671 186 3016 3527
1389 8050 1610 9670
0 1306 2486 2844
144 9183 1369 9675
6765 5751 7070 6572
4311 1693 4912 2368
4268 4714 4624 6726
815 3556 2834 4166
4912 1693 7505 2019
144 6292 1327 6629
4624 4635 5090 6726
3016 2591 4073 4217
7114 5065 7835 8952
234 3556 815 6016
0 6021 122 9205
144 6633 1347 6839
0 2844 2486 3360
6588 2019 7107 4635
1619 8957 4241 9656
1619 8470 4109 8923
8353 0 8594 5797
5090 6572 5612 9592
4912 2019 5635 2368
1428 4750 1695 6802
7835 1391 8225 8952
1619 8050 3833 8247
1695 5126 3055 6375
8594 4368 9445 5434
4338 9710 10000 9769
3016 186 4042 936
1695 4217 4178 5126
3843 5634 4163 6670
53 3556 234 5986
0 186 2238 1068
8734 2211 9939 2656
9640 5434 9981 9051
3055 5833 3770 6194
7505 1693 7834 4220
4042 478 5908 886
4605 1032 5714 1236
5987 6572 7114 8952
8331 8710 9376 8943
5090 4635 6699 6572
8594 0 8935 2211
4338 6726 4598 9710
4338 9769 10000 10000
4311 3149 6588 3654
6856 1257 7364 1391
8734 2886 9452 3490
1619 8247 3768 8411
5987 8952 8942 9613
12 9677 4338 9997
9498 2710 9892 4967
8935 0 10000 2211
8331 478 8353 2663
9988 2211 10000 9556
5922 488 7585 1163
8225 1391 8331 8952
4311 1391 7835 1693
0 7 3687 186
1695 7904 2943 8032
3843 6726 4283 8227
6036 229 8245 478
4311 2368 5635 3149
1695 6375 3505 7904
4311 3654 6588 4635
7114 4635 7834 5039
5090 9613 9988 9710
3016 936 4311 2572
5628 6572 5785 7087
5645 7404 5987 9479
2486 250 2592 3227
8594 5434 9565 5619
9007 5797 9505 8368
5635 2019 6588 3149
8331 5797 9007 8710
