3481 2880 3639 3782
1472 3857 2411 4320
2264 8306 3213 8448
4676 9293 8798 9482
0 1096 2527 1260
5864 1082 6745 3011
1380 720 6745 1082
3480 5569 3858 6011
1472 8942 2599 9489
1318 1260 1472 9495
6745 1318 8899 1586
2411 1260 3114 2853
8599 7044 10000 7982
3488 9495 3847 9843
168 6147 760 7346
4252 0 5422 478
9473 1426 9899 1963
9388 1318 9472 7018
0 1260 907 1833
3488 9843 8730 9906
5864 3648 8469 3941
8914 1318 9321 3800
1472 7296 3874 8303
3639 1744 3717 3345
2481 5496 3037 6331
20 7744 162 8161
6745 542 9659 669
3641 503 5332 719
907 7646 1318 9495
1472 4811 1662 7296
1662 4811 2308 7296
3639 3347 5012 3975
5866 5556 6294 8928
5864 3011 8576 3648
1551 78 3234 720
3874 4570 4421 9843
2602 8942 3122 9475
4421 6981 5225 7265
8798 7982 9957 9459
7349 6974 8599 7982
168 3398 760 6147
3114 6449 3775 7014
760 1833 907 9495
2308 4811 2470 6693
6745 1586 7904 2959
3717 1744 5012 3347
5012 1082 5864 3975
8220 2348 8596 2973
4421 4570 5519 6981
8576 3011 8890 3950
168 7346 760 8375
3114 1260 3236 6011
1472 1260 2411 3857
907 1260 1318 7646
6438 5016 7349 9293
5526 4570 8557 5010
1545 8303 1607 8760
7349 5311 8545 6974
2411 2853 3114 4320
8798 9579 9870 10000
3639 3975 9345 4316
6294 5556 6435 8349
1607 8448 3211 8941
2570 1093 4549 1241
3213 8303 3874 9495
9473 2270 9898 6759
1472 4320 3114 4811
6745 669 9473 1318
9960 503 9998 3533
5519 4570 5526 8977
4203 1494 4649 1744
3874 4316 8599 4570
4421 7547 5492 9239
5961 5052 6438 5556
9360 1318 9388 4880
0 1833 760 3398
7970 1586 8206 2579
8599 4316 9282 6834
8220 1586 8755 2337
4699 1261 5012 1477
9208 86 9790 503
760 9495 3488 9819
5338 503 6742 719
4676 9482 8591 9840
7349 7982 8798 9293
5526 5016 5866 8928
4439 9293 4676 9584
0 9819 3488 10000
3488 9906 8196 9997
62 0 820 1032
0 3398 168 7744
0 8375 760 9819
914 849 1380 1057
5526 8928 6438 9293
