263 8320 2117 8918
2117 7248 2480 8919
9305 6202 9603 6637
4781 1011 5094 2818
3372 767 9693 924
482 801 1343 1718
0 5398 263 9124
3114 7708 3442 8292
8252 188 9686 762
5115 5523 8525 5699
8863 7703 9384 8433
1347 4031 1698 4070
8397 8800 8863 9644
7951 3265 8223 4666
7717 6202 9305 6637
0 9124 6372 9218
914 3 3719 21
1729 9218 1778 9615
2117 8919 5838 9121
0 5011 3777 5297
6376 6637 7073 6915
7075 2289 8672 2396
5505 3558 6014 3835
7807 987 9693 2289
723 6917 1410 7221
3090 9218 5315 10000
9393 9614 10000 10000
9393 8354 10000 9614
4937 7030 6372 7995
1758 2565 2704 2908
2208 38 8874 71
5237 5946 5569 6202
8248 2615 8280 3153
4073 5875 4205 5946
1607 6861 3512 7221
6393 4501 7945 4711
2704 2071 3372 2908
2704 1695 3372 2071
263 5398 723 8161
723 7221 4712 7248
6237 188 7769 638
1410 5824 1607 7221
6209 5744 6598 5917
2480 7248 3009 7708
4041 7248 4712 8340
3760 458 6237 767
6372 7288 8397 7640
767 2908 1209 3791
9693 21 9981 7030
482 1781 1711 1997
7011 8308 8358 9115
4937 6202 7717 6637
6598 5701 9602 6202
1778 9218 3090 9635
5554 188 6237 458
2480 7708 3114 8919
1209 3012 6223 3014
3372 924 7414 1011
723 5398 5115 5718
4653 4470 4856 5388
8397 9644 9393 10000
914 21 2208 801
7354 9218 8397 10000
1209 3015 1705 3796
7075 2531 8631 2615
2704 458 3372 1695
6408 2908 6533 4446
1705 4050 4877 4470
6533 1011 7075 4501
766 3796 1284 4173
0 9756 1733 9767
3114 8340 6033 8919
263 8918 2117 9124
4877 4724 7905 4822
4541 188 5554 458
1758 801 2208 1695
8863 8433 9393 9644
8290 2615 8376 5175
723 7248 2117 8320
6033 7995 6357 9121
1705 4828 3390 4998
5 801 482 1814
2704 407 3463 446
507 2059 749 2518
1732 3015 2379 3554
6372 7640 8397 8308
2208 71 2704 1695
766 2107 1758 2908
9981 21 10000 8029
8387 4192 8850 4247
7414 987 7520 2289
7520 987 7807 2289
7444 6637 9271 7025
4877 4050 5435 4358
0 2518 535 4191
3510 7892 3787 8150
0 4191 397 4646
535 2518 766 4191
8290 5235 8685 5398
2704 188 4541 407
5115 5398 8872 5517
6434 8308 7011 8526
5260 1011 6513 2652
723 5718 1410 6917
1758 1695 2704 2565
8397 7288 8863 8800
3009 7248 4041 7708
4712 5946 4906 8020
2279 4633 3405 4807
0 9218 1628 9756
1705 4470 4653 4633
9603 2531 9690 6622
8387 3579 8907 4135
3405 4633 4653 5011
4877 4822 8290 4921
6372 7030 9981 7288
8940 2531 9603 5684
2408 3015 5062 3732
1396 801 1758 1743
1410 5727 2076 5824
7075 3265 7951 4501
4937 7995 6033 8340
3440 1588 4781 2908
766 1997 1758 2107
3594 6211 4661 6278
7075 2615 8248 3265
2704 80 8731 188
9393 7288 9981 8354
5315 9218 7354 10000
1628 9635 2977 9746
7075 1011 7414 2289
3429 1409 3440 2716
1209 2908 6393 3012
4877 4921 8266 5321
7414 959 8433 987
3372 458 3760 767
1607 5946 3145 6849
635 16 914 682
1705 3829 4629 4050
3440 1011 4781 1588
