6451 6464 6948 7780
7914 7050 8065 7307
8258 1585 8652 2327
9251 1417 9483 6913
1964 8194 2751 8279
1864 7955 5001 7969
3371 4022 4442 4505
7917 9489 9147 9674
479 7925 1075 8608
3371 5423 6230 5686
268 521 2390 637
493 1585 1193 2716
618 9254 1774 9399
1193 2453 2871 2574
479 6691 1075 7925
4503 1811 7176 1934
55 3214 2671 3616
2665 1122 5257 1410
3371 5005 6999 5189
7203 8343 9762 8608
1388 6804 1864 8100
1491 3801 2229 5318
3605 1417 4982 1556
783 2790 1912 3098
3304 268 4728 494
1193 1585 2262 2453
1130 1565 1671 1585
2144 7405 3941 7945
6230 5423 8611 5930
8611 5178 9251 5930
9737 534 9764 7932
3935 1585 7458 1768
8732 6913 9078 7780
55 1410 7330 1416
3941 7405 6451 7780
9664 534 9733 6085
3198 2844 7502 3227
7874 8689 9513 8730
6273 3429 6573 3840
5777 6691 6451 7405
7690 2716 8075 3022
3484 9462 7731 9675
1193 2574 8661 2716
4713 6045 7661 6071
1932 838 9483 976
2245 4153 2519 4623
1566 5421 2668 5654
6650 3791 6983 4807
6650 3444 7121 3791
6230 5930 8131 6014
55 0 268 1410
53 5437 55 6924
4442 4495 6089 5005
6090 4022 6645 5002
3304 743 8314 838
1075 6720 4161 6804
1180 9568 2673 9805
3068 6028 4226 6448
2390 438 3203 810
605 3685 1491 5421
3484 8608 5804 9394
1864 6804 2144 7945
2996 8608 3484 10000
55 3616 326 8608
5065 8370 5985 8607
3371 5189 8611 5423
1774 9254 2346 9565
55 1556 493 3214
1180 9399 1518 9568
7691 1585 8250 2437
8732 6028 9240 6912
7893 6039 8703 6464
2871 2438 4732 2536
1075 6804 1388 8608
2871 1585 3744 2419
5804 8730 7839 9394
5067 3429 6273 4022
1388 8100 1864 8608
5024 1421 8964 1556
8661 1585 9249 2649
268 838 1932 933
8468 3336 8590 5049
7839 8730 9771 9111
2144 6804 5470 7405
618 9399 1180 10000
7843 7945 9035 7982
268 637 2390 838
2849 6481 6396 6640
2245 4623 2655 5364
8611 3227 9251 5178
268 269 3211 438
2262 1585 2871 2453
743 489 1444 521
1932 976 2665 1410
3935 1987 7321 2404
479 5421 1544 6474
1566 6642 6146 6691
6772 1218 9483 1410
3371 3429 5067 4022
3371 5686 6230 6028
6999 3791 7585 5189
326 3616 479 8608
3484 9394 5077 9445
3686 7987 9416 8342
9483 2044 9608 5345
5470 6691 5777 7405
5635 6071 7893 6371
7839 9111 9771 9489
5257 976 6772 1410
7585 3791 8322 4419
1693 5917 2583 6432
5751 2716 6854 2764
3304 630 9131 734
2913 3307 8468 3429
7690 3119 8798 3223
3371 4505 4090 5004
2671 2716 2913 6028
2913 3227 8468 3307
55 9254 262 10000
3484 9675 10000 10000
4442 4022 6087 4493
3941 7780 9664 7945
268 933 1932 1410
6948 6464 8732 7050
9771 7811 9989 8077
6772 989 7132 1218
9554 534 9659 1721
55 8608 2632 9254
262 9254 618 10000
2665 976 5257 1122
2632 8608 2996 9568
9078 6968 9518 7756
3047 3835 3371 4854
268 0 9771 268
