1142 9550 2349 9846
8225 0 8605 233
5306 9015 7480 9669
1142 8637 9587 9015
1142 5536 1441 8628
2897 9015 4619 10000
0 3719 289 7139
5495 6251 6028 7206
560 181 1880 1939
3716 3866 7353 4015
7969 5913 8083 7010
4430 4085 5737 4803
1142 5228 7956 5287
8108 1998 8268 3246
0 8496 741 10000
8492 8006 9580 8637
2972 181 3716 4085
1880 181 2456 1939
1438 5508 6161 5536
9729 0 9998 6291
2882 5536 8174 5908
1337 2571 2456 3719
4619 9669 9657 10000
8492 6520 9271 6578
1337 1939 2456 2571
8492 7207 9578 8004
8753 3647 9729 5140
3716 3299 3929 3781
3820 6912 5173 7153
289 3719 2972 4085
7480 9015 9657 9151
8627 0 9729 1998
289 4497 733 4587
741 4803 1142 10000
5301 5913 5481 6717
0 7139 289 8496
0 0 3716 181
1142 9162 2509 9513
7643 1460 8439 1950
9729 6954 10000 10000
2882 6912 3461 8625
2456 181 2972 3719
4738 1910 6723 2451
7491 1460 7622 2115
1443 6303 2384 6312
9657 5140 9719 7744
3716 0 8225 640
1056 4492 4430 4791
5636 3136 6995 3655
7787 1998 8099 4946
3716 2456 7442 3133
5189 9015 5306 9620
7643 1998 7767 4975
7454 2933 7625 3512
3716 1460 7006 1910
9587 5140 9657 9010
3716 984 8627 1460
3716 640 8225 984
3461 7710 8427 8601
8275 1998 8479 7319
3403 4803 5117 5157
3461 7356 8365 7707
8563 1998 8753 3921
7480 9151 9657 9669
0 181 560 3719
5737 4599 7538 4913
1443 6312 2878 8633
289 4587 741 8496
1142 5306 7405 5419
2882 5913 5295 6895
8753 1998 9729 3647
289 4085 4125 4484
560 1939 1337 3719
