9583 4478 9832 5500
8316 3082 9114 3451
9114 2619 9970 3999
4440 712 5379 2407
3322 8458 6063 8695
3322 7671 4618 8456
7892 2201 8934 2618
1081 8879 1967 9430
0 120 108 9684
7977 5807 9482 7898
4412 5199 4728 7671
6239 4050 9406 4286
1455 2539 1973 2816
5284 5524 6066 7495
9482 5807 9799 8296
4728 4050 4987 8458
6086 5364 6230 7046
880 53 1211 120
6364 7601 7034 9345
1081 5963 1778 8879
6212 690 7018 1186
7977 8039 9216 8618
2948 712 4430 2408
108 120 323 9684
6086 7211 6218 8383
6240 4478 6364 7716
323 4599 2948 5963
2755 27 3654 444
7273 5807 7977 8558
4987 4050 6239 5019
7044 9208 9779 9403
7597 4478 9191 5602
7666 5612 8887 5807
2948 2422 6212 3082
563 5963 849 9430
7892 530 9578 2160
7977 7898 9114 8014
5379 712 6212 2422
323 3054 2737 3790
6212 1186 7027 3082
2768 530 6208 709
2737 771 2947 3768
3565 3082 4378 5919
30 9684 1081 9886
6942 3082 8316 4050
323 120 1455 3054
7892 2619 9035 3048
2675 8742 6364 9443
3046 9443 9123 9963
9578 530 9896 1451
1778 5963 2019 8721
8316 3451 9114 4050
7044 4478 7554 5600
3322 5963 4378 7671
1455 120 1832 2539
323 3790 2948 4599
4378 3082 6942 4050
2040 5963 2675 9443
7027 530 7892 3082
3654 0 10000 530
5284 5019 6233 5364
1832 0 2737 2539
4987 5019 5263 8407
2948 3121 3503 4923
7044 5807 7259 8748
6364 4478 7044 7601
2675 5963 3322 8742
7044 8765 9727 9160
