6853 7263 8148 9794
38 361 154 8549
4672 9794 10000 10000
7601 3476 9043 4356
2414 1921 5799 2038
798 9145 2883 9818
1274 3151 3516 3591
6183 5659 6656 6722
535 1122 1258 3405
223 509 3977 1122
2287 8021 2861 9145
6817 5479 7968 6797
798 5283 2123 7495
3977 572 7489 1279
2679 3591 2883 7295
223 364 8370 509
0 5 9376 163
9043 3476 10000 8490
8097 1921 9170 2308
4473 3476 6183 4902
2883 3591 3783 6194
2414 2216 4333 3143
2123 3591 2266 6693
8107 2308 9702 2875
798 7495 2123 9145
4902 8252 5991 8608
3964 7256 4672 10000
6108 4902 6183 7749
9066 361 9170 1089
536 5283 798 9103
2012 1122 2414 3143
8097 2876 9687 3471
230 3606 531 3819
7691 509 9066 1921
4902 8608 6183 9794
1274 1122 2005 3121
3054 7313 3337 7739
4473 2205 6927 2446
3783 3143 4473 6194
8851 8490 10000 9794
6183 4618 8682 5479
2188 9818 2669 9943
4672 7256 4902 9774
4473 2446 8097 3476
3067 1122 3664 1268
6183 3476 7601 4356
6183 6797 9043 7263
2316 5580 2678 7180
6183 4359 8681 4618
191 6596 496 9813
154 361 201 5015
7968 5479 8682 6797
2883 6194 4902 7256
4473 4902 6049 6061
3852 169 8803 361
9702 2308 10000 3476
2414 1279 7691 1921
8549 7263 8851 9794
8851 7263 9003 7657
6183 7263 6853 9794
535 3591 2110 5222
9170 163 10000 2308
4902 6194 6074 8228
8148 7263 8549 9794
8682 4356 9043 6797
2883 7739 3964 10000
