5259 3565 5498 4232
8194 7936 9777 9005
2936 3156 3051 6652
3053 3676 3600 4516
8425 9766 10000 10000
5726 4126 7641 4620
1884 450 2780 4841
4889 5286 5301 7957
3693 3400 8390 3559
7115 9442 9777 9766
3911 8925 4867 9044
5722 8464 6648 9001
8832 4507 9530 4600
1613 450 1884 4826
4897 8236 5482 9442
2780 1781 2928 4719
8832 1729 9759 4000
3053 4570 5567 4669
1582 5465 2526 6023
6666 5673 7122 6952
0 8699 769 10000
3559 9442 5983 9766
3710 7426 4889 8924
8352 599 8390 2958
2437 9051 4880 9191
5502 5673 5722 6880
4121 2025 5167 2816
2936 2821 4843 2960
8832 1132 9996 1723
1884 4841 2573 5267
7065 7601 8194 9005
6211 3565 7560 3909
754 429 8186 450
769 8699 1187 10000
8980 5039 9061 5317
5862 7601 6463 8216
1244 6989 2437 8184
3053 5039 8427 5286
7579 3689 7799 4086
417 2313 701 5416
2437 9191 4889 9442
9777 1729 10000 7958
8427 5039 8867 6687
0 6989 1244 8184
8394 301 8832 4657
8867 5366 9733 6687
0 6717 4889 6989
4275 7025 4625 7426
8832 0 9994 1125
5722 5673 6666 6952
778 123 6086 301
1195 6716 2951 6717
0 8336 2437 8699
3860 1556 6285 1741
3600 7426 3710 8897
5482 6952 8195 7601
9733 6641 9762 7891
1532 316 8109 428
3053 4686 9212 4748
8427 6687 9733 7563
5983 9442 7115 9766
8427 7563 9733 7601
3053 5286 4364 6183
1074 6023 2936 6716
3559 9766 8425 10000
2437 6989 3412 9009
3860 450 6332 1556
5482 5286 8427 5673
2164 9442 3559 10000
3693 3156 7990 3265
5482 9005 9777 9442
8195 5896 8427 6673
9076 4055 9599 4334
0 2313 417 6716
2780 450 3860 1781
9777 8440 9982 9491
3053 4748 9777 5039
0 8184 2437 8336
1187 8699 2412 9441
4419 5286 4794 6700
0 73 747 2313
6808 8627 7065 8653
1187 9442 2164 10000
7079 450 8352 3156
6500 7601 6951 8211
6332 450 7079 1636
5357 5286 5479 8109
8194 7602 9730 7936
8195 5673 8332 5829
754 3492 1044 6677
7122 5673 8195 6952
6457 1636 7026 1737
1074 1341 1532 3619
