1877 6383 7837 6626
1185 3113 1472 3250
2952 2947 3298 5440
2021 9201 3197 9576
8447 3144 9763 3365
26 4119 667 4163
7837 5784 9723 6199
366 5868 1537 6675
8841 8262 9203 10000
3422 4130 3488 5071
696 7888 1497 9425
1504 7958 4564 8331
2712 561 9634 602
3197 9261 6058 9412
704 2298 4154 2804
7865 6758 9553 7522
5402 5848 6171 6012
7707 6758 7865 8328
2712 207 5055 561
2282 8331 3067 8635
1266 602 9767 818
1050 5607 1613 5847
2282 9024 6425 9201
7252 8328 7865 9409
7728 6667 9511 6758
887 9576 3212 9713
4948 4847 6416 5848
366 5230 2091 5607
2091 5441 3422 5607
704 887 5121 907
9431 3367 9723 5784
552 428 1266 485
2091 4742 2952 5440
7865 7522 9553 8262
5124 887 5697 1298
6220 2918 6783 2989
3575 7037 5782 7302
6847 818 9525 1434
1914 6626 6027 6655
5040 1555 6764 2059
6847 1502 9264 1890
7015 4130 8423 4763
2434 969 3746 1770
1504 8331 2021 9576
704 908 1884 1734
1266 53 2496 574
4564 7958 4590 8212
1610 2947 2952 3893
408 1233 520 1840
7483 6675 7680 6959
8519 4788 9431 4847
3488 4847 4948 5607
1537 5868 1770 6303
520 1790 702 2799
6425 8640 7252 8973
2021 8331 2282 9201
5911 7052 7470 7723
5129 7302 5911 8328
9203 8262 9723 9253
0 9716 1657 9727
0 4163 2952 4742
8644 4847 9405 5722
9203 9253 10000 10000
704 1770 3822 2298
7208 2331 9767 3144
3488 4130 4487 4847
4487 4130 7015 4847
249 5230 357 6194
1877 6033 7837 6383
7837 6199 9409 6618
0 4742 237 9215
249 4972 1436 5230
5911 7723 7707 8328
5040 2844 6175 3366
4154 908 5115 1364
3851 908 4150 949
7252 9409 8841 10000
538 5636 896 5858
2196 3893 2299 4126
2712 6 7892 157
9553 6758 9723 8258
9767 4770 10000 9253
735 6739 1245 7737
3469 9576 7252 9851
9767 0 10000 4770
8734 3367 9376 3941
4154 1448 5040 2804
37 2804 1185 3544
6425 8973 7252 9201
7865 8262 8841 9409
3085 8395 4374 8640
6874 4847 7826 5636
8734 4152 9425 4774
6847 1911 9255 2060
283 6691 696 9594
9723 3367 9767 9253
8521 3367 8734 4293
1504 7302 5129 7958
7837 4922 8638 5784
3298 2947 5040 4130
6416 4847 6874 6033
2789 5976 4820 6033
9511 6199 9723 6758
1266 818 6847 887
1248 7302 1504 7841
1050 5848 3912 5868
5046 3478 7704 4130
5040 2060 6220 2844
2282 8640 6425 9024
0 9851 7252 10000
1877 5868 4964 5952
5129 8328 7252 8640
1245 6675 7442 6936
8850 2076 9652 2331
1622 5607 4948 5848
1185 2804 5040 2947
520 981 673 1790
