3914 8426 7289 8731
6662 3634 8220 4257
734 1303 968 5390
2984 3307 4404 4349
1934 2400 8844 2738
2343 4502 3033 6746
0 2021 233 8273
1225 3234 1435 3244
3426 1432 4147 2398
8220 3634 9305 5280
2155 6789 2292 9358
4147 2208 8835 2400
5185 4257 5615 7015
6304 2771 6540 3624
8743 0 9305 542
2292 2738 4243 3276
9613 0 9930 1809
8879 6404 9351 8419
3327 4349 3659 9358
3953 7848 4774 8388
3987 5171 4175 7612
6662 2738 9305 3634
6194 4481 8220 5280
4473 2738 6304 3500
233 8007 2154 8273
8052 6404 8878 8398
9613 6352 9987 8509
1295 1576 1934 2658
6543 0 7651 2207
379 952 734 7529
0 0 233 2021
1934 1576 3385 2394
8844 2207 9305 2736
9366 6404 9433 7575
2292 6746 3033 9358
734 5390 1818 7529
4875 9896 8216 9989
5615 4257 8220 4481
3426 1351 4864 1432
2154 9358 8264 9784
4494 1432 4973 2138
968 1576 1225 3909
3692 8742 7151 8769
1826 6947 2119 7768
1462 2738 1776 4489
235 952 379 7438
968 1303 3424 1576
9613 4189 10000 6342
1818 2738 2271 4975
1818 5652 2280 5751
0 9194 2154 10000
6647 5280 7593 5383
4405 4257 4674 7163
3659 8769 8264 9358
2292 3482 2854 4231
7620 5280 9613 6404
6889 5431 7620 8396
8264 8769 9278 9807
233 0 6543 323
5303 323 6543 952
2154 9784 4875 10000
233 7529 1818 8007
9305 0 9613 5280
734 952 6543 1303
4861 4257 5056 8294
7620 6404 8051 8395
6194 5431 6819 8340
3659 4349 3905 6997
5956 4481 6138 8347
7954 0 8743 361
3033 4349 3327 9358
7651 542 9305 2207
968 3909 1462 5390
0 8273 2154 9194
233 323 5303 952
5615 4481 5956 8402
