1704 2493 1955 3754
823 5250 1493 5800
5451 2619 5643 3005
6853 8227 7769 8489
9243 7998 9634 8683
8973 602 9312 5701
1348 3063 1486 5106
995 6137 2753 6748
1836 0 2755 1438
5141 0 10000 602
3146 2776 3815 3125
611 2267 1498 3048
3614 831 3949 2776
823 5808 889 9431
3974 9029 5183 9127
1047 6853 1996 8275
611 3063 793 10000
1758 4727 2179 5312
2869 7629 5287 8524
3183 4487 4442 4538
793 3063 823 10000
0 7722 611 10000
5718 5808 7914 6351
8646 5701 9312 7193
5287 7629 6772 8524
823 9431 2270 10000
995 8804 9243 8994
1503 3802 3183 4727
2755 831 3614 1438
3758 6579 5718 6965
5696 3956 6837 4332
8249 602 8973 3113
1955 2776 3146 3802
1955 1438 3614 2776
7191 9405 7406 9532
6723 9127 9860 9405
8646 4603 8792 5372
6709 2525 6875 3747
7992 943 8051 2498
6772 7998 9065 8221
6875 2525 7914 3956
889 6127 995 8994
3812 3314 5369 3744
6704 6351 7920 7629
3974 9127 6723 10000
7713 4062 7814 5477
9860 779 9994 9665
5141 602 8249 943
7920 7193 9312 7629
4417 8524 5039 8779
3426 7491 6704 7627
6723 9593 9860 10000
6364 943 7215 2267
0 0 395 7051
995 8530 3965 8804
2270 9431 3199 9493
7406 9405 9860 9593
1503 5547 7914 5808
4612 3761 4755 3802
6772 7629 9312 7998
9704 3231 9810 3246
396 0 609 6790
7923 2525 8249 3039
3183 3802 5451 4487
889 5808 5718 6127
1996 6748 2869 8524
1503 5460 6890 5547
1800 0 1836 827
5451 3005 5999 3955
4125 2525 5344 3311
823 3063 1332 5168
843 1787 1503 2265
8193 8227 8668 8715
3009 7047 3378 7296
3378 6965 4693 7026
4512 4487 7713 5299
889 8994 3974 9431
9312 602 9704 7998
3694 5299 6613 5397
0 7666 580 7722
7914 3113 8327 6351
2869 6579 3758 6965
5141 1096 5727 1433
611 0 813 1922
3949 1433 6364 2267
2869 6127 5718 6579
8327 3113 8646 7193
7920 6351 8327 7193
4514 831 5141 1303
5718 6453 6579 7096
3949 2267 7992 2525
818 0 1503 1787
995 8275 1322 8505
5999 2611 6696 3894
3378 7122 6649 7475
2755 0 5141 831
7215 943 7992 2267
