4797 9787 9403 9869
1999 5210 4928 5491
6422 7457 6570 7906
6624 2708 9963 2799
3158 4292 3986 4832
6708 6749 6905 8091
6121 401 7666 1218
3986 4292 6603 4754
120 5672 948 5943
3319 8863 8647 9032
120 7699 2224 7980
6220 2031 6624 3375
0 8087 1226 8386
1999 4849 2675 5210
988 3638 8320 3792
1621 9870 3197 10000
487 8386 1085 9684
905 7398 4861 7457
1736 6690 2234 7327
2207 8322 5255 8394
9403 9065 9892 9147
3097 4292 3158 4593
2035 69 6121 339
5617 9509 8915 9646
1619 4400 1961 5129
9160 5750 9406 6366
6340 6853 6632 7388
1619 4034 6873 4292
5408 5358 9681 5485
9963 641 10000 5706
3182 6897 4693 6978
1317 5937 8522 6073
637 1609 5874 1764
6708 8091 8663 8227
7654 1895 9462 1901
1316 9239 2922 9486
5924 339 6121 1218
5247 7814 6074 8087
5639 1218 5907 1530
2035 1193 2670 1480
1317 5129 1999 5491
8868 7572 9403 8091
8756 6405 9401 7537
5292 8087 5389 8254
120 385 637 2268
1365 6085 1776 6275
3319 8394 5292 8791
2035 430 3129 1188
6905 6405 7167 8091
8320 3638 8462 4823
1366 108 1850 1609
2035 1546 4553 1606
36 69 120 6531
5408 4832 7404 5181
1776 6083 2969 6267
8216 7019 8724 7572
3319 8791 5981 8850
9512 2799 9963 4832
1040 4731 1317 5137
9170 3489 9455 4066
637 2031 4052 2141
5422 5730 8662 5937
2224 7457 5231 7684
7404 4832 9963 5024
6451 97 7588 252
120 108 1366 385
8020 3830 8320 4823
9681 5358 9954 5681
5050 6749 6686 6845
3096 6083 7347 6271
8134 6450 8483 6629
4529 1218 5116 1543
3986 4824 7875 4832
637 385 1366 1609
2922 9102 5077 9149
2401 3106 6220 3375
2207 8087 5292 8322
570 2268 988 3336
1621 9684 3197 9870
4314 339 4529 1300
4529 339 5206 1218
2137 7990 2207 8394
6633 6853 6708 8544
3182 6405 6905 6749
6840 1963 7271 2031
0 8386 487 10000
1317 3792 1619 5129
7167 7572 8868 8091
1316 9081 1561 9239
120 3336 738 5672
6530 362 6951 401
3197 9684 4797 9869
1850 1322 2007 1542
5408 5485 9681 5730
905 7457 2224 7699
6632 8631 7782 8752
1085 8386 1316 9684
9467 4206 9512 4744
2234 6690 3158 7367
988 2268 2522 2807
2401 3375 7782 3638
4010 339 4155 1298
2522 2268 6220 2428
6097 1546 7705 1878
2922 9373 8663 9486
4150 4832 4648 5177
8462 3667 9066 4165
9271 986 9614 1895
5617 9646 9387 9787
3604 1771 4217 1884
25 7980 549 8064
1649 9035 7212 9040
2035 346 3463 430
8072 9033 8663 9124
4 69 25 3463
2194 5743 4763 5882
3197 9869 10000 10000
637 1902 4336 2018
1619 3830 8020 4034
2224 7686 5247 7980
2047 4564 2596 4817
2862 3792 8320 3830
8671 5750 9144 6079
1316 9486 4797 9587
9387 8091 9403 9784
7194 4034 8015 4784
5408 5181 7404 5358
1317 5491 4928 5730
9614 0 10000 641
738 3336 988 5672
128 6690 905 7580
7404 5024 9963 5170
4797 9486 5617 9787
3460 9156 3873 9373
120 2268 570 3336
120 6609 1833 6690
1317 6405 3070 6583
7207 2305 7469 2708
7771 650 9270 986
0 10 7499 69
7167 6405 8134 6715
2207 7980 4577 8087
6901 4034 7194 4685
9702 641 9900 1498
7404 5170 9521 5344
8712 986 9271 1768
9403 6405 10000 8331
5206 339 5924 1218
1619 3792 2787 3830
1317 6288 6466 6405
988 2807 2522 3106
1582 80 2035 108
2522 2428 6220 2774
1003 6728 1302 7019
3873 9149 8663 9373
4527 2774 6200 3033
7167 6715 8216 7572
2522 2774 4527 3102
8673 5730 9491 5749
4928 4832 5408 5730
7666 0 7743 771
8216 6715 8707 6973
7616 2799 7649 3316
6708 8227 8422 8587
8663 8091 9387 9486
988 3106 2401 3638
1316 9587 4797 9684
5230 1218 5369 1401
487 9684 1621 10000
3167 430 3973 1425
7782 2799 8265 3631
9403 8331 10000 9065
1316 8394 3319 9033
