4142 8843 8305 9130
5944 7977 6892 8843
3695 1307 5136 1484
1913 4976 2632 5449
5149 7792 5944 8843
1888 6126 2269 9388
7914 2945 8041 3249
9858 5748 10000 10000
21 417 234 2839
2269 6126 2757 8843
8709 6114 9175 6612
821 2538 1363 3239
1549 1151 2252 3609
3695 1484 5598 1790
3868 8073 4192 8832
3529 5501 7505 6502
6892 8439 7619 8669
8137 6192 8295 6938
9098 0 9313 966
3971 5076 8137 5475
6698 1151 7759 1499
6362 1798 8702 2626
8342 1723 8554 1798
1987 5501 3529 6126
8137 4325 8709 6192
2418 1151 3695 2587
2252 2587 3165 3609
5944 7201 6892 7977
2757 6126 3529 8073
8702 1798 9316 4325
5394 86 5680 393
0 6126 1058 8096
0 9674 1601 9958
0 8096 1058 8939
6144 0 8167 822
9316 0 9826 3363
3529 7506 4113 7904
3165 2945 4070 3609
3165 2587 5744 2853
2826 5475 8137 5501
9858 0 9999 4350
2032 9388 2229 9632
4070 2945 5437 3609
2826 3609 3971 5475
5944 6798 6501 7201
0 4885 1913 5501
3971 3609 7820 4325
8188 0 9024 762
3695 1798 6362 2587
8336 6192 8709 8104
1000 8939 1837 9626
4192 7792 5149 8843
8709 4325 9316 6114
2229 9388 7502 9635
6362 2626 8702 2945
1576 3609 2099 4813
0 5501 1987 6126
8336 8104 9826 9230
2099 3609 2826 4885
9858 4611 9999 5680
9316 3363 9826 7232
7372 830 8174 1079
2253 1151 2418 2384
3773 9868 9826 10000
9316 7232 9763 7658
5437 3410 7820 3609
6892 7201 7891 8243
7907 7313 8336 8635
1549 804 6144 1151
8131 1217 9120 1720
0 3284 1407 4474
4192 6756 5944 7792
7502 9458 9495 9635
4192 6617 7877 6756
5437 2945 7914 3410
1058 6126 1888 6798
3310 9868 3773 9951
1413 403 5248 804
5655 1151 6698 1533
1724 9635 9826 9868
2269 9230 9826 9388
8709 6766 9305 8104
7667 5517 8038 6092
236 0 641 3086
3971 4325 8137 5076
1058 6798 1888 8939
642 1048 1288 2006
7820 3410 8591 4166
2757 8073 3792 8828
9826 0 9858 10000
1431 804 1549 4579
