1129 252 5528 461
2740 5066 3538 7951
1349 7654 2740 9812
433 6347 1103 7303
8969 0 10000 1773
0 8460 1129 10000
7837 3019 9257 5290
0 7450 1129 8460
2740 7951 9706 8045
9258 4197 9999 5480
1138 2934 1349 10000
7433 5480 9706 7825
7097 0 8969 461
3803 9660 6780 9725
6289 1341 7686 1780
7948 8459 8540 10000
5598 461 5900 2844
9706 5480 10000 10000
6492 2245 8075 3019
9258 1774 10000 4197
7433 3361 7835 5441
2740 8045 9706 8459
4782 9806 5103 9976
0 5774 224 7450
0 430 1076 2683
2326 5066 2740 7654
5921 7825 9688 7855
2326 461 3787 3154
1349 2934 2326 7654
2740 8459 3774 10000
1518 9812 2291 9944
6024 1341 6289 5790
5009 5066 5432 7951
381 2948 1022 3923
3774 8459 7948 9660
1129 2934 1138 10000
6047 5810 6261 7659
3972 461 5432 5066
8969 2146 9231 3012
5921 461 8226 1203
8540 8780 9706 10000
2790 4432 3632 4934
6291 2209 6304 6612
2326 3154 3972 4432
3538 5066 5009 7951
5432 4417 5921 7868
8195 5304 9043 5480
3823 461 3972 3063
8540 8542 9505 8780
1129 461 2326 2934
6304 4267 7433 7825
0 2683 381 5561
6304 3150 7507 3361
7124 3753 7239 4267
