2180 799 2935 2016
90 2178 331 3910
5732 7998 6521 9804
7960 1165 8395 4535
4368 5305 5079 8116
3687 4002 4700 4306
5079 5730 5238 6693
9732 5856 10000 10000
6772 5665 9009 6331
5962 1934 6080 5579
6080 7536 6901 7669
582 4399 2564 5858
9278 2168 9732 6446
3687 3225 5079 3829
1264 8192 3909 8766
1218 7176 4368 8116
6538 7984 7543 9730
8537 6331 8987 9823
2935 799 3687 1553
582 4200 1488 4399
9175 6446 9732 7528
6772 6331 8122 6899
5335 4325 5546 5554
583 9036 1950 9132
9274 2168 9278 5707
3699 1934 3989 3070
6080 7898 8532 7984
7576 7984 8537 9967
8122 6959 8282 7898
7065 1165 7960 3383
7065 514 10000 1056
843 2460 1276 4200
9009 2168 9162 9921
5208 1529 5947 1820
6772 5275 7960 5665
7432 3520 7807 3930
331 9967 8847 9992
843 0 1276 2460
5772 3225 5954 5328
2180 0 3687 799
582 5858 3357 6319
2935 1553 3687 4399
7065 1056 9732 1165
2564 4399 5079 5305
331 0 843 4200
1488 2016 2917 2439
1969 2443 2933 4398
1950 9804 7576 9967
6540 0 10000 514
3687 0 4341 1529
1291 2016 1446 3868
9009 1165 9729 2165
1587 6319 2590 7049
3700 1529 5208 1910
6772 3990 7960 5275
5079 8117 5730 8661
3357 5858 4368 7176
1488 2443 1943 4015
7960 4535 9009 5665
4341 0 5408 1529
5253 5730 6079 7337
393 4213 582 5737
1276 0 2180 2016
3909 8116 5079 8766
674 9132 1198 9746
2564 5305 4368 5858
3989 1934 5943 3214
9165 7544 9632 7711
8309 6331 8496 7230
6080 0 6353 7536
1950 8766 5079 9271
6353 0 6540 3990
8395 1165 8893 4074
618 6319 1218 8504
9732 1056 10000 5856
6772 6899 8122 7536
6353 3990 6772 7536
1950 9271 5732 9804
6540 514 7065 3990
5408 0 6080 1529
