6175 8055 6971 8485
5684 1487 6422 2805
4857 3921 5744 3964
4460 3439 4857 4357
4513 776 8766 1070
9344 2849 9924 3472
6175 9279 6773 9785
3354 3590 3386 4982
7728 2978 8811 3351
4814 219 5338 244
1129 6805 5463 6938
4186 1361 8252 1388
1052 9060 2546 9710
8116 4246 8882 4782
7391 3964 8814 4124
327 9793 4666 9794
2714 8083 3313 8154
3961 325 4414 564
5167 1487 5183 2654
2113 7585 2193 8414
4569 7567 6382 8055
8821 1394 8939 2771
49 2852 1929 2946
816 6607 2749 6805
3199 9512 4569 9669
8882 4246 9041 4828
2063 4717 2237 6607
3366 718 8872 776
407 7523 1052 9712
4186 1070 8583 1341
4569 8707 4792 8803
23 4717 1880 4954
705 3103 1929 3462
9499 6863 9924 6938
9041 4422 9301 6302
3354 5283 6290 5375
4569 8068 6164 8328
8872 500 10000 776
327 6805 1129 7523
8872 0 10000 500
4857 3964 4960 4299
3354 3106 4460 3590
2546 8802 4382 9462
1929 2964 3354 3462
4186 776 4507 1068
4894 8774 5022 9476
7009 2805 7507 3075
9301 4422 9849 5777
327 7523 401 9332
23 5559 1016 5987
2237 5375 6290 5493
1129 6938 2195 7523
9946 2849 9973 6838
49 718 806 2108
49 717 4678 718
8939 2395 10000 2639
0 0 2962 325
5185 1487 5684 2852
6779 7567 7539 8055
2195 7567 2540 8686
0 5987 327 7055
1425 1761 2522 1841
9140 8229 9750 9187
3607 5924 6915 6563
2916 3869 3354 4717
7051 6863 9499 6938
5027 8774 5116 9536
1729 1487 2828 1741
7051 5535 8999 5627
7607 6302 9301 6863
3386 3590 4460 4357
327 9850 10000 9963
7350 4982 8920 5430
2962 0 4569 244
2656 2584 5167 2852
9756 8229 9892 9080
4385 8041 4428 9462
7539 7567 8746 8055
2237 5051 3354 5375
6842 4828 9013 4975
806 763 2964 857
5634 563 7602 717
9301 5869 9912 6553
327 9712 5795 9758
327 6158 816 6805
8367 1394 8814 2978
8939 1424 9486 2395
7607 5627 8389 6302
3313 8041 4385 8802
5002 563 5634 707
4371 5120 5639 5270
6699 9827 8668 9850
7009 8229 7811 9068
1984 4881 2055 5490
7962 6938 8746 7351
8814 3472 9613 4081
806 857 1425 2108
2032 9963 3430 10000
3464 2431 5167 2584
6241 8733 6600 9160
2828 1487 5167 1761
2268 6384 2569 6526
5908 3964 7391 4195
2749 6608 3370 6805
3695 7001 5330 7341
705 2946 1929 3103
0 717 49 3869
9041 4124 9924 4422
9709 776 9967 2046
5330 7134 6579 7342
9924 5398 9946 5490
2569 5561 3542 6505
3354 5026 4990 5120
23 5000 1956 5001
816 6556 2063 6607
8389 6067 8843 6148
182 4281 1444 4639
9636 2639 10000 2849
2546 7580 4257 7780
5463 6607 6347 6937
4414 325 7602 563
9301 6588 9899 6854
32 7055 63 8284
3354 2964 7009 3106
3366 776 4157 1388
2569 5493 5621 5560
3719 7495 7962 7567
8766 776 9596 1230
4372 5561 6029 5872
9892 8055 9924 9202
8746 6938 9454 7966
8939 2639 9636 2759
458 5988 1859 6158
6382 7567 6779 8055
7009 8086 9512 8229
7477 1394 7524 2398
4460 3177 7077 3439
8108 244 8872 717
5684 2805 7009 2852
4894 8473 6012 8774
49 2946 682 3435
3386 4357 5263 4378
2962 248 5753 325
1467 857 3366 1394
2386 6955 4397 7001
8649 9280 9590 9569
3515 7804 4328 8041
4428 8104 4559 9303
5835 4252 5887 4818
1662 2108 2656 2852
7602 244 8108 717
3507 7001 3592 7507
2755 2145 3464 2275
7524 1394 7728 3964
6290 5120 7051 5924
23 3869 2916 4281
8814 2849 9344 3472
6422 2522 7215 2805
8939 2759 9636 2849
7 4058 23 4345
1052 9710 4314 9712
816 6158 2063 6556
49 3462 3354 3869
1425 1394 7477 1487
7728 1394 8367 2978
7391 4124 9041 4246
4569 0 8035 171
6758 1487 7477 2269
9086 9202 9756 9272
1052 8655 1870 9060
4570 8328 4894 8617
1444 4281 2916 4717
7962 7351 8735 7558
3464 1761 5167 2431
2237 4717 3354 5051
3354 5120 4371 5283
1929 2863 6881 2964
49 2108 1662 2852
3386 4828 6842 4982
7054 5627 7607 6862
