7291 1215 8197 2139
3324 4528 4087 8307
9038 0 9766 1907
4087 4528 4835 8307
5129 9304 8194 10000
940 9324 1556 9902
2379 5174 3052 5999
1795 9304 5129 10000
1580 5174 1795 10000
1924 5174 2379 8151
6896 503 7291 2205
2894 693 6319 828
2894 828 6319 1117
6861 8307 7978 9224
8502 1907 9766 3950
3075 2615 3324 6465
7291 907 8118 1215
4951 6686 5144 7773
1623 2615 3048 5112
0 6091 940 10000
1795 8500 5330 9304
8194 2205 8308 7297
1472 6091 1580 8617
8309 503 8457 7319
5330 8500 6454 9201
1839 693 2894 1542
680 5330 1251 6091
29 2038 1605 2860
2403 8307 6713 8498
2379 6886 3324 8306
3324 2615 4053 4381
4081 4110 6481 4359
8245 8861 8862 9809
6319 0 6896 1117
940 6091 1470 8602
1605 2289 6896 2615
4588 2615 6896 4110
4835 7793 5671 8307
8457 4692 9700 6923
2894 1117 6896 1542
4835 4528 6481 6479
9766 0 10000 10000
3552 2038 6234 2258
0 3906 919 5029
940 8617 1580 9324
722 1556 3705 2038
6896 2205 8157 3802
3705 1542 6809 2000
6481 4180 7639 5915
8194 7319 8291 8577
5671 7793 8194 8307
5144 6479 8194 7793
431 0 1839 1424
4081 2615 4394 3574
8457 0 9038 1907
6896 0 8268 359
1839 159 5516 693
4081 4359 6481 4528
