43 7898 76 8631
3653 6134 6676 6191
4863 6329 5425 8032
5425 6329 6453 7010
25 86 494 1262
912 7947 1333 8491
2390 212 7651 235
7981 4415 9726 4638
528 6558 843 7169
9356 0 9915 554
4274 8032 5425 8206
295 1262 494 7099
735 423 843 5396
1330 1752 1507 3677
5622 927 7010 1408
3453 5156 6823 5420
4366 9145 5400 9498
7981 3380 8416 4415
25 7099 494 7845
2713 4115 3373 6184
2325 6211 4177 6527
3953 682 5452 803
3466 554 3511 3829
6823 4638 8036 4915
7214 927 7558 1739
5425 7010 6213 7274
615 423 735 5396
5764 387 6848 502
8058 6331 8197 8890
9249 5277 9382 8880
3453 4999 6823 5156
5273 3206 5615 4452
7981 1931 8892 3329
4203 4579 6823 4834
3272 8500 7069 8915
2534 7398 3664 8152
6823 4932 8124 5806
4421 3467 5266 3780
8416 4261 9684 4342
4076 2201 4203 4999
6211 918 7880 927
3272 8915 4366 9562
912 7169 1296 7947
9463 5277 9952 6435
528 7169 912 8770
7221 2225 7768 2543
3272 8463 7069 8500
3768 7240 4124 7896
3251 9755 6380 9936
4343 2570 5579 3206
8599 5698 9188 6451
986 3677 1217 5857
8941 9145 10000 10000
5615 2201 7084 3049
3953 1450 4984 1468
76 7845 481 8649
6427 9033 6543 9092
9726 927 9818 5277
906 423 986 7169
6823 3049 7165 4638
25 3622 246 4311
3272 9562 5511 9677
4275 2201 4343 3262
1507 1752 2130 5300
9335 1394 9678 3380
2534 8206 7069 8463
8416 4342 9726 4415
3013 270 3271 319
5425 7274 6213 7696
496 2598 615 3014
1296 7169 2534 7947
1308 8726 1466 9630
25 9760 2396 10000
2183 423 2334 5102
5615 3049 6393 4510
5425 7696 7069 8206
1217 3677 1507 4389
4274 6329 4863 7465
2969 6529 4274 7169
6213 7010 6453 7696
76 8770 912 9760
9699 927 9726 4342
9915 0 9975 5233
2713 319 9319 386
2769 476 3408 2200
1102 6254 1660 7161
6453 6191 7274 7646
8154 5271 8276 5966
0 86 25 10000
3538 613 3953 4219
3953 1793 4879 1828
4090 1478 4962 1770
0 17 4607 86
1217 4389 1507 5857
494 5396 528 7845
7281 6191 8034 7654
986 423 1330 2435
4203 4834 6823 4999
843 423 906 7169
4343 2201 5615 2570
2819 3289 3453 3866
3953 1828 7981 2201
8278 5277 8442 6479
6380 9719 8941 10000
7397 7696 7572 9064
2396 8158 2534 9970
25 1262 295 3622
4274 6191 6453 6329
7572 7696 8058 9145
7165 3049 7981 4638
2002 6865 2969 7066
1660 5857 2183 6529
8278 4638 9704 5264
7084 2543 7981 3049
986 3547 1274 3677
9818 927 9915 5277
1266 250 2245 423
3986 3315 4076 3977
6393 3049 6823 4579
4028 5420 4159 5882
2629 4674 2713 5291
986 2435 1290 3242
5622 554 6052 891
5806 5420 6561 5745
5266 4510 6393 4579
4229 3780 4776 4572
7082 7903 7396 8812
4661 7465 4863 7788
2534 8463 3104 10000
3104 8463 3272 9719
528 5396 843 6558
1330 423 2183 1752
5541 9145 8527 9673
4366 8915 6596 9020
2390 547 2557 4065
494 86 8674 200
8416 3380 9699 4259
