3557 5285 3812 6379
7547 38 7571 9289
6912 2407 7006 2616
7339 1565 7502 4017
7649 5030 7782 9719
1581 1327 2722 2549
6400 6051 7492 7060
4443 6051 6400 6759
9623 1830 9775 3573
3323 1749 4164 2442
6368 9289 7111 9694
7571 38 7649 9719
9134 7466 9354 9662
3619 7479 4079 8944
750 4526 2953 5341
0 38 110 9915
5671 2624 6043 4449
9458 4295 9743 4548
4727 459 6912 1749
7339 38 7547 1565
6175 394 7062 459
4443 5866 7547 6051
188 6524 649 8401
6730 4449 7480 4784
188 8508 681 9425
7797 4295 9358 4874
8100 9719 9259 9954
239 3455 290 4722
8199 1830 8572 1921
290 5307 657 6330
7773 2154 7797 4531
590 459 1581 2382
8921 4884 10000 6503
6043 2624 6912 4052
5971 5092 6323 5649
2958 2762 2994 3079
4749 5649 6357 5866
2963 6391 3668 7120
3323 2442 3557 5341
8800 2076 9623 3773
8921 1250 9286 1830
7797 1250 8921 1830
188 2549 2722 2762
9354 7695 9815 9844
4497 7402 4729 9195
8247 6192 8921 9719
7112 621 7113 1131
4962 7411 5195 8508
4164 3227 4425 3789
8800 3773 9592 4292
4145 7402 4488 9067
7782 5030 8247 9719
8939 7876 8966 8103
1048 38 4641 218
750 5341 2319 6391
1422 2801 2844 3094
4164 3789 4443 7402
6400 7426 7547 9289
110 459 188 8444
9286 0 10000 1830
8275 5073 8818 6192
3829 3558 4164 7402
4443 6759 6400 7402
4749 4449 5971 5649
4962 8508 5196 9289
9787 3183 9986 4884
750 3094 2953 4526
7797 4884 8247 5030
2994 1749 3323 5341
6357 4449 6730 5866
5855 8051 6269 9160
750 9326 4729 9719
8051 84 8967 1250
838 156 1048 379
4443 2624 4749 5866
8966 6503 9969 7427
4729 7402 4962 9719
7797 2076 8800 4295
9005 7466 9130 8734
0 0 9261 38
3557 2442 3829 5285
2554 7402 3556 8054
6043 4052 6843 4428
750 7402 2396 8395
0 9915 5059 9987
4749 2624 5671 4449
9820 7753 9986 9982
2446 9225 3752 9326
2319 5341 3557 6391
5196 7402 5855 9289
188 2762 1285 3075
5073 1757 5302 2624
719 3800 750 4676
290 3094 700 5026
3829 2442 4157 3507
6730 4794 7535 5615
704 9719 8100 9915
1581 459 2722 1327
2994 459 4727 1749
2722 459 2969 2669
7113 459 7339 4449
