3898 1901 4306 2573
3070 7991 3729 8779
8818 8773 9137 9831
959 1305 2806 1440
7007 1762 7108 2271
959 3556 1207 5264
8475 2272 8595 3369
466 7415 1408 9831
8673 3378 8901 3547
959 3174 2214 3556
4639 7095 7608 7777
2702 616 4306 1305
1408 7767 2231 8202
234 1305 466 3889
320 4683 445 9505
6983 6571 8067 6802
4529 2341 6145 2579
3070 6702 4624 7095
1237 3556 2410 4577
4529 907 5683 1714
959 5340 1233 6795
4793 2579 5046 6824
3004 3174 4624 4217
5046 4676 7365 5817
466 3564 959 6087
0 5850 211 7691
466 6268 900 6839
466 1305 959 3564
6145 3379 7341 4674
2041 8779 3428 9831
1408 8202 2041 9831
7498 4090 8673 5434
4639 7777 5387 9768
4529 2271 7345 2341
1339 5263 1695 6802
7608 7095 8818 8952
2069 8202 3036 8653
1695 4577 2410 7415
8673 3548 9154 5434
3428 9768 8818 9831
2383 39 6048 266
2410 3556 3004 7415
3070 6503 4624 6702
110 914 234 4461
234 616 2702 1305
9675 2211 9872 4933
8818 5434 9986 6478
3004 4217 3069 8188
7498 3369 8664 4082
234 478 5713 616
5713 1163 6822 1367
5987 7777 7608 8952
9137 8418 9968 8711
5046 5817 6983 6824
8497 0 8932 1997
4146 7095 4639 8779
234 9831 10000 10000
3864 2579 4624 3174
7345 1380 7365 4676
9217 2211 9379 4888
3729 7991 4146 8779
5387 8952 8818 9630
3428 8779 4639 9768
9379 2211 9672 5246
8932 0 9986 2211
7847 924 8353 1019
9986 0 10000 6296
5713 481 7359 1163
7365 5434 8400 5817
4306 616 4529 2579
0 0 1598 413
2270 7649 2894 7905
3176 7122 3936 7991
4344 337 8245 478
4624 2579 4793 7095
3070 4217 4624 6503
5046 2579 6145 4676
7392 1574 7487 4636
5387 9630 8818 9768
1589 1814 3864 2967
4793 6824 5916 6896
5387 7777 5987 8952
2214 3174 3004 3556
8400 5434 8818 5817
8818 6478 9137 8773
6145 2341 7345 3379
6983 5817 8818 6571
