3404 3781 3720 4232
1346 3822 3013 4086
2264 8306 3213 8448
4862 9239 5372 10000
168 1057 456 2496
6267 1556 6947 4220
5937 767 9018 1275
3404 5790 4160 6011
2045 9080 2602 9815
1346 7296 3404 7607
5937 1275 7970 1556
2648 1958 3300 3777
8599 4164 8909 8177
3297 9410 3645 9769
168 6243 829 7346
4688 140 5681 693
9581 1602 9939 2241
9321 548 9789 1571
505 1057 892 2428
3879 9815 4862 10000
5974 1556 6267 4161
9020 767 9321 4123
1346 7607 3404 8303
3496 1236 3669 1958
1654 5997 3044 6331
108 7332 168 8319
7836 503 9293 757
5012 693 5543 1381
907 7658 1346 9533
1346 5800 1654 7296
1654 6331 3114 7296
3956 1560 4420 3779
5779 8177 7124 9144
6947 1556 7478 3844
108 429 3821 720
3404 6011 4670 8303
2602 9108 3668 9368
4720 5374 4862 6982
7124 9288 9581 9906
7317 6974 8599 7711
168 3372 886 5839
3120 5941 3404 7256
108 8346 907 9533
1346 5616 3003 5800
7478 1556 7970 3844
3404 1958 3956 3781
5012 1699 5937 4220
7970 2502 8970 2737
4862 4797 6947 5534
7671 3844 8702 4130
168 7346 907 8346
3114 3822 3392 5907
1346 1618 2619 3822
907 1057 1346 7658
6438 5554 7317 7711
4862 4220 6947 4797
1578 8303 1607 9280
7317 5554 8599 6974
2355 4086 3101 5531
5372 9906 10000 10000
6947 4164 8558 5522
5414 7013 6295 7460
1607 8464 4391 8748
3956 720 4408 1368
2045 8751 4605 9080
9388 1602 9581 9288
1346 4086 1967 5403
5937 0 7836 767
9801 567 9991 1173
5372 5534 6914 5554
4606 720 4649 3313
3404 4316 4647 5308
4862 5622 5363 9239
6057 5554 6438 6185
9332 1602 9388 3383
0 0 59 10000
7970 1646 8889 1901
8909 4164 9341 8145
7970 1275 9018 1646
4904 851 5012 1477
9208 86 9790 503
1607 8748 2045 9815
5681 140 5888 1605
5372 7711 5779 9906
7124 8177 8909 9288
5779 7711 8599 8177
4670 4619 4684 9545
59 9533 1346 10000
1607 9815 3879 10000
59 3 5769 140
108 1057 168 7332
59 140 108 9533
964 824 1380 1057
5779 9144 6990 9427
