801 185 10000 235
3926 3419 4869 3858
307 5615 662 7294
524 5055 894 5615
1814 1044 3075 1872
1134 5148 2058 6053
5678 2376 7247 2576
2315 6652 4126 6989
1392 728 1814 1872
8094 3828 9056 4356
2518 8301 3184 9208
7773 9707 10000 10000
9757 5580 9827 9319
6017 3797 7762 3827
3075 1601 6611 1872
7224 7596 9091 7672
1109 6839 1250 7052
4869 3830 7866 3858
8672 5376 10000 5580
7735 3858 8094 4904
6069 5580 6179 6997
4012 5148 4322 6652
9596 5011 9860 5371
9457 5580 9740 7247
3425 3185 5032 3419
8676 983 9122 1586
1757 8357 2518 8813
6634 1938 7157 1996
6829 8184 9040 8556
5797 3487 7794 3777
2518 9208 3045 9618
6885 4430 7735 4904
7247 722 8676 948
322 7294 650 7913
8176 8556 8637 8753
7773 9367 9149 9707
5872 5476 8672 5580
7839 5580 8609 6938
1265 7083 4397 7156
1487 6417 2315 7060
524 65 658 4904
7722 5580 7839 6863
4634 3055 6425 3149
919 7083 1265 8893
5872 7992 6829 9239
144 8893 1549 9871
5303 7136 5578 7686
5216 5280 6905 5460
1297 2459 4544 2535
3550 235 6396 728
658 1937 6634 2022
4500 7158 5215 7633
5578 5476 5872 7929
0 9902 3184 10000
6829 6997 9354 7262
5032 3185 5773 3419
7808 3185 9128 3797
1165 5046 3802 5148
0 3614 144 9902
5201 9239 6829 10000
4989 5280 5001 6979
658 70 774 1009
3275 2022 4982 2459
6885 3858 7735 4430
307 8095 919 8893
801 65 4290 185
6829 8923 7773 10000
9596 3828 9912 3842
4869 3419 5797 3828
6756 1601 7241 1865
2826 3260 3271 4344
4423 5280 4989 7158
3271 3260 3425 4358
6905 5280 9555 5376
9056 4413 9520 4567
1088 4980 3674 5023
4982 2022 5678 2459
658 1009 801 1872
4500 7633 5215 8703
6905 5376 8672 5476
6829 8556 8176 8923
9555 3828 9591 4552
3463 3419 3926 4189
4500 8703 5201 10000
144 4167 251 5096
8619 5580 9260 6740
801 235 3550 728
9128 1440 9481 3017
919 7060 4409 7081
4322 4964 4423 7060
658 1872 7247 1937
7773 8923 9149 9367
5797 3348 7808 3487
1814 728 6396 802
9841 722 9989 3697
2058 5148 2315 6417
9149 7288 9662 8512
6179 5580 7694 6833
4290 65 10000 185
662 5615 919 8095
8676 1586 9128 3185
1088 6417 1487 6839
1637 7268 1778 8301
1297 2576 3425 3260
2315 5191 3999 6080
5201 8703 5872 9239
5678 2121 6141 2376
4423 5048 9504 5280
6533 3858 6885 4406
1297 4358 6344 4498
524 0 10000 65
6396 868 7064 905
3926 3920 5955 3936
3184 7158 4500 10000
801 728 1392 1872
919 4904 8654 4923
658 2459 1295 4864
1814 802 6396 1044
5872 6997 6829 7992
7418 7288 7983 7469
6850 3258 7727 3348
5584 4498 6327 4637
7103 2683 8148 3185
2068 4927 9498 4964
8094 4356 9056 4904
5215 7929 5779 8386
3075 1044 6396 1601
7659 301 9927 722
9147 811 9841 1440
1265 7158 1637 8893
9149 8516 9744 9604
5924 5949 6069 6954
4376 2687 4615 3135
3783 6080 4012 6548
7934 948 8676 2561
964 4964 1088 5901
658 2022 3275 2459
3425 2576 4376 3185
0 0 307 3614
307 0 524 5615
4746 2576 5285 2787
5285 2576 7103 3055
