3487 3888 4993 3918
5996 3818 6174 3877
51 6160 614 9677
2514 4531 2841 4921
6576 3567 7083 4816
3722 2927 4993 3574
924 7285 1377 8175
1766 5072 1967 8175
2082 4993 2371 5474
6236 3943 6576 4568
3036 991 6366 1824
5089 7207 5938 7666
6366 1943 7083 2438
2500 6176 2723 7021
2850 3 5648 252
4630 5862 5749 6036
6366 1508 7083 1943
1982 1075 2107 4010
758 6160 1239 7279
2243 3888 3487 4389
4993 2927 5933 3918
5089 7666 5471 9608
924 8175 1856 8363
5089 6117 6934 6537
8350 5646 8671 7377
2723 6176 3000 8175
6576 4816 7083 5878
1967 4986 2067 7021
614 6160 758 9677
6665 2945 7022 3346
4630 6117 5071 7355
51 9677 6513 9843
3892 6820 4630 7741
2850 252 3853 960
2082 6584 2449 6916
3781 6820 3892 8795
3485 5193 4513 5828
3781 6182 4630 6820
3501 3918 5558 4521
292 4953 1240 5747
943 192 1865 771
5753 5878 7592 6117
1967 7021 2723 8175
7592 9184 8444 9270
7858 3378 8121 9050
1240 6414 1766 7285
3485 5862 4630 6182
527 771 918 1106
4690 5217 5753 5862
4424 252 6184 972
1865 991 1967 3244
527 309 885 612
7083 3378 7523 5656
5753 5193 6576 5878
0 0 51 10000
5089 6537 5597 7207
1413 781 1865 1463
8127 4374 8735 5646
195 2273 697 3968
8015 9770 9312 9824
2243 4389 3100 4464
8735 3119 9018 5646
3422 5193 3485 6172
4630 7361 5089 9677
2494 1449 2898 2158
7592 7503 7606 8026
8153 2378 8685 3811
2500 4986 6576 5193
1878 31 1967 558
1377 7285 1766 8175
195 3968 1028 4913
8735 2622 9014 3119
9060 2093 9602 4028
2263 2927 2578 3822
2574 5265 2937 6176
9301 2076 9602 2093
5938 8181 6512 9179
2578 3149 3333 3510
924 8405 1953 9583
1388 3244 1766 4602
9060 4028 9244 5646
51 9845 9897 9999
1967 0 2850 991
2113 991 2243 2333
758 7285 924 9677
697 2273 1033 3968
2243 2438 5011 2927
4524 7741 4630 9677
8671 5646 9160 6030
3907 7741 4524 8435
1240 771 1388 6414
1967 4609 1974 4986
2898 1858 5360 2309
7924 991 9018 1508
7281 1007 7924 1508
5475 7666 5938 9670
2082 5474 2500 6584
9244 6589 9761 6602
9602 252 9828 4028
3000 5193 3422 7467
5011 2438 5802 2924
9244 4028 9828 6589
1766 3244 1967 5072
9828 4193 9892 5736
5597 6596 5723 6969
5707 0 9749 247
7566 1508 8127 2827
9018 991 9060 5646
527 0 1865 192
8127 1508 8153 4325
1970 8795 4479 9659
6994 6268 7581 7775
3000 7467 3422 8175
51 2273 195 6160
8153 1508 9018 2378
2578 3754 4993 3888
6184 252 9462 973
1033 771 1232 4659
2578 3592 4912 3754
3892 8449 4471 8755
2067 5364 2076 6606
5933 3346 7070 3563
51 0 524 1402
1970 8175 3521 8774
1388 1463 1865 3244
51 1521 1033 2273
1388 4602 1766 6414
3422 6182 3781 8175
8127 7699 9356 8952
