5578 9636 7264 10000
38 0 154 8188
8895 8536 10000 10000
6676 3467 8617 4082
2655 1386 3102 2272
980 8802 2677 9806
2678 3143 4628 3593
4628 6721 8889 6839
182 163 1280 1386
1280 621 3461 1386
2678 8846 3377 9769
6432 5522 7968 6652
798 5705 2233 7694
3788 163 4626 3126
2678 3593 2883 7279
1280 163 3461 621
154 5 9530 163
9809 7683 10000 8536
7362 1652 8098 2227
4652 3933 5902 5906
2883 3593 3334 7739
258 2521 3118 3143
1788 3143 2183 4266
8617 2446 9702 3171
154 7694 2189 8784
4852 8273 5578 8807
3964 8846 5578 10000
6182 5356 7484 5520
9066 894 9514 1063
274 4134 798 6044
1663 1386 2459 2413
8915 3171 9653 4453
182 3690 679 3819
8098 1170 9702 2444
5578 8273 6823 9394
182 1386 1579 2432
3334 7173 3547 7739
4628 2267 7932 2446
3334 3593 4628 4879
9203 5898 9799 8536
6676 4082 8617 5356
2344 9813 2669 9998
3291 8427 4673 8846
4628 2449 8607 3467
3624 163 3664 2342
4628 3467 6676 3933
6823 7094 8816 7851
2278 5732 2678 7180
6191 3933 6676 5267
0 8812 980 9813
154 163 182 7694
7968 5356 8886 6597
3334 5931 4628 7094
3334 4879 4628 5931
8098 163 9066 1145
9702 0 9809 3171
4628 163 7901 1503
7264 9636 8895 10000
8895 7067 9199 7264
6823 7982 8425 9178
798 3143 1788 5705
9809 0 10000 7683
2678 7739 6823 8273
5578 9394 8895 9636
8617 4493 9713 5344
2669 9813 3964 10000
