6583 4825 7647 6506
3348 2383 4365 3894
517 151 916 1013
1015 2843 2676 3984
7974 3925 8149 4002
3403 4092 3750 4843
3286 2277 4366 2383
48 1587 161 3570
3229 8676 3237 9715
1390 4188 2575 6356
161 3840 513 9734
8156 924 8873 2580
6768 0 7721 1009
5385 5271 6583 6090
4366 4056 6583 5271
2928 7376 7437 8276
5323 1572 7721 1956
8156 0 8873 924
1015 4188 1345 7117
1673 1897 3124 2211
2511 8406 4837 8675
513 1359 683 3263
7437 7376 9357 8406
1711 855 5920 1431
8417 3833 9657 4279
4366 2805 5471 3440
5926 1009 7543 1561
6583 6506 8370 7065
7721 790 8156 1956
9357 4825 9900 9022
2676 4699 2927 7909
161 0 513 3840
538 3962 690 9064
2928 7251 5093 7376
4837 9083 6536 9669
3156 1582 5107 1624
5926 151 6698 997
5480 7170 9346 7293
6730 3440 7974 4056
2676 2383 3337 3889
916 1897 1015 8276
8873 0 9933 1592
4837 8406 9357 8433
6733 9022 7878 9665
916 1468 5926 1572
9900 2580 9991 9982
1477 2276 1826 2693
883 9734 2217 9931
916 1624 5323 1897
2246 8276 7437 8399
513 0 6768 151
969 891 1711 1468
7721 0 8107 289
4366 3440 6730 4056
4837 8433 7448 9022
7448 8433 9270 9014
5385 6090 6583 7170
9082 9022 9617 9821
5047 5271 5385 6842
1826 2383 2676 2843
7647 4825 8620 6260
5471 2805 8156 3440
6583 4056 7974 4825
4366 2276 8156 2805
916 151 5926 855
5323 1956 8156 2276
690 1744 908 5577
1334 3984 1463 4176
9685 2580 9782 4531
