4552 2747 6531 3000
2979 7189 4170 9087
1889 8036 2254 9214
5500 2152 6669 2409
965 67 7706 147
2923 7107 6139 7189
1097 5077 1368 5257
965 2220 1062 2852
7561 3660 8104 5003
1541 5957 5703 6306
1495 211 1753 3160
8924 4948 9220 7962
4908 7962 5436 8473
9220 6236 10000 7760
1850 7252 2595 8036
965 3160 6617 3509
3069 379 4068 734
0 10 6505 67
1197 5957 1534 7880
0 67 965 511
1097 3978 1494 5013
4170 9366 9220 9526
1850 6434 2868 7100
2033 5013 4969 5759
7816 9526 9220 10000
6689 8710 8412 9276
2254 9526 3087 10000
2062 734 7311 1082
1097 3590 7039 3660
9220 9489 10000 10000
1103 1828 1495 2972
2911 6496 5417 7095
91 8911 1541 9482
2911 6306 5364 6368
1561 6306 1850 9284
478 4068 784 7110
6689 4268 7561 5759
91 9482 1850 10000
2254 8036 2575 9347
8592 5963 8873 6900
4833 9083 6689 9366
3554 2240 4671 2678
0 2457 91 10000
6689 9276 8634 9366
9269 3885 9505 4948
2595 7252 2979 9087
3475 3978 7548 4265
265 5527 444 6735
6263 4731 6617 4824
5436 7962 8572 8461
3475 4268 5142 4499
7311 389 7633 801
4170 7189 4908 8473
965 211 1383 1692
5500 2080 7631 2135
91 7272 1097 8911
1417 5013 1962 5799
3554 1743 9505 2080
9505 769 9710 4948
3554 1082 5887 1743
8634 7962 9184 9361
1494 4364 2691 5013
1850 7189 2979 7252
3087 9971 3746 9980
193 4068 447 5510
1494 4104 2691 4364
4833 8473 6689 9083
0 547 763 2457
4908 7189 8221 7693
4355 8473 4833 8685
3061 4513 4584 4659
784 1980 920 2551
784 511 965 1980
5703 5759 7654 6804
1494 3978 3475 4104
8592 2080 8924 5963
2033 5802 5551 5957
107 2457 193 7091
1753 734 1953 2326
193 2457 749 3596
784 3567 1097 7272
9220 4948 10000 6236
7706 1310 7889 1743
5887 1082 7311 1743
6150 9526 7816 9971
8152 3205 8592 3567
7706 140 9205 769
1097 3672 4202 3974
4093 9526 6150 9925
2691 4104 3475 4513
9710 769 10000 4948
965 147 7308 211
2620 9087 4170 9499
9220 7760 10000 9489
5864 3698 7086 3978
2062 1082 3554 3160
4969 5013 6689 5759
