6655 2141 7190 4095
4368 5805 6252 7562
9897 3582 10000 9298
3249 1944 3433 5639
6463 510 8901 1202
3249 1410 5589 1944
6393 1410 6655 4053
7253 4095 8673 5410
7190 3582 9897 4095
7933 5440 8250 8465
76 1497 317 4002
5589 1410 6225 5265
8982 0 10000 1704
6655 1410 7190 2141
9041 1704 10000 3355
6865 5440 7922 7623
1756 8470 7301 8500
0 8378 5172 8461
7190 1410 8982 1704
2608 8500 8266 8859
317 8182 2902 8343
3851 2284 4692 4451
3249 1327 4472 1410
3328 6650 4368 7359
7190 1704 7733 3355
698 5239 2717 7297
0 8500 2608 9298
8673 4095 9897 5440
6326 5090 6523 6069
1089 3219 3124 4734
2819 5581 2899 8112
3495 3954 3851 4376
347 710 6181 1293
3124 1293 3249 5805
6252 1410 6319 6106
554 3556 698 5769
3851 4451 4666 5037
7190 3355 10000 3582
0 104 8829 510
3124 7686 5301 8119
6183 510 6463 1406
8266 5440 9081 9298
1089 4734 2572 5222
3851 1944 5229 2284
4692 2284 5229 5805
8150 8859 8266 9131
2909 9298 9444 9962
698 1293 1089 5239
5229 1944 5470 4369
9081 5440 9897 9298
715 7472 798 7912
3436 1944 3848 3866
1089 1293 3124 3219
7733 1704 9041 3355
