1773 252 6172 461
2128 6296 3302 7930
1349 8267 3302 9660
433 6347 1103 7303
8325 443 9414 2122
382 8267 1349 9660
7239 3784 9023 5262
382 7303 2128 7930
4895 6612 5295 8167
9023 3012 9423 5262
382 7930 3302 8267
9015 5654 9748 7636
8093 0 10000 443
5935 9660 6780 9889
6592 1357 7989 1796
7676 8167 8545 9254
5478 461 6230 1418
9748 5262 10000 10000
6592 3012 9023 3486
9423 443 9855 4605
6289 3486 9023 3784
9015 7636 9748 9321
4933 9660 5103 9981
0 7449 177 9570
382 2526 1067 6065
2128 5332 3281 6296
6313 7775 8529 7826
216 1800 6288 2524
1103 2526 2128 7303
3302 8899 6032 9521
1518 9727 2291 9859
4806 3035 6289 3830
5295 7826 8548 8167
285 2526 382 8969
3632 8167 7676 8899
216 9668 1298 9727
5856 5393 6261 6370
1773 461 5478 1668
8802 2449 9205 3012
6289 0 8036 979
7676 9321 9748 10000
3441 4432 3632 6645
6261 5340 6306 6612
2128 2526 3581 4211
3632 5262 4895 8167
5295 6612 6313 7826
8619 5262 9043 5614
216 1668 4093 1768
8852 7371 9015 8780
0 0 1773 1668
6313 5262 8479 7374
0 1668 207 6965
6381 2158 6592 3361
6725 4152 7239 4267
