365 4996 1356 5253
8903 6560 9221 9170
4609 8200 5023 9731
1356 4996 3925 5357
3913 7419 4609 8527
5505 4294 7800 4344
5544 2978 6312 4280
6511 6840 7084 7041
7978 1921 8704 2416
1356 5357 3925 5523
1356 5523 3925 5671
5505 2586 9389 2978
9357 5309 9516 5920
5505 4344 7800 4826
1803 9336 1927 9482
3341 6017 5035 7370
2788 7370 4602 7419
7991 5397 9246 6560
7543 8614 7991 9499
8579 6560 8901 9498
1387 9482 4376 9695
9246 8649 9456 9443
365 4826 9959 4996
1766 8521 2208 8772
5035 5397 5065 9738
6808 5397 7646 6714
6511 7041 7366 9499
3913 8642 4455 8812
4020 157 9389 273
1932 952 2557 3777
9284 6632 9357 6827
5528 9915 6297 9962
365 4209 5153 4238
5341 6714 6159 9498
415 639 1777 906
7587 8027 7646 8292
4609 9748 6188 9874
7366 7041 7491 9415
307 4090 365 5253
7499 7041 7527 9259
5065 9664 9480 9738
2788 6018 3341 7370
184 9256 1387 10000
184 5253 1317 5984
1387 9826 3734 9828
2557 1173 3730 2429
1593 3777 3496 4160
4197 273 9389 418
7991 6560 8579 9499
6159 6714 7646 6756
5505 2416 8704 2586
5035 5245 9246 5397
6312 2978 6667 4294
7909 2978 8451 3743
5505 1352 8704 1921
5065 6714 5338 9493
1777 639 2557 952
8704 418 9389 2586
6159 6756 6511 9499
226 0 4020 639
4357 418 4613 3825
1766 7419 3913 8468
4020 0 9479 157
9389 157 9469 2646
9479 0 9951 1650
5065 9499 9480 9664
5354 1352 5505 3674
9489 8649 9553 9290
4609 7500 5008 8178
9840 4996 9959 9980
1593 952 1932 3366
365 4239 5253 4625
4613 418 5253 4209
3925 5027 7798 5245
1766 8772 3913 9256
4020 273 4197 4209
365 952 735 4205
1055 952 1369 3729
8501 2978 9441 4129
7646 5397 7991 8614
6749 1921 7978 2221
5253 418 8704 1352
0 0 226 5253
6297 9738 9840 10000
7800 4462 9943 4806
3925 5245 5035 6017
3730 639 4020 4209
2557 639 3730 1173
1910 6672 2660 7195
9959 0 10000 10000
0 5253 184 10000
184 6672 1766 7894
5391 5799 6808 6710
365 4625 5488 4806
184 6017 2788 6672
2788 6017 3112 6018
184 7894 1766 9256
6667 2978 7800 4294
2557 2429 3487 3308
1356 5671 3925 6017
