8474 227 9569 1436
8200 7409 8591 7769
1285 0 7716 97
939 3762 1775 4513
1086 6998 1455 7954
7400 7144 8094 7354
5893 5496 6871 6904
1878 6531 4049 6765
4938 2903 5422 3278
2099 9044 2712 10000
939 5208 1878 5637
1878 5611 3068 5830
8220 4553 9509 4737
0 4542 785 6820
7366 3037 7945 4737
8350 44 8456 673
6006 2571 7274 4100
2099 8218 2774 9044
939 1481 2145 1752
2774 7062 2838 9044
939 4581 2396 5208
4905 7418 5867 7579
1896 5210 3233 5594
7716 1260 7825 1951
1086 7954 1467 10000
785 1410 878 6820
9066 7916 9674 8471
6871 5496 7362 6904
4643 2571 4744 3978
8474 1436 9485 2267
2393 436 2941 2188
2712 9044 6365 9326
4571 184 4635 4513
9981 202 10000 9361
939 2187 1337 3733
939 1752 1336 2171
5368 258 5441 1810
369 0 1039 1410
7127 295 7556 1952
2393 2745 3078 3059
8717 8 9988 202
878 1481 939 6765
4635 184 7556 258
1684 8314 1724 8865
3259 5208 3428 6371
7726 7401 8200 9494
1878 6371 4049 6531
6822 5301 9066 5496
5253 3278 5422 5496
6061 7579 6545 9044
9509 5652 9675 7314
4913 7855 6061 8325
4744 2903 4938 4581
1039 0 1285 184
2393 3927 3606 4335
8938 9361 9080 9983
2396 4719 3428 5208
1775 2114 2126 2866
878 1410 2139 1481
5441 258 7556 295
5758 1333 7127 1952
8608 5838 9066 8313
1684 7062 2774 8218
8220 2735 8884 4553
9509 1436 9675 5652
4049 4719 4270 5905
6426 9494 6776 9583
1039 184 4571 436
6545 7579 7303 9494
6822 4100 7274 5301
7945 2927 8220 4737
2886 2188 3546 2547
3428 4719 4049 6371
3414 7234 7195 7351
4744 2769 5115 2903
8584 5501 8806 5838
7716 341 8350 1260
7303 7401 7535 9494
959 6820 1086 10000
9066 7314 9660 7909
3649 1039 4082 1807
2393 4476 4550 4513
5758 2384 9509 2571
5758 1952 8474 2112
7542 5838 8094 7144
0 6820 959 8977
1285 97 7716 184
4735 258 5368 1643
9066 5301 9435 7072
4905 7354 8597 7401
3414 8213 4905 9044
7556 184 7716 1909
6470 328 7084 1333
8200 7769 8608 8564
7535 7401 7663 9494
4082 626 4571 4476
1086 6820 4049 6904
939 5637 1878 6765
8499 8564 9675 9361
5900 2571 6006 4100
4049 6009 5659 6904
5422 2571 5900 4100
8884 2735 9447 4091
369 1410 722 4542
4635 1810 5758 2571
5422 4492 6822 5496
1039 436 2145 1410
7716 0 8350 341
1338 2084 1579 3762
939 4513 2604 4580
7825 1260 8474 1952
5758 2112 8474 2384
1467 6904 7362 7062
0 8977 652 9956
2145 436 2393 2295
2145 2295 2393 4143
1724 8218 2099 10000
3874 7373 4395 8213
5441 295 5758 1810
7274 4737 9509 5301
356 0 369 1171
7274 2735 7310 4737
4938 5496 5893 5905
8094 5838 8608 7354
6106 4132 6564 4492
0 1345 341 4520
8200 8564 8499 9624
7310 2735 8220 2927
1581 2028 1687 3361
8608 8556 9025 8561
3121 2756 3487 3259
0 179 313 1345
1878 5830 3259 6371
7274 2571 9509 2735
2941 436 4571 626
4270 4719 4938 5905
4715 4592 4743 4719
2838 7062 7362 7144
3112 1053 3321 1438
1467 7062 1684 10000
2838 7144 7400 7234
1581 1752 2128 1988
722 1410 785 4542
7663 7401 7726 9494
5659 5905 5893 6904
3461 9624 4140 9961
4049 5905 5659 6009
4938 3278 5253 5496
8608 8313 9066 8555
9675 202 9981 9361
7362 5838 7542 7144
2838 7234 3414 9044
878 6765 4049 6820
