7767 6132 8164 7148
2733 3186 3414 7572
0 1877 3157 2643
7595 0 8033 4631
5942 437 6865 4631
3414 5251 6061 5264
9358 1312 9604 2686
1486 6637 2475 7556
0 4908 2481 6637
0 9284 6616 10000
7482 8573 8446 8930
3414 5747 5567 7572
8033 0 9358 4631
6866 5374 7736 5966
5734 5374 6616 9284
6866 5972 7762 7122
7335 0 7595 4631
9358 0 10000 1312
6866 7148 7482 10000
0 6637 1486 9284
3157 437 4276 2643
6865 0 7254 4631
1486 7572 5734 8313
1486 8313 5734 9284
0 2643 5137 3152
8272 8196 8514 8533
3414 5264 7767 5374
2415 10 3409 31
2481 3186 2733 7572
8272 5234 9356 8178
9358 2686 10000 8930
6616 5374 6866 10000
4276 482 5749 2151
1605 3186 2481 4908
0 3186 1605 4908
0 31 3643 437
3414 3186 5137 4631
3643 0 6865 437
7482 7148 8272 8573
0 3152 5137 3186
3507 4631 9271 5228
0 1259 2821 1877
3414 5374 5567 5747
5567 5374 5734 7572
8446 8573 9023 8920
7254 0 7335 4631
7482 8930 10000 9455
5137 2643 5942 4631
7859 9455 9477 9937
9604 1312 10000 2686
2821 437 3157 1877
1385 510 2821 1259
