3921 3349 7227 3546
8404 2324 9525 4428
1930 8430 3210 8700
4194 4428 5758 4704
931 1761 2792 2069
6221 4704 7856 6568
6949 0 7259 1454
911 1454 931 9227
2813 1761 4630 2874
1244 103 6949 345
322 103 480 7515
1756 4704 5573 6306
9525 2324 9581 9105
910 9307 5306 9616
7339 2324 8404 4400
0 0 6949 103
7437 513 10000 1027
931 1454 7437 1761
3215 6862 9119 6923
931 9105 9725 9205
40 103 209 6625
910 9616 5139 9858
4630 2324 6671 2826
1244 345 6949 477
4947 477 6949 848
3215 7789 6940 8657
7382 6923 9500 9087
1756 8701 7066 9102
1463 4016 4194 4704
7259 0 7437 1454
1756 6568 8763 6862
1784 7015 1930 7520
7437 1027 9725 2318
480 103 910 8989
3801 7002 7382 7789
5573 4704 5983 6306
910 103 1244 476
1062 8350 1463 8376
8763 4428 9175 6862
931 9207 5229 9307
9581 2318 9725 9105
1463 4704 1756 9105
910 848 6949 1454
1083 2073 2813 3302
1756 6306 4338 6568
2813 3042 7191 3322
5758 4431 7718 4704
2813 2874 7161 3042
9175 4428 9501 6646
0 8989 910 10000
9725 1027 10000 10000
7437 2318 8967 2324
7856 4428 8763 6568
931 3323 3030 3519
4756 1829 7437 2317
7437 0 10000 513
931 3546 4036 4016
4338 6306 5387 6418
1930 6862 3209 8429
5306 9205 5348 9988
5983 4704 6221 6306
6279 1793 7250 1829
4194 3546 7311 4426
1990 738 4947 838
