6290 8121 7813 10000
0 0 530 1725
8852 8609 10000 10000
6618 3467 9653 3876
2548 763 2697 3380
834 9145 2609 10000
1735 3380 3331 3986
2658 6721 6919 6839
569 0 735 9943
2548 205 8058 763
1980 8222 2679 9145
6566 5418 7968 6656
1243 5045 2658 7101
3331 1123 4114 3986
2658 5045 4628 5418
858 205 2548 904
834 0 8096 204
9285 3876 10000 8609
7942 763 8098 3467
4634 3467 5902 5412
1243 4139 4114 5045
2697 763 3331 3380
1243 3986 4114 4139
8098 2425 10000 2875
834 7180 3964 7738
4672 8472 6290 8707
3964 7180 4672 10000
5902 5123 6618 5418
9066 738 9274 1102
735 0 834 10000
1735 1034 2341 2383
8098 2875 9653 3467
530 766 551 3819
8098 738 9066 2425
4672 9054 6290 10000
1243 1034 1735 3986
2679 7738 3964 7831
4628 2076 5053 3467
4114 763 4628 5045
8340 7264 9285 8609
7026 3876 8682 5418
2609 9145 2679 10000
4672 8707 6290 9054
5053 2076 7942 3467
3331 904 3729 1123
5902 3467 6618 5123
8562 5418 9285 7180
1243 7101 8562 7180
6618 3876 7026 5418
396 1725 517 9834
0 1725 358 2336
7968 5418 8562 7101
2658 5418 4465 6718
4470 5418 6203 6472
8098 0 9288 738
9653 2875 10000 3876
4628 763 7942 2076
8340 8609 8852 10000
8340 7188 9128 7264
6290 7185 8337 8121
834 1034 1243 7180
9288 0 10000 2425
4672 7180 6290 8472
7813 8121 8340 10000
8682 3876 9285 5418
2679 7831 3964 10000
