0 3296 158 4951
910 3891 3080 4105
4979 1767 7041 2176
635 7113 1377 7829
8427 5909 8847 7018
625 6749 3147 7058
2557 9558 9874 9726
3773 8700 5367 9451
9839 309 9874 9138
1342 2965 2406 3891
2361 8919 3205 9055
3773 7968 5358 8449
2357 9055 3773 9558
8261 158 8463 853
4974 4518 9839 4990
1549 95 1930 1064
7137 158 8259 578
454 95 910 5269
5367 7968 9839 8353
6983 6276 8031 7061
1749 4105 2922 5759
3722 3182 8835 3408
3722 3045 9839 3182
257 0 419 5269
3323 3470 3516 4873
8835 3182 9839 4518
3557 5617 4114 6385
1342 1720 1891 2965
8031 6199 8427 7061
1749 6601 3129 6740
4979 2176 6456 2522
3557 3470 8833 3857
5367 9140 9874 9558
5367 8353 9591 8525
5367 9096 9591 9140
3722 856 4384 3045
3557 3857 8606 3881
3557 4286 8835 4518
2102 9558 2522 9713
890 8118 3593 8897
910 4105 1749 6749
419 0 10000 95
2012 9055 2357 9334
288 5269 573 8349
3557 3996 8835 4285
3147 7541 5284 7550
3557 4609 4243 5617
4524 8450 5163 8688
4979 966 7041 1767
17 2434 257 3296
3323 158 7095 675
3323 679 6857 773
625 5269 910 6749
3722 773 8254 856
6983 7061 9839 7968
3773 9451 5360 9558
5791 5598 6376 7505
23 5269 288 7432
8464 309 9661 2495
890 8912 1965 9334
3773 7550 6983 7968
3323 773 3722 3408
4974 4990 6983 5598
7041 966 7847 1750
1377 7058 3147 7980
1749 5759 2922 6601
910 95 950 3891
3791 8456 4110 8700
4979 2724 8048 3020
6535 3408 8346 3443
5367 8525 9591 9096
4243 4609 4835 7515
1408 9334 1437 9521
3557 4518 4974 4609
3080 5645 3557 6601
6983 6199 8029 6276
573 5269 625 7980
3323 95 10000 158
2922 4105 3080 6601
950 1192 1342 3891
3080 95 3323 5645
1032 7980 3148 8113
890 9903 9534 9962
6983 5909 8427 6199
7041 1750 7779 2158
3557 3881 8799 3996
7847 966 8443 2693
419 95 454 5269
9591 8353 9839 9133
5059 5598 5773 7309
6632 5598 6755 6229
6983 4990 9324 5909
597 8172 844 8349
8847 5909 9819 7027
2798 95 3080 3891
9874 158 10000 9726
6456 2176 7829 2497
4384 856 8228 966
4979 2522 7827 2722
8427 7018 8847 7061
7137 578 8261 675
3147 6601 4238 7496
4384 966 4979 3045
3147 7550 3590 7946
9324 4990 9839 5909
0 8349 890 10000
4835 4609 4974 7515
2406 95 2798 3891
951 95 1290 1186
1967 95 2406 2962
8464 163 9791 309
890 9726 9621 9903
