777 7937 1532 8246
3154 594 6552 655
2953 3946 7686 4261
1049 697 1084 1370
3176 8441 3185 8817
2799 3129 4648 3651
6023 9500 6251 9657
1273 334 3154 697
7097 4408 7798 4480
948 2215 3173 2447
5429 2192 6176 3523
5613 8051 9216 8334
372 334 1273 697
1931 4386 3575 5111
8390 1508 8877 2313
3042 7351 3174 9243
6023 8334 9216 8534
1227 9105 2950 9221
0 9735 3132 9873
6176 3478 6408 3679
661 8518 777 8711
8720 4751 8908 5585
6023 8534 9216 8647
3860 7171 6526 7231
9641 334 10000 3727
9560 3727 9910 7290
3996 5125 8058 5312
1084 697 8155 721
3575 4386 3741 4819
831 7090 1434 7577
4289 9243 5613 9657
2953 4313 7212 4380
1682 9882 3367 9995
903 5553 3860 5660
7269 1697 8045 3411
9007 8647 9216 9882
2050 1715 2425 2122
586 9323 2767 9520
784 5556 903 7090
1970 3129 2799 3727
8920 4743 9547 5455
3701 1050 3812 2028
2059 721 3327 1638
5439 7603 9479 7820
2966 3727 9146 3845
9823 8051 9976 9759
4056 9243 4289 9656
3741 4386 7070 4417
8576 3845 9451 4265
6176 2192 6344 3478
3185 8051 3781 9072
3185 9072 5326 9243
0 2745 5168 2905
2070 6653 3683 6670
3996 6084 6776 6132
2409 157 10000 263
7746 378 8084 677
1227 8374 2041 9105
5168 2006 7107 2192
6306 4417 7097 5111
4041 721 4219 2745
586 3542 1931 3783
3758 6670 3845 7064
3996 5312 5329 5870
8155 2313 8877 3256
3860 5125 3996 7171
9673 8051 9822 9874
8550 5635 8920 7335
6776 7339 9479 7603
7097 4506 7811 5102
5439 7231 6776 7603
8893 4269 9488 4691
1970 2986 5385 3129
5613 8334 6023 9657
8253 5635 8317 7320
9216 8051 9673 9882
2070 6670 2619 7351
3873 721 4041 2745
6344 2192 6912 3478
26 3160 1970 3542
6776 6084 8058 7339
777 4371 1931 5125
7820 4566 8029 5125
4920 5870 6707 6084
3154 423 6798 594
2409 133 10000 157
3996 6132 6244 6449
7172 8647 8052 9184
8815 8647 9007 9184
6244 6132 6526 6980
8877 2701 9324 3256
8051 3845 8541 4251
3826 721 3873 2745
586 3783 1931 4371
3174 7820 10000 7866
3173 1668 3324 2352
8920 5541 9258 7150
3781 8051 4272 8967
3996 5870 4920 6084
2041 8374 3042 9105
0 120 10000 133
3996 6980 6526 7171
3741 4417 5811 4816
777 8374 1227 9243
8058 4313 8109 7339
2344 5125 3860 5553
0 2905 1970 3160
8095 721 8155 3256
8052 8647 8815 9184
9428 1071 9431 2174
6251 8647 7172 9184
6274 7866 9585 8043
6707 5838 7891 6081
372 133 2409 263
1998 5111 7686 5123
5331 0 10000 120
8192 4298 8893 4741
26 9520 3030 9725
6251 9184 7889 9657
3154 378 6798 423
372 324 9751 334
6981 378 7720 594
3781 8967 4272 9072
5191 1697 5457 1975
2064 5307 2344 5553
5326 8051 5613 9243
1611 1388 2050 2215
1034 268 1959 322
2007 5125 2334 5305
8109 4743 8253 7339
4689 721 8095 972
9432 3353 9641 3570
8255 4743 8720 5621
6003 4417 6306 5082
7864 4269 8107 4313
3518 3845 7569 3862
1970 3727 2953 4386
3474 9657 7889 9882
3474 9243 4056 9657
2775 9323 3094 9515
9479 5541 9524 7338
6526 6132 6776 7231
7889 9184 9007 9882
1623 5660 3860 5820
6707 5378 7986 5827
8045 972 8095 3478
53 1788 943 2522
1084 721 2039 1386
8196 1508 8390 2258
1970 2951 4957 2986
5329 5769 6126 5779
0 0 5331 120
777 9243 3133 9323
5168 972 7902 1620
6912 2192 7246 3478
1536 7090 1623 7744
777 8258 3042 8374
6023 8647 6251 9500
6798 378 6981 594
5204 6449 6244 6934
2799 3679 9641 3727
3924 7954 4169 8051
4272 8051 5326 9072
6408 3478 9000 3679
3174 7351 3860 7820
4079 6463 5204 6934
8317 5635 8550 7339
8155 378 8877 1508
4689 972 5147 1258
26 5799 536 6193
8095 3256 9428 3478
903 5660 1622 5887
9432 334 9641 2301
9324 378 9428 3256
3154 335 9013 378
2619 6670 3758 7351
3996 6934 6244 6980
2070 5820 3860 6592
372 1532 847 1726
3327 721 3701 2436
8979 378 9324 2701
3133 9243 3474 9881
903 5887 1382 6942
5 7532 26 9709
5168 2192 5360 2898
2070 7351 3042 8258
3860 7231 5439 7820
18 133 372 1724
948 1726 1611 2215
4219 721 4689 2745
8877 378 8979 2701
187 4418 586 4511
9000 3478 9432 3679
6750 263 9551 279
948 2447 3826 2745
1931 3542 1970 4386
2050 2157 3049 2215
1623 5820 2070 8258
3575 4819 6003 5111
777 5125 1961 5525
