3069 6446 9692 6626
667 3249 2023 3278
2952 2995 3487 4628
3069 8640 4524 9296
9694 574 9763 4724
649 3249 667 4816
1510 6049 8664 6200
346 5919 1510 6788
8111 9015 9203 9594
3487 2854 3522 4628
0 7775 1265 8748
3069 6899 4062 8272
1466 574 9694 608
2158 9397 5911 9510
656 2346 3376 2845
4067 6899 9421 7216
5402 5848 6171 6012
7299 7759 8354 7992
2870 207 5213 561
2158 7984 2365 9131
2135 608 3644 2059
667 5656 1966 5760
2365 7984 3069 9131
7272 8496 9203 8931
9421 6626 9692 7216
2158 9510 5911 9594
4808 4628 6485 5604
1530 3281 1968 5656
1968 5175 2290 5861
3644 748 4275 888
9163 5426 10000 6200
1225 157 1327 556
1968 3281 2290 5172
7299 7216 9692 7759
5124 910 5360 1908
6485 2988 9322 3002
4067 7216 5911 7524
6848 608 8516 1597
3069 6626 7840 6651
3644 1914 9636 2059
5806 990 6848 1890
6954 4130 7379 6049
3644 1206 5124 1914
1265 7984 2158 9594
1466 608 2135 2059
1332 157 2869 574
4311 8033 4565 8059
2299 2995 2952 5604
300 1790 520 2099
4385 6659 7676 6676
9322 4725 9763 4847
3377 4628 4808 5555
1510 5919 2290 6049
282 2212 656 2703
5911 8931 9203 9015
2158 9131 3069 9397
5928 7216 7299 7979
4565 7524 5911 8086
8354 7947 9692 8496
0 9716 3038 9722
796 3281 1530 5656
8664 4130 8966 6200
9203 8496 9692 9889
561 157 1225 2102
6485 2102 9644 2988
3522 3707 4326 4628
4326 3707 6485 4628
179 5760 864 5912
7379 4130 8328 6049
8966 3002 9163 6200
0 157 179 5919
667 3281 796 5655
5911 7992 8354 8496
5403 2346 6485 2845
3644 910 5124 1206
3644 896 4587 909
0 9889 10000 10000
895 5769 1788 5858
2290 3249 2299 5848
0 54 7594 157
8354 7759 9692 7947
9692 6200 10000 9889
542 7013 1245 7737
0 9594 9203 9716
9763 0 10000 4847
9168 3002 9322 5395
3376 2346 5403 2845
179 2995 2299 3249
5911 9015 8111 9101
5911 9101 8111 9594
3069 8310 4026 8640
6703 3002 6954 5848
9322 2988 9570 4721
1225 2059 9569 2102
0 8748 1265 9594
9322 4847 10000 5426
8733 3023 8946 3949
1510 6200 3069 7984
8328 4130 8664 6049
3522 2845 6485 3707
6485 3002 6703 5604
4819 5848 5395 6049
3069 6200 9692 6446
1225 574 1466 2059
1343 6818 1504 7675
895 5867 2167 5912
6954 3152 8726 4130
656 2118 5820 2346
4565 8086 5911 9397
0 9724 8274 9876
3349 5848 4814 6025
5911 8496 7272 8931
3069 6676 9421 6899
9644 608 9694 4698
2299 5604 6703 5848
179 2845 3487 2995
408 981 561 1790
