1704 3084 1955 4345
704 5694 888 7685
5384 2950 5576 3336
6771 8221 8002 8416
9460 8600 9832 9320
9299 628 9460 9437
944 3857 1398 4478
888 6243 3015 6748
1841 0 2943 1377
4847 0 10000 628
1567 2940 3183 3084
465 1289 667 4712
3449 1433 3910 2940
888 6129 4460 6196
3974 9038 5287 9127
598 8112 4460 8453
598 9505 3537 9953
2178 4712 4283 4829
4460 5956 5287 8804
3183 3229 3234 4488
598 7735 1295 8036
0 7722 598 10000
5789 5540 8754 5956
8754 4625 9135 7193
5287 7406 6313 8905
598 9038 1442 9505
598 8804 5287 9038
465 4712 2178 5694
2972 1200 5942 1388
3729 6196 4460 7122
6064 3942 6837 4497
8620 1014 9135 4625
2087 3084 3183 4488
1567 1433 3449 2940
6614 9408 7855 9430
6771 8513 7818 9384
8620 4625 8747 5509
6855 3702 6969 5459
6855 1636 8062 1712
6771 7864 8194 8221
6855 2472 8222 3702
888 6778 1261 7704
3910 2950 5384 3402
6771 6585 8194 7864
3974 9127 6614 10000
6855 5459 8619 5540
9849 779 9983 9665
5942 628 6487 3942
9135 628 9299 9437
3972 8453 4460 8778
6614 6585 6771 9408
6614 9584 9849 10000
6487 1014 8303 1636
0 0 465 5694
598 8507 3338 8804
1442 9477 3746 9502
6614 9437 9848 9584
2178 4867 4453 5686
4222 3791 4755 3802
8194 7193 9135 9437
9704 3231 9810 3246
0 5694 704 7685
8222 1636 8303 3702
4902 3942 5789 5956
888 5694 4460 6129
1315 6778 2801 7940
4578 4488 4901 5939
1800 0 1836 827
4902 3402 5866 3942
3910 2480 5942 2950
798 4488 4460 4712
910 1399 1503 1931
8003 8221 8194 9435
3255 6905 3378 7652
3378 6905 3729 7122
6969 3702 8303 5459
1442 9038 3974 9477
9460 628 9704 8600
5789 5271 6852 5540
0 7685 878 7722
8303 1014 8620 5459
3168 6250 3693 6905
1567 1388 5942 1433
674 1289 798 4420
3910 1433 5942 2480
5287 5956 6566 6971
6614 5956 8754 6585
8194 6585 8754 7193
4847 628 5474 1100
5287 6972 6602 7393
6855 1712 8222 2472
465 0 1478 1230
598 8453 3105 8483
6487 1636 6855 3942
3378 7122 4460 8112
2972 0 4847 1200
6487 628 9135 1014
