1103 9400 4246 9810
5724 3353 6519 5750
7865 6853 9692 8508
1979 8785 2671 9384
8033 0 8172 6853
1079 1085 2562 1411
3022 7698 4246 9400
8172 3952 8614 6853
8772 0 10000 3952
9692 3952 10000 8508
6860 6339 6916 7466
6766 1005 7682 2791
4246 7698 5849 7885
1810 3500 2515 4413
6519 651 6766 6339
569 8584 3005 8729
8614 3952 8719 6853
1079 1666 5796 2188
9030 3952 9692 6853
154 4702 3008 4864
6766 2861 6916 6339
1079 2188 2205 3276
0 8584 569 9810
527 6147 2071 7673
154 6323 527 8582
5122 5750 5829 7453
1381 7698 2921 8577
4169 6188 4692 7335
6948 3161 7139 4162
10 4414 154 8165
5849 8351 6916 9170
2287 2841 6519 3289
527 7698 1359 8557
5849 9170 10000 9810
3020 3289 3168 7675
4169 3353 5724 5750
5796 651 6245 1896
6916 4246 7865 7383
7865 8508 8283 9170
1079 1411 5796 1666
6050 7471 6916 8351
0 0 5796 897
6094 352 7215 643
569 8738 1103 9810
154 4864 3017 5198
0 1057 1079 4414
8209 719 8772 3952
3168 3289 3577 7674
2942 7698 3022 8506
154 6288 439 6323
2196 5198 2957 7540
527 7677 1812 7698
4246 7885 5849 9810
3577 3289 6519 3353
6916 7383 7865 9170
5849 5750 6050 8351
7865 5765 7990 6760
8719 3952 9030 6853
0 897 5796 1057
7159 3990 7839 4246
6050 5750 6519 6339
3595 3353 4169 7698
8283 8508 10000 9170
154 4414 3020 4702
0 9810 10000 10000
7781 0 8033 925
3579 3353 3595 7585
7590 671 7751 982
2287 2188 5796 2841
6050 6339 6860 7471
