4675 8313 10000 8841
6289 7326 9801 7576
6289 6455 6959 7326
2922 4377 5944 4813
4519 8752 4675 10000
2274 4001 7166 4284
5544 8841 10000 9050
8952 4818 9801 5228
3306 8003 9801 8313
0 3752 1034 3879
5916 2742 6052 3418
2661 2222 3717 2692
5629 441 8952 593
1526 2073 2661 3135
1526 1458 5629 2073
5569 6455 6289 7576
969 9274 2089 10000
3059 4813 6892 5097
7168 593 7340 5097
4402 6273 4412 7263
2089 8752 3774 10000
1125 0 1382 3752
1526 86 9801 248
3616 5097 4402 7343
6959 5097 7522 7326
969 8316 4645 8752
5569 5097 6959 6137
6502 9050 8131 10000
5629 593 5916 3881
1526 441 5629 1451
1382 0 1526 3752
6892 4284 7168 5097
8952 5228 9801 7326
3306 7345 4412 8003
1526 248 9801 441
0 7065 969 10000
8131 9050 9996 9246
969 8752 2089 9274
5544 9050 6502 10000
8131 9246 8751 9929
0 6513 2075 7065
3059 5097 3616 7345
0 3881 1424 6512
2020 3881 5990 3998
5569 6137 6959 6455
1526 1451 3996 1457
6055 2742 7084 2870
3717 3468 5322 3843
2661 2692 3717 3881
3774 8752 4352 10000
4675 8841 5544 10000
4412 7576 9801 8003
2020 4001 2274 6504
2075 6633 2922 8313
2274 4284 2695 6513
6289 593 6466 624
450 0 1125 3752
9801 86 10000 8313
1424 4886 1955 5893
2661 2073 5629 2222
969 7065 2069 8311
36 1622 447 2768
3059 7345 3306 8313
1526 0 10000 86
2695 4688 2915 6513
2535 3135 2661 3691
0 0 450 1622
9368 1578 9401 3851
7340 2764 8261 5097
4412 5097 5569 7576
4352 8752 4514 9940
8305 1299 8842 6948
3717 2222 4536 3468
2075 6513 2922 6633
2922 4813 3059 8313
4543 2222 5551 3413
7522 5290 8005 6123
