2293 0 3342 1003
0 3044 482 3910
5646 6411 6043 10000
7721 2303 8735 3835
4217 4241 5545 5648
2566 4241 4217 4425
4217 6327 6040 6411
9553 2303 9816 7377
7290 4241 7732 7728
6043 4241 6117 10000
6533 6716 6666 7537
1787 5311 2511 9088
9278 2303 9543 9937
2566 3227 7721 3387
3908 4425 4217 9137
2511 6820 3626 9088
6117 7537 6812 10000
8735 2303 9009 7897
3018 1003 3342 2693
947 3146 1033 5257
9553 7388 9784 9997
6897 6001 7093 10000
5545 4241 5731 5635
1265 9088 3908 9137
9274 2303 9278 5842
3690 1629 3989 2693
6812 7537 6897 10000
7093 9106 9270 9988
7963 7897 8123 8836
2566 2693 7721 3227
5696 889 10000 1164
843 2016 947 9400
9009 2303 9222 7872
5397 920 5696 1629
7767 5273 7945 7896
7767 3835 7882 5172
0 9963 5646 10000
843 1003 1831 2016
5732 4241 6020 5570
861 0 2293 977
1313 5311 1787 9084
2566 3387 7721 3835
7721 1164 9196 1361
1033 4425 3626 5311
582 0 843 9400
947 2016 1831 2693
1573 2693 2566 4425
0 9776 5303 9963
6506 0 10000 406
3342 0 3690 2693
947 2693 1573 3146
9196 1164 9816 2303
2511 5311 2974 6820
4619 920 5397 1629
6117 4241 7081 5996
5303 7607 5639 8661
3626 4425 3908 9088
1033 3146 1573 4425
7882 3835 8735 5273
3690 0 4619 1629
4217 5648 6043 6327
527 500 582 5737
1831 1003 3018 2693
4228 6411 4549 8928
150 9400 1198 9707
2974 5311 3626 6820
3989 1629 5696 2693
9249 4000 9271 7545
7969 6723 8496 7042
5696 1164 7721 2693
1265 9137 4549 9776
5696 0 6506 889
7721 1361 9196 2303
947 5311 1265 9400
9816 1164 10000 10000
7093 4241 7282 8941
2566 3835 7767 4241
4549 6411 5303 9776
6506 406 10000 889
4619 0 5696 920
