714 1343 3612 1528
8163 7956 9228 8184
5052 829 6277 2149
3061 8873 5212 8989
8163 7302 9228 7956
6051 7893 7485 8184
679 3982 920 6367
62 2634 339 5627
70 508 1434 1308
923 9347 6942 9451
1216 3924 1465 4123
5225 6099 6277 6512
3061 8867 5212 8873
6060 255 7542 649
1726 2621 2435 3172
344 7172 462 9655
8781 5689 9228 7302
1434 154 9911 244
3612 949 4411 3181
7466 4970 7477 6429
8275 4329 8607 4600
70 1528 1726 2254
5560 8867 6942 9347
1422 7550 2308 8284
6051 8260 6942 8598
1221 9956 7614 9996
14 154 70 1763
9228 4108 9654 8184
2308 8579 4828 8598
2339 3478 2976 4038
9398 8184 9654 9569
663 3478 920 3982
2355 6409 5225 6524
5052 3170 5586 3381
1225 4734 2066 4841
6277 1407 9654 1538
5052 3381 8573 3506
1495 457 1529 594
1589 4305 7485 4336
0 55 9825 154
3862 7172 6898 7627
8004 4108 8163 8184
462 7172 3862 7415
7857 4108 8004 8184
1449 9451 7949 9618
70 154 1434 508
5905 7627 6898 7893
1589 4144 7384 4305
4411 3543 8031 4049
0 2254 1426 2634
7542 255 8723 688
5052 688 8723 829
1726 1528 1777 2621
4411 4049 9005 4108
3052 1528 3596 3161
4411 255 5052 3543
1546 2254 1726 3181
2213 8989 5212 9174
7949 9451 8131 9756
2552 5511 6898 6094
6277 1645 8832 1727
9619 1639 9654 4049
9947 0 10000 10000
1160 6896 5225 7017
923 7415 3862 7550
1435 8284 2308 8598
5630 255 6060 617
2452 1528 2588 3167
339 2634 603 7172
8163 5689 8781 7302
923 7550 1422 9347
9311 1639 9619 3170
1160 5429 6946 5510
8031 3543 8045 4046
471 9451 1449 9615
6942 8260 9398 8779
7185 1727 9311 2149
1160 6671 5225 6896
5225 6512 6685 7017
8627 5530 9132 5689
8648 8779 9386 9429
70 1343 714 1528
1160 4841 2129 5429
6277 1538 9654 1639
4828 7627 5905 8598
5052 255 5157 599
339 9756 9911 9871
9221 3325 9610 3947
6898 5511 6952 7893
1160 5511 2552 6093
6685 6094 6766 7153
4742 4694 7466 4833
3862 7627 4828 8579
6942 8779 8131 9451
1435 8598 3061 8989
339 9871 9947 9956
7485 4140 7840 8184
1422 8284 1435 9319
9654 1407 9857 9756
1435 9174 2661 9337
7065 1727 7185 2025
603 2634 1546 3181
6277 829 8723 1407
7515 2428 9311 3170
1435 8989 2213 9174
462 9698 4581 9735
603 3478 663 7163
462 9618 7949 9698
0 0 9653 40
5905 7893 6051 8598
603 3181 4411 3478
2975 4841 4106 5313
5052 649 7542 688
7840 4108 7857 8136
4742 4833 6643 5160
83 1308 1530 1343
8463 3543 9220 3995
8131 8779 8648 9756
1530 244 4411 949
2308 7550 3862 8579
1160 6409 2355 6671
2355 6524 5225 6671
1530 949 3612 1343
6277 2065 6945 2139
6952 4833 7466 7893
4286 9174 4766 9347
8723 244 9911 1407
9911 2004 9913 5027
4767 9174 5551 9347
462 7415 923 9451
3061 8598 6942 8867
9857 1407 9911 9756
1426 2254 1546 2634
5052 2149 9311 2428
2594 1528 3044 1752
3526 6125 5162 6409
2594 1752 3050 3146
5212 8867 5560 9174
5586 3170 7403 3313
6051 8184 9398 8260
1589 4108 7826 4140
4411 244 8614 255
1777 1528 2452 2621
920 3478 1160 7017
5865 2428 6079 2912
1160 4336 7485 4694
663 7017 6685 7172
2976 3478 4411 4108
8648 9569 9605 9753
6750 2428 7515 2917
