5076 7952 6339 8223
1714 2133 7142 2274
4253 3921 5140 3964
4015 3439 8553 3578
4570 564 5668 1070
9595 2745 9767 4589
5339 9006 6351 9305
3163 4031 3425 4203
7524 2133 7947 3088
4570 240 7845 244
2749 6887 3265 8153
4570 1305 6496 1362
1221 7382 1759 9395
8817 2395 8907 4589
7645 3964 8117 4547
1475 9395 1485 9829
3242 8153 3313 8752
4394 221 4545 938
5107 1393 5178 1656
2034 8153 2114 8982
4958 7567 9458 7952
8907 2395 9234 2745
1117 2645 1786 4526
1759 6676 2030 7762
3199 9512 4569 9669
8907 3473 9595 4303
2061 3974 2237 6500
1473 621 3760 766
324 7524 1032 9597
4570 1070 9946 1288
4391 8707 4614 8803
23 4766 1786 5000
927 2453 1037 4526
9519 6863 9946 6938
9111 4589 9445 6464
3265 5265 3397 7567
5076 8228 6206 8595
8766 412 9942 728
392 6584 1159 7485
4584 0 9954 237
4343 3969 4858 4036
4015 3578 8553 3722
2114 9338 9982 9492
3124 3202 3446 4031
4319 766 4394 2005
4958 7952 5025 9293
7142 2560 7485 2952
9445 4589 9767 6863
107 7055 392 7524
392 5164 697 6556
3815 5265 4665 6395
2030 6676 2569 7762
9946 412 9973 4401
202 486 690 2453
199 486 202 2029
9234 2395 9441 2745
161 221 4394 486
4394 1796 7477 2005
7114 7952 7455 9201
1759 7762 2569 8153
22 5007 284 6859
1750 1624 1949 2065
9458 7567 9817 9195
6067 5309 7865 6354
2749 4031 3163 5134
5496 6863 9519 6938
5026 7952 5075 9336
1714 1500 3750 1624
8424 5174 8553 6464
5464 6612 9445 6863
3446 3202 4015 5034
1759 9713 8235 9932
8737 4589 9111 6464
23 127 4567 221
2061 2645 6836 2823
9818 7567 9892 9131
4213 8837 4425 9173
7455 7952 9454 8271
2569 3974 2749 8153
8177 3964 8424 5256
690 774 3134 857
6830 412 8035 1070
9767 5490 9946 6863
4756 9621 7490 9713
392 6556 2061 6584
8553 2005 8737 6464
8817 1645 9441 2395
7865 5309 8389 6354
4328 7567 4878 8707
4570 481 5666 564
3265 5134 4665 5265
8667 9597 8846 9850
7455 8271 8257 9110
1786 5489 2058 5648
6608 6938 8632 7331
8907 2839 9595 3473
690 857 1037 2453
2032 9963 3430 10000
1037 2440 4416 2645
6260 8681 6973 8896
1949 1624 4110 1948
2061 6500 2569 6584
5836 3964 7645 4153
2749 6655 3265 6887
4665 6863 5496 7510
1037 2645 1117 4526
0 127 22 7055
8907 4303 9595 4589
8817 1299 9764 1645
5604 6938 6063 7504
9924 5398 9946 5490
2749 5134 3265 6655
3163 5034 4665 5134
392 5000 1359 5002
1167 6584 2569 6676
8389 5309 8421 6458
23 4526 1786 4766
9767 2745 9919 3600
3265 7567 3855 8147
5289 4941 5464 6608
5668 244 6830 1070
8389 6464 9445 6612
0 7055 100 7436
3124 3105 8553 3202
3750 857 4319 1624
4665 4036 4755 6308
3397 7510 8736 7567
8766 730 9901 1062
5836 4153 6067 6354
9892 6938 10000 9202
8736 6938 9892 7567
9441 1645 9924 2745
1786 5653 2053 6545
6339 7952 7104 8226
6260 8228 7068 8671
7477 1577 8737 2005
4015 3229 7280 3439
8035 412 8766 1070
3648 2823 6836 3105
5076 8601 6194 8902
23 1176 161 3419
4015 4254 4394 4358
4570 244 5579 457
1037 989 3555 1394
3516 6896 4397 7001
4756 9512 9527 9569
4009 7567 4328 8171
3230 9173 4429 9304
5553 4149 5836 4253
1037 1394 1714 2440
6830 289 8939 412
3507 7001 3592 7507
1953 2274 3464 2335
1949 2005 8553 2133
6067 4189 6657 5309
2749 3974 3124 4031
8737 1288 8817 4589
6836 2274 7119 3067
8907 2745 9595 2839
22 127 23 4719
3539 9683 3772 9711
697 5164 1786 6556
2061 3105 3124 3974
1714 1394 3750 1500
5178 1362 8737 1577
8424 3722 8553 5174
0 0 4570 127
5178 1577 7477 1796
8508 9202 9087 9283
1032 7524 1167 9963
4878 7567 4958 8707
1786 2645 2061 5489
6340 7351 8659 7420
4416 2274 6836 2645
2237 3974 2560 6300
3397 5265 3815 6395
2061 2823 3648 3105
202 2453 927 4526
4015 4358 4665 5034
5836 6354 8389 6612
