3717 4664 3944 5887
6985 7603 7565 8001
6912 37 6917 3966
7400 1131 7531 4182
7703 4996 9169 5490
352 1414 2722 2565
6727 5887 7456 7093
3717 6758 6727 7093
8999 2679 10000 2933
3461 2326 6551 2532
6454 9269 8100 9446
6730 4676 8240 4996
8176 7822 9972 8091
750 8770 4623 8944
1491 4674 3320 5635
0 37 110 9844
5734 2624 6013 5185
9114 4316 9459 4525
3461 1282 6733 2266
7546 1131 7997 3730
6997 37 7062 924
6312 5490 7456 5887
352 6462 618 9715
6730 4531 8240 4676
618 5058 749 8509
8240 2266 8572 4797
8100 6192 8176 9756
171 4179 290 4722
8481 1458 8572 1831
352 4858 614 6291
7156 4442 7797 4531
290 379 2125 1414
9169 4996 9984 7455
6175 2624 6910 4494
5734 5185 6013 5887
2677 2960 2994 2996
6013 4531 6312 5887
3572 4664 3717 8067
3320 2624 3572 5635
8999 2933 10000 4316
9058 37 9286 1502
8837 1502 9286 2679
352 2565 3320 2753
110 9756 10000 9844
2936 8067 4729 8299
8176 8472 10000 9756
7112 621 7113 1131
4790 8067 5148 8781
3860 3683 4871 3828
8837 2679 8999 4996
3717 7533 5012 7974
7456 5490 8100 7533
8739 8102 8966 8129
290 37 3883 217
1335 5635 2596 8308
1335 2996 1491 5635
3717 6427 6727 6758
6454 8001 8100 9269
110 37 288 3536
9286 37 10000 2679
8100 5577 9088 6192
3717 5887 6727 6427
3717 7093 7456 7533
4871 3683 5734 5887
4729 8955 5646 9446
8999 4546 9983 4890
750 2886 1335 8308
8240 4797 8572 4996
1491 2996 3320 4674
6312 4531 6730 5490
5646 8955 6454 9446
2696 8944 4729 9756
8572 37 9058 1502
290 349 1851 379
3944 4664 4871 5887
8378 6192 9065 7541
4729 9446 8100 9756
8572 1502 8837 4996
8176 8347 9444 8472
0 0 9776 36
3572 3828 4871 4664
2596 7402 3572 8067
6013 2624 6173 4504
750 8308 4727 8719
0 9915 5059 9987
3860 2624 5734 3683
5647 9915 10000 10000
2494 8944 2696 9597
2596 5635 3572 7402
5148 7622 6355 8955
750 2753 3320 2886
3320 2565 6685 2624
626 4457 750 4676
290 1414 352 9756
3572 2624 3860 3828
6730 4996 7703 5490
0 9844 10000 9915
2125 379 3461 1414
3461 436 6487 1282
2722 1429 3348 2301
6918 1131 7391 3922
