2757 2507 4306 2684
1442 7956 3729 8209
8942 9349 9818 9807
234 1261 5775 1306
7107 1762 7208 2271
872 4315 1368 5169
8362 2821 8595 3386
234 8897 7068 9254
8669 3490 9345 3547
1545 2507 1741 5250
1442 7233 6479 7704
2307 532 4064 1188
1007 7379 1442 8202
234 1306 3308 1891
0 9254 1155 9768
7068 4715 7122 9254
1922 2341 4530 2504
4349 4221 4624 6726
872 2507 1545 4315
3308 1645 7094 1891
872 5259 1163 6629
4624 4548 5090 6726
3056 3227 4624 4221
7122 4715 7604 9768
588 2341 780 8897
0 292 50 8061
780 2842 842 6839
345 2341 588 8128
6360 3150 7420 4548
1155 9254 7122 9545
1442 8401 3716 8897
7893 3547 9379 4548
4334 8101 6486 8651
5117 1891 5542 2507
1166 6726 6486 6824
7604 4715 8191 9124
1442 8209 3725 8400
1166 5250 2868 6623
8345 4555 9377 5434
183 9768 7166 9817
0 186 8577 283
1741 3227 3056 5250
1166 6623 4349 6726
110 1236 234 4783
77 292 2280 1188
9617 1306 9990 2685
9686 2821 9990 6478
2868 5250 3056 6623
7420 2821 7893 4548
2307 328 6039 532
77 1202 6731 1236
6486 4715 7068 8897
8942 8710 9773 9003
5090 4548 6486 6726
8931 186 9781 1208
1442 7704 6473 7886
0 9817 10000 10000
1741 2846 5728 3150
7297 1306 7364 2322
8684 2866 9379 3490
3729 8101 4334 8651
8658 6478 8942 9817
1155 9545 7122 9768
9379 2821 9686 5434
7364 1306 9617 2685
8123 1018 8353 1227
9990 1236 10000 9817
4700 564 6574 1163
8191 4548 8345 9124
3308 1306 6794 1643
0 7 3687 186
1442 7886 3724 7956
3729 7886 6486 8101
6868 292 8327 669
1741 2685 9990 2821
3056 4221 4349 6623
4624 3227 6360 4548
6486 4548 8191 4715
7604 9124 8345 9768
234 1891 5117 2341
4506 6824 5629 6896
3729 8651 6486 8897
1741 3157 6249 3227
8658 5434 9629 5619
8942 6863 9799 8357
5542 1891 7107 2685
8345 5434 8658 9817
