3583 3588 3886 4048
907 4048 2263 4360
2673 8280 3468 8448
5157 9274 8306 9482
0 1239 244 2937
6438 781 6745 7512
5921 781 6266 6797
3857 5799 4208 6275
907 9155 3813 9367
1318 4360 1472 8448
6745 1351 6881 5966
244 1958 5423 2187
8522 5533 9375 7085
3363 9461 3722 9809
161 6483 738 7643
3226 31 5537 273
9581 1324 9939 1963
9388 503 9581 2406
244 1358 1361 1833
738 9819 4665 9903
6266 781 6436 5271
9125 1351 9369 5491
1587 6797 3468 8280
3308 1612 3669 1958
2390 4048 2589 6344
161 7643 738 7745
6745 509 9058 669
5071 273 5543 1047
907 8448 3468 8747
1472 4360 1587 8448
1587 6450 5921 6797
3886 3588 4636 4835
5780 6797 6266 9022
6881 1596 7305 5962
3226 273 4909 915
3813 6982 4665 9819
738 9367 3718 9460
3813 6805 5103 6982
8306 8224 9376 9482
6745 7085 9376 7512
161 4048 738 6483
2390 6344 5913 6450
738 4048 907 9367
2263 4048 2390 6449
7305 1816 8368 3313
161 3236 4636 3588
466 2203 5546 2903
8368 1596 8522 3122
2589 4835 5525 5799
8617 1351 8702 4820
0 7745 738 8457
2589 5799 3730 6307
161 3588 3583 4048
907 4360 1318 8448
6438 7512 9376 8224
5546 781 5878 4798
1587 8280 2564 8309
6745 5966 8522 7085
2589 4048 3886 4835
5426 9903 10000 10000
7693 3313 8522 5952
6266 6712 6437 9015
907 8747 3425 9061
3669 1075 4121 1723
3468 6797 3813 9155
9388 2406 9882 6268
1587 4360 2208 5677
6745 669 9388 1351
9942 0 9999 2020
5525 4835 5546 6304
4145 1743 5037 1868
4636 2953 5540 4317
4693 6982 5157 9903
6266 5316 6438 6712
9376 1351 9388 9662
0 2939 4636 3236
7305 1596 8368 1816
8702 1351 9123 5436
6881 1351 8521 1596
4904 1075 5012 1701
9208 86 9790 503
738 9461 3340 9817
5546 503 6665 774
5157 9482 8760 9871
6438 8224 8306 9274
5157 6797 5780 9022
4665 7082 4693 9545
413 8457 738 10000
738 9903 5395 9995
0 0 1032 758
0 3236 161 7745
0 8457 413 10000
1147 820 1380 1236
5157 9022 6438 9274
