3474 3510 3488 8586
6173 3818 6351 3877
513 9453 1968 9861
2500 4531 3474 4661
5774 3877 7083 4519
3712 2865 6173 3176
873 7053 1606 7661
571 4602 1874 5086
2177 1765 2214 5522
6575 4519 8525 4628
3036 1073 6366 1906
5566 7003 6550 7454
6366 1236 6986 1944
2500 4661 2770 7577
1968 3 4766 252
5558 3176 5597 6969
6986 1533 8436 1944
2054 1765 2177 4681
219 5863 1340 6286
2373 1944 2577 4364
3981 3176 5558 3918
4605 7801 6998 8111
513 8175 1968 8295
6575 6103 7295 7454
8670 5956 8991 7687
2770 6176 3087 7577
6907 4628 7295 6103
2054 4681 2177 6584
513 8295 968 9453
6909 2865 7067 3771
4605 6969 5060 7801
219 6286 513 9861
4000 6392 4605 7652
1968 466 6184 634
2110 6584 2163 8883
3488 6392 4000 6821
3712 3176 3981 5580
3712 5626 4567 6392
4419 3918 5558 5007
571 5086 1340 5863
909 0 1968 554
6575 4628 6907 6103
2373 4531 2500 8951
8000 9178 8568 9307
7295 4638 8465 5913
1606 6286 1874 8175
3488 2865 3605 6333
540 613 698 1442
5597 3176 5774 6705
2918 634 6184 1022
1874 2273 1967 4298
540 6 719 612
7083 2761 8213 3648
5774 5501 6575 6969
0 4846 219 9861
4605 5580 5558 6969
1765 785 1967 2273
8527 3119 8670 8586
219 2674 1874 3402
2945 9813 9312 9824
2373 4364 2727 4531
8692 3119 9018 5347
3429 4661 3445 8514
5060 6969 5566 7801
2727 2092 4575 2247
7592 8012 8115 8026
2727 2259 9080 2379
5774 4519 6575 5501
1765 554 1967 785
873 7661 1606 8175
219 3828 571 5863
8527 2806 8970 3119
9018 3299 9599 4751
2577 2092 2715 4135
2770 5070 3069 6176
4637 2092 9754 2093
2177 9178 7202 9292
2727 3149 3482 3510
968 8295 1968 9453
571 4073 1790 4602
9018 4751 9160 7678
0 9861 10000 10000
1968 252 10000 466
2058 822 2243 1765
513 7053 873 8175
219 3402 1874 3828
2727 2407 7237 2761
4000 7652 4605 8121
8670 5383 9000 5952
4000 8121 5706 8372
1340 5086 1874 6286
1967 2347 1968 4986
2577 1944 8436 2092
6366 1073 10000 1236
6986 1236 8078 1531
5566 7454 7295 7801
2243 1073 2373 8951
9599 3229 9601 6590
9601 2093 9952 5526
3087 4661 3416 8860
3488 2761 7083 2865
9196 4751 9592 9080
1874 4298 1967 8175
9765 5735 9829 7278
5597 6705 5774 6969
4819 12 9441 228
4637 2095 9233 2256
9018 2761 9599 3299
725 0 909 1449
8148 1240 8398 1533
3429 8586 9018 8951
7295 5913 7592 8586
2520 7577 3057 8204
0 2273 219 4846
8436 1533 10000 2092
2727 3510 3474 4531
6184 466 10000 1073
219 2273 1874 2674
3605 2865 3712 6392
4000 8449 5947 8540
2054 6584 2108 6791
5774 3176 6170 3799
0 0 473 1402
1968 634 2054 9861
909 554 1765 2273
0 1451 909 2273
513 6286 1606 7053
3488 6821 4000 8586
2243 8951 9057 9177
