5611 5848 7669 6609
1184 3249 1471 3386
2299 3018 5417 3227
3100 8897 5256 9308
9681 1179 9763 4725
649 3075 667 4642
8354 4621 8716 6737
696 6012 1538 7123
8636 8607 9388 9402
2299 4621 8354 4631
917 7997 1454 9825
2306 6737 3100 8340
3368 430 5018 602
2778 9308 5256 9477
339 2703 6634 2828
3100 7003 9511 7301
4913 5848 5432 6091
7525 7423 7863 8166
3020 0 3368 2373
2159 6737 2306 8340
2237 0 3020 2703
1184 5247 1508 5664
2159 8340 2778 9602
7184 8607 8636 9107
9366 5639 9511 6758
2778 9477 5256 9602
4814 4782 6563 5583
1538 3075 1734 7123
2002 5506 3216 5688
3409 602 3680 928
9511 5387 10000 6226
1164 86 1266 485
2002 4782 2867 5486
7863 7301 9511 8278
5124 768 5697 1179
6634 2703 6711 3222
3100 7301 7863 7423
5992 0 7660 989
4913 6609 6284 6696
5288 1770 6712 2373
6712 1770 7040 4621
2299 4631 7669 4782
3368 1265 5449 1770
1734 4782 1900 9602
1417 1388 2234 2581
710 485 2237 818
4539 7805 4565 8059
2299 3227 5445 3882
408 1790 520 2397
7669 6605 8088 6737
9322 4725 9763 4847
2937 4782 4808 5491
696 5892 1538 6012
520 1790 710 2703
6234 8632 7184 8932
1974 7889 2159 9200
6129 7423 7525 8166
3100 7423 6129 7688
7863 8278 10000 8607
906 8060 917 9717
667 3075 1184 5156
8716 4347 8973 6938
5256 9402 9388 9602
710 818 1417 2703
7040 2331 9681 3551
2689 3928 3827 4580
3827 3928 6711 4621
231 4903 339 5867
7669 4631 8088 6605
9002 3551 9207 6764
0 485 213 5462
696 5156 1184 5763
5256 7688 6129 9107
5417 2828 6634 3227
3368 929 5121 1179
4109 610 4150 909
7252 9602 9388 10000
696 5763 1412 5874
2066 3791 2299 3894
3368 0 5465 373
9526 6226 9665 8061
9388 8607 10000 10000
917 7123 1454 7997
1734 9602 7252 9825
9763 0 10000 4847
9215 3551 9322 6995
3020 2373 6712 2703
1184 3075 1538 3249
6129 8932 7184 9107
5256 9107 8636 9402
2778 8340 3100 9308
6563 4782 7669 5370
9322 3551 9681 4725
8411 1770 9054 2328
375 5859 696 9594
9322 4847 10000 5387
8716 3551 8984 4287
1504 7123 1734 9825
8088 4631 8354 6737
2299 2828 5417 3018
6563 5370 7669 5848
4814 5583 4913 6737
9665 6226 10000 8278
1417 818 2155 1341
1454 7123 1504 9825
1900 5232 1990 5868
7040 3551 8678 4609
3368 1770 5288 2373
3100 8059 5256 8897
917 9825 7252 10000
4497 5863 4814 6681
6129 8166 7863 8607
3100 6737 8716 7003
9251 1821 9652 2331
4913 5583 6563 5848
339 2828 2299 3075
408 981 561 1790
