4876 8388 5873 9160
6423 3688 8614 4186
772 216 1056 3244
3669 1654 4192 4483
4192 2400 8880 2808
2709 3905 3254 6746
0 4627 806 6724
1056 3240 1581 3244
1056 1432 4192 1654
8880 2396 9486 5191
1640 9308 2709 9623
5432 2127 8729 2400
5056 6587 5873 8037
6304 2808 6423 4488
8807 424 9439 924
2104 2415 2709 4150
7474 0 10000 216
8655 4488 8880 8715
3327 7905 4328 9864
4405 8072 5808 8388
3987 5171 4175 7612
6423 2808 8880 3688
6134 4488 8622 5152
4473 2808 6304 3570
0 7881 840 8410
7662 5152 8623 6866
9486 7830 10000 9399
1829 1654 2104 4168
5155 424 8807 1014
379 216 772 4627
21 0 145 3957
2104 1654 3666 2414
8880 2003 9486 2396
9366 5271 9433 6442
1640 7768 2709 9308
840 4627 1578 7960
4473 9218 4876 9989
6423 4225 8860 4467
2558 1351 3996 1432
4876 9400 10000 10000
4192 2003 5150 2356
1056 1723 1821 2515
7098 8768 8251 8849
1829 7475 2650 7768
1266 3244 1640 4627
149 216 379 4277
1056 216 1586 1432
9832 249 9974 6116
1640 2515 1829 7768
1829 5697 2676 5751
0 8410 441 10000
7120 5163 7593 5369
4405 4488 4674 7394
5873 7146 7098 9160
1829 4189 2656 4698
8880 5191 9366 9400
7098 5369 7662 8768
4876 9160 8880 9400
145 0 7474 216
5155 249 9486 424
1640 9623 3327 10000
0 6922 805 7881
9486 249 9800 6625
1586 1014 9445 1322
4723 4488 5056 6852
7662 6867 8535 7850
6134 5369 7098 7146
3329 3051 3660 5019
5873 4488 6134 7146
1586 216 10000 249
2709 6746 3327 9623
4192 1432 9486 2003
772 3244 1266 4627
441 8410 1640 10000
1586 249 5155 1014
5056 4825 5826 6587
