3051 6163 9109 6490
3051 2603 3602 5271
118 258 916 689
2190 2325 2541 8555
7800 4001 7975 4078
3628 3079 3750 5215
4126 1906 4366 2383
48 1735 161 3718
3229 7638 3237 8677
986 4189 1454 9022
0 3919 503 9918
2677 2383 9781 2603
6553 466 8201 993
3051 5362 9484 6114
3750 3328 6140 5271
5512 7100 8985 8137
6992 1377 8741 2298
8201 0 8873 1089
986 2060 1440 4189
2547 1584 3998 1898
4597 7741 5482 8448
0 1377 904 1735
7973 8137 8985 10000
0 855 5625 1286
6140 4124 9708 4279
3750 3079 6804 3328
6553 1089 8873 1377
6760 6506 8547 7065
6553 993 8201 1089
8985 7100 9857 9517
2550 2383 2677 8727
161 1735 905 3919
538 3919 690 9021
3972 7100 4597 7533
5217 9022 6368 9887
4866 1492 5107 1832
6553 0 7814 466
4649 7100 5512 7651
6140 3328 9781 3600
2700 2603 3051 5439
905 1492 986 9022
8873 0 9933 1592
5529 8154 5967 8433
6733 9022 7878 9665
1463 1492 2509 2174
9857 5362 10000 10000
1463 2186 2510 2325
1823 9068 2217 9735
5107 1377 6992 1956
5967 8137 7973 8448
0 0 6553 258
905 1377 4944 1483
7814 0 8200 289
6140 3600 9781 4001
3557 8448 7973 8749
2765 8749 7449 8975
2677 6626 6609 7100
8985 9517 9857 10000
3051 5271 8951 5361
1463 2325 2190 9022
6213 4279 7648 5252
3602 2603 6804 3079
7648 4279 10000 5271
6804 2603 9781 3328
916 258 6553 855
4393 1956 6932 2369
695 3919 905 7898
1454 1492 1463 4244
9781 2383 9968 3395
