6530 1738 6667 5317
2413 6384 3873 7251
2028 7712 2254 9592
4588 1986 6387 2153
4542 0 10000 299
6035 6786 6139 9291
827 5077 1098 5257
931 2694 1319 2852
6667 3978 7707 4638
2691 5084 3475 6384
931 734 3631 1246
8635 3831 9504 5050
4833 7393 5096 8434
8807 6236 9921 7424
1271 7712 2028 9737
809 3160 4496 3695
4060 0 4542 734
0 0 1940 189
444 6438 2367 6775
0 189 226 5023
809 4824 2691 5052
7974 8564 8709 10000
444 6775 2413 7116
3873 4545 5418 6210
8710 7853 9046 9979
6372 8564 7419 9493
2028 9592 6139 9737
3631 734 4542 2677
6387 1738 6530 4545
9220 9474 10000 10000
956 1363 1495 2195
3873 6307 5418 6786
0 9081 1271 9737
3873 6210 5418 6307
444 7131 1933 7709
660 189 809 5313
6667 4638 8359 5317
0 9737 6139 9971
2254 7116 2413 9592
8635 5050 8710 8561
4169 9291 6107 9583
3050 2677 4167 3115
0 6391 444 7712
7419 8579 7808 9324
9504 4001 9744 5046
2413 8417 4169 9592
3475 3974 3873 6384
288 5023 444 6391
6205 4545 6264 5103
7541 5759 8126 8434
3873 3974 4542 4545
7209 769 7312 2057
3873 6786 6035 7251
931 189 2412 607
6867 1738 6922 3869
0 7712 1271 9081
1098 5052 2691 5313
7707 769 8591 4638
9504 299 9744 4001
4542 443 7083 1092
8378 5216 8635 8210
809 4395 2691 4824
2413 7251 4169 8417
2429 9971 3088 9980
226 2883 432 4661
809 3974 2691 4395
5121 7251 5833 9137
226 189 660 2883
6372 6786 7480 8293
4727 7705 4833 8661
4542 4368 6065 4514
904 189 931 3065
809 189 904 3160
5418 5759 7409 6783
3240 3974 3475 5084
8635 1950 9502 3831
809 5956 2568 6266
0 5023 288 6391
931 1246 3631 1363
444 2883 660 5313
444 5313 2691 5956
8710 5050 9744 6236
7524 1310 7707 1743
5473 1113 7039 1738
6372 9493 7974 10000
8591 769 8635 4389
7203 317 9289 769
809 3707 4321 3974
6139 6786 6372 10000
2691 3974 3240 5084
9744 299 10000 6236
1940 0 4060 189
4169 7251 4514 9102
9220 7474 9979 9474
7039 1534 7179 3978
1495 1363 3631 2677
5418 5317 8359 5759
