5947 8635 9801 8945
5947 8237 9849 8439
4282 1382 5679 1560
1363 5364 2069 5835
5045 7938 5947 8945
2069 6220 8550 6425
7763 2833 7915 3087
9591 5649 10000 7232
21 417 234 2839
1527 6425 8550 6641
8804 5827 9120 6416
618 2939 1363 3449
862 1079 2301 1931
4282 1560 5320 2121
4127 7078 4287 8615
2069 5596 7506 6220
5947 8439 9582 8485
6083 6767 8226 6822
8452 70 9099 391
4024 4760 7131 5364
6698 866 7989 1152
6698 1152 8516 2261
8550 1152 8554 5127
2069 5364 7506 5596
8640 1152 8804 6416
2531 0 3872 1931
641 2657 3872 2939
5045 7215 9120 7391
2528 6922 3512 8787
9120 0 9371 5304
5679 107 5986 393
947 6425 1527 9955
0 9955 9849 10000
360 6488 947 8451
6136 0 8169 818
9591 0 9858 5649
3512 6756 3624 8787
1991 2954 3468 3389
4282 2387 7695 2588
7754 5364 7915 6220
9858 0 9999 4350
1552 9340 2229 9411
4663 2588 5340 4079
2226 3519 4282 4748
5045 7138 8608 7201
1365 2939 1886 5334
5340 3498 7614 4748
8804 391 8916 5827
862 1931 3872 2657
8640 6416 9120 7215
1527 8787 5045 8945
4308 7078 5045 8686
8916 391 9120 5827
2229 9374 5377 9814
5340 2616 7646 2945
1886 3519 2226 5364
0 5835 2069 6425
1527 8945 9849 9218
2226 4748 4009 5364
9858 4520 9999 5589
9371 0 9591 8237
8173 492 8671 893
2301 1079 2531 1931
5447 9374 6872 9953
9591 7232 9782 8229
5340 2945 6115 3498
5947 7938 9120 8237
5947 8487 9779 8635
4282 0 5679 1382
8554 1152 8640 6641
34 3479 1224 4886
5045 7391 9120 7938
6883 9374 7503 9943
3512 6641 7966 6756
6115 2945 7759 3498
1527 6641 3512 6922
3310 9843 3773 9926
3872 0 4282 3519
6316 818 6698 1861
7503 9374 9849 9955
2229 9218 9849 9374
9120 5304 9371 8237
7506 5364 7754 6220
234 0 641 2939
7915 2284 8550 6220
1527 6922 2528 8787
641 0 862 2657
7614 3498 7915 5364
3624 6756 4051 8586
9849 7232 9998 9907
891 402 1549 1079
