8239 7103 8430 9373
9166 6483 10000 7890
3631 4185 6245 4968
1206 5320 7497 5476
7497 5320 9025 6140
9444 2750 9462 3741
5249 1754 5367 3373
259 5871 701 7486
1942 1638 2910 2645
7486 2302 8234 3557
5523 1754 6210 2705
1986 9217 5540 9258
8234 2201 9444 2964
3217 1638 5513 1752
7221 1754 8773 1813
6245 3648 7486 4152
3862 6675 5545 8099
8175 0 9444 1225
5545 6675 6890 7103
7342 1335 7536 1631
1119 2840 1445 3229
2621 5994 7497 6140
259 4145 1119 4185
932 4185 1206 9799
4427 9540 7362 9672
1206 5589 1616 6842
7738 41 8175 1225
6245 4152 7486 4968
7221 3345 7475 3463
8443 4049 8990 4351
9932 0 9978 5622
9166 7890 10000 8139
8657 6140 9025 10000
1206 6842 1616 8628
1866 9373 8051 9455
2094 4508 3631 4639
259 339 1119 1264
6509 8041 7674 9373
4567 1754 5249 3654
259 7486 701 9295
9167 2964 9345 4548
2699 3654 4264 3735
2621 6140 8657 6455
3013 1293 5112 1638
6245 2315 7173 3648
7486 3557 8234 4178
2776 2701 3217 3633
259 1264 1119 2842
5440 1754 5500 3601
6890 6455 8657 7103
2432 1233 5725 1274
8234 2050 9213 2201
3379 332 3707 1225
8234 4351 8923 5184
2517 5994 2621 7248
4427 9672 8657 9799
2269 8099 5017 9217
2621 6675 3862 7186
9259 8139 9978 9771
3631 4968 8170 5097
2147 7597 3384 7800
5545 7103 7674 8041
0 0 8175 41
1616 5589 1761 9799
3794 5612 7497 5994
6254 8041 6509 9373
7486 4178 8234 4968
13 41 259 8053
7674 7103 8239 9373
2351 339 2508 905
9025 2964 9166 10000
2162 45 7738 102
4621 5476 7497 5589
1761 7597 1986 9260
1605 5145 7234 5320
5017 8099 5194 9067
9778 0 9907 2074
1119 339 1489 2840
4049 1754 4567 2919
1717 5476 4513 5585
3948 3236 3956 3576
259 2842 1119 4145
5665 8041 6254 9084
2621 7186 3862 7597
7221 1844 8233 2066
259 102 3194 339
5204 8497 5528 8707
1489 1225 1942 2701
9345 2964 9444 6483
7221 2066 8119 2283
0 9295 681 10000
1119 3736 5452 4182
701 5871 932 9295
681 9799 8580 10000
2621 6455 6890 6675
1206 8628 1616 9799
1793 9260 4996 9272
1942 1274 2987 1632
259 5195 932 5871
1761 9421 1864 9621
2147 8099 2269 9217
681 9295 931 9798
1761 5994 2493 7511
1693 2701 2058 3439
5557 1638 9444 1754
1986 7597 2147 9217
3217 1754 3948 3654
260 4230 921 5195
9166 8139 9259 10000
1873 9508 4427 9799
8430 7103 8657 9672
