883 193 7639 289
793 6027 1392 8569
8437 8814 9132 9653
4261 3345 6182 3565
2312 7859 2955 8561
66 2347 730 3330
3962 1155 4261 3565
6604 1855 6855 2156
1591 5648 2419 7106
9572 7143 9985 9532
8822 3380 9630 4339
2743 1883 3628 2796
8469 8172 9571 8731
4850 4553 7948 4792
4261 2200 5982 3157
4243 6514 7925 6622
3946 6623 7910 6803
730 1187 2743 1648
66 4678 730 4889
0 145 881 760
3 2069 66 3771
2261 2796 3628 3146
3962 4673 4773 4723
0 9436 2362 9994
2743 1110 3628 1564
4850 4319 6145 4521
6518 5648 7656 6094
7721 5182 7893 6121
8897 7873 9243 7940
4877 7927 5623 10000
1820 8569 2765 9238
3946 6804 8263 7143
1591 4612 3962 4792
2312 7634 9572 7859
6518 6121 8273 6514
1714 5182 7721 5215
3718 4826 5186 5117
0 7869 793 8569
1591 5215 7721 5392
3962 725 7382 883
5982 2218 6139 2736
3962 883 8647 1155
2261 3146 3962 3379
0 8569 593 9229
0 6027 663 7869
730 3086 1156 4889
2765 8569 3586 9763
8647 1638 8822 6121
0 56 9610 145
2477 933 3930 1110
1591 5392 6650 5563
2743 1564 3628 1883
9158 8814 9570 9557
3586 7927 4877 8855
9757 0 9902 6421
3628 1110 3962 3146
1392 2664 1591 7446
4850 3565 6141 4241
8647 145 9386 1638
6292 5648 6518 6286
1392 1648 1591 2664
8822 1638 9386 3380
1929 289 6582 365
6604 3388 6619 4505
5623 9310 7988 9657
4261 1364 6604 2200
3962 3565 4850 4673
6182 2200 6604 4553
883 368 7438 718
7893 5182 8647 6121
3629 8855 4318 9713
66 3330 730 4678
1392 7446 2312 8569
8822 4339 9630 6121
1591 7143 9572 7446
8154 3685 8509 4944
2765 9763 4786 10000
4318 8855 4771 9723
2458 5648 3940 7090
2312 7457 8189 7634
8273 6121 9757 7143
1591 4792 3718 5182
1156 1648 1392 4889
7815 7859 7993 9282
1591 3642 3962 4612
4261 1204 6347 1364
5623 8747 7536 8853
6654 2156 7946 4552
7948 1155 8100 3766
9386 145 9757 1604
4786 8855 4877 10000
1591 2796 2261 3642
9630 1604 9757 6121
7993 7940 9494 8166
4261 3157 6182 3345
3164 7859 3544 8527
730 1648 1156 3086
3718 5129 5184 5182
66 1127 2493 1187
5824 9657 7907 9743
66 762 879 1104
66 4889 1392 6027
66 1187 660 2256
9388 1604 9630 3008
941 150 8089 190
3586 7859 7815 7927
663 6027 793 7869
2223 1648 2743 2796
1591 1648 2223 2796
2261 3379 3962 3642
