7291 910 7555 4081
747 4418 4056 5267
7568 1250 9765 1900
3661 5267 5279 7396
3029 9374 6894 10000
813 8545 1219 9422
747 5279 3609 5473
1967 7396 3029 10000
1644 6021 2951 6826
747 5473 3001 6021
6435 281 8260 685
4056 0 6435 1809
3183 0 4056 1445
6894 8244 7563 9775
8829 1900 9766 4656
3001 5473 3661 6888
7568 910 8395 1218
5078 7396 5271 8483
747 2881 3062 4418
0 4750 747 10000
3029 7396 4553 9374
7217 6560 8230 7133
1219 7396 1967 7759
5279 4359 8701 4657
5078 8825 6481 9374
1839 693 3183 1445
1219 6021 1644 6888
29 1885 1605 2707
6481 6560 6881 8618
1219 6888 3661 7396
3175 2881 4017 4410
4171 3997 5775 4359
6894 9775 9653 9987
6435 703 9732 904
1415 7759 1967 10000
5775 2063 6435 4359
4171 2063 5775 3997
4553 7396 4860 8930
8481 5587 9724 7818
6435 910 7291 4359
5279 4661 9562 5587
9766 703 10000 10000
4171 1809 6435 2063
104 2991 731 4637
1219 7759 1415 10000
1885 2037 3705 2827
7568 1900 8582 3886
1839 1445 4056 2037
6481 5587 8481 6560
8041 7319 8235 7948
7563 8244 9766 9775
5279 5587 6481 8825
94 693 1839 1842
4056 1809 4171 4359
8289 0 9985 689
6435 12 8266 281
139 24 3074 693
4569 4359 5118 5104
