0 1134 605 2385
6333 2619 8436 2688
7202 4564 7614 6252
3167 9349 9242 9437
6679 5882 7202 6252
890 6651 2203 7010
1400 1537 1887 2864
257 5167 785 7845
5927 6973 7748 7131
404 5113 6039 5167
9242 7845 9644 9964
1752 5614 2908 6252
3617 1134 4314 2791
5901 9964 6260 9980
890 5447 6122 5614
404 4804 951 5056
7748 6344 8619 7845
0 8315 293 9669
1458 8740 8174 9121
4931 0 6023 947
9967 307 9990 9456
5956 6384 7614 6973
7675 0 7797 1501
5373 3933 5719 4042
4449 7845 5874 8464
8619 6869 8636 7577
7797 0 8964 1513
9772 4223 9967 6196
785 7010 1109 7672
6340 0 7675 1513
2890 6973 5927 7265
7516 7845 8174 8389
5977 8642 6221 8715
0 1078 4660 1134
8964 341 9887 1017
552 9121 1648 9558
605 3405 1917 4146
1917 1535 3617 2813
4931 4305 5278 4494
2668 3867 3312 4590
1458 7845 4420 8458
4321 1134 4624 2780
257 7845 1443 8305
56 5167 257 6314
8964 2345 9644 3271
2929 6252 3141 6570
1752 6252 2203 6651
9772 1017 9967 4223
890 5179 5811 5447
7516 8389 7905 8740
894 5791 1206 6062
404 2385 605 3245
8964 6019 9125 6600
5134 9437 5623 10000
7299 4366 7565 4490
7614 5693 8637 6344
6023 1534 8873 2489
9772 6196 9967 9538
0 0 460 1078
9644 1017 9772 7859
5623 9437 9242 9964
5928 7845 6107 8466
605 4146 1677 4539
6171 8511 7281 8619
2203 6252 2890 7265
1400 1194 3293 1535
785 5167 890 7010
9574 3271 9644 6002
771 1617 1400 3405
0 2385 404 5167
1677 4146 1835 4784
1835 4146 2668 4592
8174 7845 9242 9349
8964 1782 9644 2345
3526 5614 6122 5882
7614 6344 7748 6973
460 705 2489 1007
3141 6252 4635 6973
605 4539 1069 4804
6023 1513 7034 1530
1835 4592 2788 4619
404 3245 605 4804
7614 4564 7986 5693
460 8315 1458 8942
6284 3512 7345 3578
5956 6252 7614 6384
2908 5882 4672 6252
5373 4042 7202 4494
8637 4139 8964 7845
6023 2747 8466 2965
1109 7010 2203 7672
1917 2813 2432 3151
3167 9121 8174 9349
7905 8389 8174 8740
3637 9437 5134 9508
9131 6104 9442 6680
3998 3270 4654 3312
4931 2504 5359 4283
4635 6252 5956 6973
7288 7845 7516 8740
5927 7131 7512 7590
1677 4939 2324 5096
6023 2969 8923 3178
890 6062 1206 6651
4586 7265 5927 7845
348 9586 4199 9643
8964 6680 9644 7845
6023 0 6340 1513
8649 3178 8964 3912
9644 9538 10000 10000
8964 1017 9644 1782
6107 7845 7288 8509
8964 0 9991 272
1070 4539 1620 5113
4661 1078 4931 4772
785 7672 4586 7845
4672 5882 6679 6252
1648 9121 3167 9586
2668 2844 3544 3863
4931 4494 6039 5113
7986 4564 8637 5693
1458 8509 5977 8740
4931 1233 5373 2504
2912 5614 3526 5824
2203 7300 4210 7672
6039 4494 7202 5447
2766 110 3575 184
1206 5614 1752 6651
3355 3867 3920 4706
9644 7859 9772 9538
7565 3178 8637 4564
4931 947 5373 1233
6122 5447 7202 5882
