5191 0 6292 496
1451 6128 2564 6781
7600 1354 7948 3202
765 859 873 2987
2156 8137 3123 8758
6861 8132 7453 9607
3662 991 4726 1908
1499 9488 3780 9580
1632 3108 3839 3754
4020 8137 5115 9945
1245 8525 1764 8973
8921 3215 9780 3515
5558 3972 7113 4637
4229 2331 4468 3277
0 4143 3918 4552
0 9488 1498 9999
1401 7400 1815 8189
5629 7161 9023 7486
6494 9716 10000 9945
410 239 853 859
6896 797 7600 3520
2252 991 3454 2993
902 8402 946 8947
819 4637 1451 6860
7948 797 8552 2604
6484 3520 10000 3793
6494 8132 6861 9716
873 0 1226 2989
1978 2014 2252 2112
3123 8728 3826 9366
0 7256 386 8402
7600 3202 8921 3520
3848 8137 4020 9565
386 7256 5115 7400
4020 9945 10000 10000
1451 5962 1842 6128
5629 8628 6494 9945
2157 4884 5931 5153
3456 1908 3801 2967
4932 1449 6313 1623
0 9082 2909 9208
5629 7486 6494 8628
1451 5400 2103 5883
7600 797 7948 1354
2252 627 4726 991
5115 6784 5116 9915
5392 6139 7134 6280
3801 2331 3919 2993
6010 2331 6484 3793
3919 3972 5558 4637
7691 5726 9601 6128
3801 1908 6484 2331
9831 627 9995 2555
4152 3355 6010 3972
7691 4884 9601 5726
2564 6676 5020 7213
3459 991 3662 1711
7113 3972 10000 4637
0 4552 703 7247
6494 7486 7312 8132
2328 2993 2614 3080
4726 797 6289 1402
3929 2331 4152 3410
8297 8232 9328 8367
2103 5254 5898 5893
410 859 765 4143
9380 7236 9559 8570
8434 8570 9637 9621
1451 6781 2564 7256
4726 1871 6087 1908
1451 4637 2101 5400
2564 7230 4752 7256
8552 797 9831 1463
5201 6676 5629 9663
8552 1463 9831 2604
1226 627 1868 2993
4726 627 9831 797
1815 7887 2468 8137
6484 1706 6896 3520
8921 2604 9831 2711
5629 6757 9158 7121
7453 8570 8434 9607
2468 7887 5115 8137
4468 2331 6010 3355
2564 6280 9380 6676
8921 2711 9786 2992
7948 2604 8921 3202
6010 3793 10000 3972
2103 5965 5294 6015
2103 4637 9601 4884
6313 797 6896 1706
1499 9619 4016 10000
7312 7486 9380 8132
9601 4637 10000 8570
0 0 410 4143
1815 7400 5115 7887
6861 9607 8434 9716
1960 4615 3147 4637
6292 0 10000 627
765 3873 3499 4142
5931 4884 7691 6128
