3668 5655 3829 7388
7495 6328 7565 9555
6789 2522 6998 2616
7400 0 7535 2888
7565 4986 7782 9555
290 1414 2993 2300
6414 6328 7495 7245
5892 6328 6414 9174
9623 1595 9775 3338
3320 1414 3829 2527
6780 9289 7488 9714
7038 4531 9787 4859
9129 7509 9820 8208
3320 8508 4115 9174
2319 3446 2999 5917
0 1414 110 9915
5972 1131 6201 3773
9039 4316 9554 4456
4646 459 5263 5251
7535 145 8385 1524
6175 394 7062 459
6691 4986 7099 6328
290 6291 552 9588
6730 3773 6981 4774
552 5058 683 8509
7043 3773 8338 4471
7495 9555 9129 9720
282 1414 290 9491
8199 1740 8572 1831
290 4858 552 6291
7038 4507 9415 4531
0 824 3230 1414
8772 4884 10000 6051
6201 1131 6725 3754
5614 5160 5972 5702
2993 1414 2999 3316
5892 5702 6691 6328
3355 5655 3668 7297
3320 4288 3829 5655
7400 2888 9039 3773
8921 1250 10000 1595
8438 35 8921 1506
290 2372 2494 2626
6780 9720 9820 10000
4145 7896 5307 8254
7782 6503 8626 9550
7112 621 7113 1131
3895 8304 5148 8508
3829 3596 4589 3789
8342 3773 9034 4367
4145 7402 5301 7896
7782 4986 8772 6503
8739 8076 8966 8103
3322 119 3823 1410
1398 3446 2319 7493
1292 2721 2409 3094
3829 6484 5308 7402
6414 7245 7495 9289
110 1414 219 7128
9039 1595 9623 4316
8772 6051 10000 6503
3829 5251 5308 6484
5308 5702 5892 8508
5308 459 5614 5702
2319 9174 6414 9289
9787 3183 9986 4884
812 3446 1397 9323
7591 4884 8241 4986
2999 1414 3320 9174
5972 4986 6691 5702
5298 8508 5892 9174
110 9588 4832 9915
8921 84 9837 1250
978 119 1048 788
3829 3843 4646 5251
8673 6503 9922 7245
552 9326 4832 9588
7535 1831 9039 2888
9129 8222 9763 8472
0 0 3008 117
3320 2527 3829 4288
3320 7402 4085 8256
5972 3773 6724 4173
1397 7494 2301 9302
0 9915 4442 9997
5614 459 5972 5160
9820 7753 9986 9982
2319 9289 5884 9326
2352 5917 2999 8769
4115 8508 5298 9174
498 2626 1251 3082
5263 459 5308 4871
749 4238 811 4676
290 3094 2518 3446
3829 3013 4539 3505
7099 4986 7565 6328
4832 9326 6780 10000
1048 119 3139 781
3829 459 4646 3013
2518 2300 2993 3446
7113 0 7400 3773
