4354 7517 8230 8487
9316 2621 9736 3450
0 773 321 1644
2058 896 3856 3267
4540 3096 5788 7517
2260 6461 2461 7145
8569 7668 9074 8425
5788 2620 6253 6172
7729 4269 7831 6086
1497 3267 3856 5526
1865 896 2058 2017
5583 65 6260 2620
8569 3912 9146 7668
5788 6763 7742 7492
2629 5526 3761 8334
7419 1661 7493 5219
6675 9354 9812 9788
1497 5698 2116 6202
9839 3912 9976 9771
4354 3096 4540 7517
4354 2624 5720 3096
9146 3912 9283 8715
8569 0 9316 3910
865 2701 932 6095
7831 65 8229 7517
3869 8929 9839 9354
1223 3214 1497 7143
6675 9813 9648 9993
5788 6198 6545 6763
9316 0 9510 2228
845 7145 2483 9528
2629 8629 3869 10000
345 2695 845 8648
8230 65 8569 8929
1538 65 2284 750
7502 65 7831 4269
4354 8487 5006 8929
4099 9354 6573 9960
7502 4560 7695 6735
6545 1453 7419 6763
2483 7119 2624 8762
845 9528 1375 10000
8229 2203 8230 7517
2267 5526 2617 6351
1497 0 8569 65
6260 1453 6545 6198
3869 2620 4354 8929
1375 9528 2629 10000
3865 4184 3869 7245
9519 0 9993 2583
9366 4474 9779 7843
4990 65 5583 2620
6260 65 7502 1453
5006 8487 7026 8929
3869 65 4990 2620
7955 8499 8166 8929
2284 65 3815 862
