5230 7978 7757 8217
507 8323 765 8671
5230 244 7791 893
4806 8217 5446 9252
4805 1020 5230 8217
8913 0 9351 1154
3029 3381 3535 3412
782 1574 1196 4679
9774 4852 9794 8705
2123 8329 4381 8693
1986 8323 2437 8324
73 7048 218 7536
0 8693 4385 9250
7309 2892 7823 2945
275 4679 2324 6563
5158 0 8173 244
6016 2945 8173 3039
6543 4728 9738 4844
4805 244 5227 1019
8556 8774 8969 9618
2479 4507 3029 8323
7757 6176 9042 8217
0 9250 3791 10000
5230 4728 6168 7976
390 544 666 1577
6543 5013 8785 6176
2415 244 3109 1288
275 1577 782 3968
3537 3559 3988 4644
782 244 2415 1288
5541 8913 5938 9086
2324 3037 3029 4507
8173 0 8913 2287
5230 4460 9843 4728
4805 9648 9711 10000
275 6563 2479 8323
1196 1574 2324 4679
6168 4728 6543 7348
6631 6176 7640 7326
8173 2287 9843 3731
781 8324 2123 8692
2324 2407 4805 3037
0 0 5158 244
3029 5581 4085 7926
3029 7926 4085 8323
2324 1288 4805 2407
6168 7357 7757 7978
4385 8324 4678 9997
3791 9250 4385 10000
3029 4644 4085 5581
275 4236 454 4345
782 1288 2280 1567
7456 8774 7786 9636
9351 0 10000 2287
4805 9420 6498 9547
6016 3731 8320 4460
4805 9647 7857 9648
6507 3039 8166 3699
9711 8774 9951 9835
8913 1154 9305 2058
255 1577 275 3136
8320 3731 9843 4460
3109 244 4805 1288
2324 4507 2474 6454
6555 8217 9042 8774
9042 6176 9774 8774
5308 895 6016 4179
5446 8217 6555 8913
4678 5043 4793 6716
4085 3037 4639 7673
7824 244 8129 2799
9843 2287 9980 6977
