3487 3872 5091 3918
6173 3759 6262 3877
0 7515 756 9632
2125 4531 2515 4858
6664 3753 7946 4496
2670 2990 4515 3450
0 7232 1711 7515
1388 4986 2177 5501
2177 5185 2658 5474
6173 4068 6598 4568
5098 1533 6434 3379
5566 7378 9264 7498
6434 1533 6672 3379
0 6655 4630 6756
4158 0 6213 339
5435 5787 5607 6871
6672 1533 7006 3379
1982 1764 2107 4699
0 5781 1003 6260
2107 3350 2670 4531
3686 3469 8127 3753
5030 7378 5566 8683
799 8175 1175 8641
6435 4568 6681 7141
8145 5527 8671 6583
2714 6176 4321 6655
6959 4568 7290 6354
1765 5501 2055 6260
756 8683 1328 9623
7006 1533 7083 3379
4630 7141 5030 8449
0 9632 1329 10000
3996 6756 4630 7725
2850 0 3853 708
2055 6417 2670 6605
3780 6756 3996 7725
3487 4782 4305 5580
4321 4568 4630 6655
3501 3918 5558 4521
1003 5501 1765 6260
949 0 1967 554
6681 4568 6949 6447
0 6756 2488 7232
8000 9056 8568 9185
7294 4568 8052 6536
1711 7232 3208 7577
3487 5580 4237 6121
490 554 638 1439
5607 5787 6037 7141
4158 339 6215 955
1428 2589 1967 3283
638 554 749 1447
7083 1605 7648 3379
6037 4568 6435 7141
0 4846 1003 5781
4694 4568 5435 7055
1728 750 1967 2002
8210 3753 8666 5470
0 1209 486 3765
9311 8527 9365 9824
2670 3753 2695 6324
8127 3119 9049 3753
3442 4503 3487 5873
5030 7153 9914 7378
2107 2032 3812 2200
7579 8025 7593 8548
8127 2114 10000 2487
5435 4568 6037 5787
1728 554 1967 750
1359 7515 1711 8683
486 3574 1003 4846
8127 3046 10000 3119
9364 3753 9828 6589
2124 2729 2578 3350
2755 4359 2937 6176
9601 2076 9902 2093
5674 8683 6173 9831
2670 3469 3672 3741
1329 8683 2276 9963
1003 3574 1428 4986
8871 5542 9338 6432
2772 8683 3923 10000
1967 0 2850 1764
2107 1764 2778 2024
756 7515 1359 8175
749 2589 1428 3574
2670 2214 4730 2989
3780 7725 4630 8121
8671 5542 8863 6520
3208 8121 4542 8442
1003 4986 1388 5501
1967 4895 1996 4986
4158 956 5060 2187
8393 956 9542 1474
7281 1007 7924 1508
5566 7500 6344 8683
2055 5501 2670 6417
9587 6589 9600 7106
8127 2487 10000 3046
2488 6756 3208 7232
4759 2214 5098 3348
8671 3753 9364 5542
1428 3283 1967 4986
9828 4193 9892 5736
5435 6871 5607 7141
6217 0 9956 267
7747 1533 8127 3469
9049 3119 9838 3560
486 0 949 554
5219 1508 8149 1533
3923 8683 5674 9921
6344 7500 8000 8025
1711 7577 3156 7810
0 3765 486 4846
8127 1533 9601 2114
2937 3860 3442 6176
6217 269 9798 929
749 2002 1967 2589
2714 3753 6173 3860
3297 8449 4064 8680
2055 6605 2298 6651
5098 3379 7747 3469
0 0 486 1209
1711 7812 3181 8444
749 554 1728 2002
486 1447 749 3574
0 6260 2055 6655
3208 6756 3780 8121
8651 7500 9277 9960
