0 9845 2414 9993
8449 0 8682 380
5306 9015 7268 9667
3170 8637 10000 9015
1142 4587 1411 8024
3170 9015 4890 10000
64 3781 8462 4005
4740 7205 5889 7648
0 0 1210 2345
64 4005 6160 4085
6986 6212 8083 6326
5123 4627 5732 6211
3503 4962 4740 5287
8267 1910 8462 2934
64 4345 289 9845
9268 6879 9658 8637
2972 445 4318 2345
2020 1407 2972 2345
6160 4825 6346 5536
9595 0 10000 3339
1768 4627 3170 6031
1294 2861 3992 3442
5306 9667 8806 10000
8234 6555 8785 6637
1210 1407 2020 2345
8159 6879 9267 7660
8803 1368 9158 6167
64 3767 7397 3781
4740 6879 5759 7199
64 3519 4318 3767
8806 9015 9141 9935
9173 0 9595 6555
289 4530 990 4587
654 4587 1142 9845
4934 6221 5470 6491
0 3519 64 9845
1210 0 2972 382
1142 8028 1409 9825
7621 1368 8803 1698
9147 9015 9996 10000
2585 6751 3140 8538
1210 382 2972 1407
5816 1910 6723 3094
7621 1723 8276 1854
1768 6303 2709 6312
9596 3339 9658 5943
2972 0 8449 445
1411 4345 5597 4586
5636 3136 6995 3655
7475 4005 8099 5479
4318 445 5097 3136
4943 9184 5306 9379
7474 3274 8232 3761
7262 3136 7455 3649
5097 1368 7621 1910
8794 6555 9630 6879
6729 445 9173 1368
5097 445 6729 1368
4740 7660 9268 8637
8462 1910 8705 6377
4740 4627 5123 6211
5955 6879 8159 7660
8708 1703 8803 5549
7268 9015 8806 9667
0 2345 1294 3519
5737 4627 6051 6428
1411 6751 2488 9843
289 4587 654 9845
1411 4627 1767 6615
3170 5287 4630 6910
9658 3339 10000 8637
64 4085 6066 4340
1294 2345 4318 2861
