4831 3929 5498 4168
1369 8653 9060 8828
2279 4841 2937 5452
2994 4168 3274 5809
7115 9721 10000 9852
3274 4168 8221 4359
1662 2822 2780 4841
3443 6192 4891 6952
4311 2852 5429 3520
7115 9357 9733 9721
3911 9005 4867 9124
3853 8828 6648 9005
9355 4507 9541 4856
1662 1557 2600 2821
3922 9191 5482 9610
2780 2822 2994 4841
5522 1657 9343 2208
4100 4359 4397 5197
1662 5492 2654 6023
6857 6292 7747 6952
0 8653 853 9641
3922 9610 7115 9852
3705 7426 8188 7820
8220 2284 8353 2958
2902 8831 3852 9191
5146 5878 5722 6339
4376 1770 5167 2816
3276 2361 3851 2822
9355 1657 9598 4488
1662 4841 2261 5331
6648 8828 9060 9005
7139 3520 8150 3979
1662 428 8377 451
853 8653 1369 9641
9060 4959 9338 5040
4686 7876 6463 8084
1235 428 1662 8448
4891 5206 6857 5878
7139 3987 7933 4097
417 2313 701 5416
2902 9191 3922 9852
9780 1636 9981 8547
8195 6575 8780 7838
375 6677 1235 8652
5522 894 10000 1218
8846 2208 9057 7788
0 6677 375 8652
3705 7393 7958 7426
8377 0 10000 750
5722 5878 6857 6952
3432 0 6086 356
2950 6278 2954 6717
1235 8448 7226 8614
2551 1406 5522 1557
3705 8108 5984 8179
2994 6952 8195 7296
9733 6641 9762 7891
6334 13 8109 428
3274 4359 3442 6632
9060 5040 9563 7387
5516 9357 7115 9610
9060 7563 9397 7711
3443 4359 4087 6185
1662 6023 2950 7296
2902 9852 10000 10000
1996 7296 3705 8448
5522 1218 10000 1636
8221 3520 8846 6270
2164 8828 2902 10000
5522 2208 5897 3457
5482 9005 9598 9357
8195 6271 8804 6567
9598 2487 9691 4056
0 2313 417 6677
1662 750 4276 1300
9733 8914 10000 9721
4431 4359 8221 5206
1662 7296 1996 8447
1369 8828 2164 9641
4100 5206 4850 5913
0 755 1074 2313
383 8652 7065 8653
0 9641 2164 10000
1662 451 8377 750
5609 8193 6951 8398
5522 750 10000 894
3705 7296 7757 7381
6463 7876 8806 8095
8176 5206 8219 5703
754 4647 1209 6677
6857 5206 8167 6271
5522 1636 9627 1650
754 2313 1235 4482
