1398 3503 2659 3754
709 5690 4059 5800
5536 2621 5729 3005
7311 8348 7769 8872
9533 7519 9752 8742
8647 3743 9942 5125
1260 2435 1398 4478
799 6747 2424 7408
1241 313 2694 1202
5537 0 10000 602
1398 2968 3643 3072
605 201 709 6747
3696 1955 5490 2344
709 5800 958 6747
3974 9029 5183 9127
1189 8071 3702 8608
592 9505 3531 9953
1758 4727 2179 5312
1003 7448 6395 8071
3183 3754 3234 5013
592 7722 799 8679
0 7722 592 10000
5865 3392 6360 5956
8323 6497 9135 7519
4418 8071 6721 8679
592 9021 1442 9505
592 8804 6721 9021
1398 3754 3183 4727
1241 1202 6430 1310
3466 5872 4376 6709
6821 1433 6874 9438
8507 1202 9704 2826
1398 3072 3696 3402
1610 1340 3424 2920
6874 9384 7509 9427
6874 6771 7223 9384
8574 3834 8647 5372
6874 3743 7000 5353
7992 1417 8303 1712
6721 3977 6821 9021
6874 2369 8141 3743
799 7448 1003 8679
3696 3037 5530 3402
7256 5477 7920 8312
3974 9127 6821 10000
7008 5419 9472 5477
6821 9438 10000 9708
5537 602 10000 934
8892 7519 9533 9438
4107 8071 4418 8581
6395 6732 6721 8071
6821 9708 10000 10000
2694 934 6645 1202
0 0 394 6747
592 8679 6721 8804
1442 9477 3746 9502
7769 8348 8194 9438
3735 3766 4725 5648
4744 3402 4755 3935
8194 7519 8892 9438
9704 3240 9969 3246
394 0 605 6747
8141 2369 8507 2826
4901 3889 5809 5870
958 5800 2426 6747
2426 5800 3466 7295
4755 3889 4901 7096
1009 277 1836 313
4755 3402 5835 3884
3696 2516 5535 3037
856 2163 1241 4946
1398 1340 1605 2864
7920 7519 8194 8348
2631 7295 3378 7418
3466 6709 3676 7091
7008 3743 8559 5419
1442 9021 3974 9477
9135 5477 10000 7519
6484 3977 6631 5923
0 7666 580 7722
8141 2826 9704 3743
3688 6709 4605 7084
3696 1349 6047 1433
709 329 1113 1290
3696 1433 6484 1955
4901 5956 6484 6732
7920 5477 9135 6497
7961 6497 8323 7459
5140 201 5537 934
4901 6732 6395 7096
6874 1433 7992 2369
605 0 5537 201
1003 8071 1141 8616
6484 1433 6821 3977
3466 7096 6395 7448
2694 201 5140 934
6645 934 10000 1202
