6387 2747 8366 3000
2568 6307 3873 7251
2009 7709 2254 9464
4111 2080 6387 2212
4723 67 7062 766
6138 6613 6339 7925
1097 4986 1277 5257
905 2464 1063 2852
7561 4027 8423 4873
2568 5171 3972 6307
905 496 2186 1259
8676 4027 9381 5587
4833 8433 5158 9275
9552 3263 9997 6237
1101 7709 2002 9505
1506 1498 2186 3161
4067 179 4706 734
0 10 6505 67
1215 6492 1997 7251
1 67 210 5809
1097 2634 1300 4950
8395 8679 9552 9572
1997 6102 2568 7251
4584 3000 5418 5759
7419 9572 9045 10000
6751 8552 8098 9276
1101 9534 4169 9730
3469 177 4067 3000
5947 3000 6516 3731
9045 9572 10000 10000
923 1498 1495 2282
3873 6307 8610 6613
0 7251 191 9730
4225 5861 4566 6307
191 7269 2147 7709
210 4265 1097 5257
5485 4092 7551 4758
0 9730 4612 9971
2254 8026 2525 9534
8610 4027 8676 8016
4833 9276 7419 9473
4067 2240 5184 2678
0 6492 1215 7251
7419 9276 8395 9572
9384 3907 9538 5536
2525 8026 4169 9534
3469 3000 3972 5171
210 5257 568 5831
6171 4823 6264 5177
4833 8026 8395 8433
3972 3000 4203 4667
6024 800 7312 903
3873 6613 6138 7251
457 177 2186 496
6396 2080 8527 2135
191 7709 1101 9730
1342 2441 1506 5053
4067 1743 10000 2080
7827 919 9710 1394
4067 919 7226 1441
8395 8026 9552 8679
1506 4362 1986 6413
2254 7251 6138 8026
2429 9971 3088 9980
210 3862 1097 4265
1506 3161 2691 4362
5158 8433 6751 9276
210 67 457 3862
6372 6787 8263 7670
4621 8183 4833 8661
4438 3000 4584 4523
769 1410 905 1981
457 496 899 1208
4782 5759 8600 6293
2691 3998 3463 4358
8592 2212 9552 3907
1997 5171 2568 6102
0 5831 568 6492
905 1259 2186 1498
457 2313 872 3839
568 5257 1506 6492
8676 5589 9434 7264
7305 1560 7738 1743
4067 1441 7305 1743
6150 9473 7419 9971
8416 3000 8592 3905
7140 0 8319 800
2691 3161 3469 3998
4612 9473 6150 9971
2135 4362 3212 5041
8319 0 10000 919
457 67 4067 177
4169 8026 4581 9576
9552 6237 10000 9572
5418 3907 8473 4019
2186 177 3387 3045
5418 5182 8080 5726
