6288 9646 8869 9793
1366 5490 2499 6245
6210 7595 6423 7907
7258 2724 7648 3832
739 4279 4569 4398
6708 6749 6905 8185
5924 510 7771 1218
4569 4279 8320 4561
322 4860 598 5673
2673 8398 4269 8872
1575 7607 4236 7858
5888 2186 8249 2422
368 7980 1271 8386
1792 5164 2557 5483
2595 3621 7258 3793
1389 9486 1802 10000
502 8386 1030 10000
4719 7221 5708 7457
2224 6797 3653 7019
3749 7980 4269 8398
9301 9065 9424 9391
2857 4398 3158 4459
2833 6 4031 764
6905 9143 7746 9646
1792 4663 2305 5149
9011 5971 9473 6299
6423 6896 6637 7626
739 3832 3809 4279
7298 4817 7741 6019
9970 0 10000 6247
3931 6761 4495 6978
4875 6019 8545 6286
5204 1238 5886 2428
7179 7571 7380 8912
9366 1783 9462 1896
1389 9189 2673 9486
5924 404 7582 510
4269 7980 5292 8185
5888 1238 6089 1654
2025 108 2147 1512
1317 4663 1736 5421
8869 6405 8972 9065
8663 6405 8869 9646
5292 7980 5389 8147
225 385 500 3336
1317 6274 2944 6322
4269 8185 5606 9382
2833 764 4194 1373
6905 6749 7120 8938
8320 2428 8449 4663
1268 513 2025 1512
1851 1512 2147 1953
25 385 225 3073
6250 4817 7298 5456
2559 4828 2715 6235
7380 7571 8647 7787
5606 8185 5735 9382
9615 6 9899 4019
911 4860 1317 5137
8449 4019 9774 4137
3464 1953 4216 2428
6090 5456 7294 6013
2224 7089 3573 7595
9512 4137 9774 6324
7123 6 7588 385
25 6 1268 385
8147 2534 8320 4279
9774 4568 9883 5377
4719 6749 6073 6865
2715 5839 4591 6265
7786 6628 8135 6807
4867 1238 5192 1825
2715 4817 4789 4832
500 385 1268 1681
4058 8872 4269 9352
739 3336 2595 3793
1271 7980 3104 8386
500 2534 7103 2724
2673 8872 3250 10000
4194 764 4822 1093
4031 401 4867 764
1278 8386 3635 8398
6077 7980 6708 8181
3166 6405 7120 6749
7270 1238 7304 2100
0 8386 502 10000
1317 4593 7197 4663
7847 7787 8544 9159
1291 8844 1389 9239
0 3073 225 8386
6530 362 6951 401
3250 9793 5875 10000
1631 1512 1851 1669
4875 5456 6090 6019
225 7595 1568 7857
7746 7787 7824 9571
1030 8387 1278 9680
9494 4390 9512 5735
870 6324 2303 6749
500 2724 1474 3336
4170 3145 7236 3621
4031 41 4440 381
1851 1953 3464 2428
5888 1736 7216 2138
3250 8872 3872 9793
4466 4832 4648 5776
8449 4137 9512 4390
8681 1595 9354 2848
5735 8185 6288 9793
4216 1659 4829 1772
225 7980 356 8316
6993 8938 7212 9065
2676 108 2833 872
8647 6405 8663 9646
0 6 25 2857
4648 4832 4875 6324
5875 9793 10000 10000
2147 909 2558 1953
3809 3832 6819 4279
225 7858 6210 7980
2558 4718 3961 4817
2318 3793 7258 3832
8449 5731 8995 6016
1802 9486 2673 10000
9302 9435 9388 9750
6819 3832 8147 4279
5610 4817 6250 5456
2715 4832 4199 5643
9524 6 9615 2737
225 3336 739 4398
225 7019 1471 7574
7741 4817 8180 6019
4797 9382 5704 9669
3872 8886 4056 9373
500 1681 1851 2428
627 6119 870 6690
2303 6405 3166 6749
7103 2534 7648 2724
7771 401 8389 1216
1268 6 2025 513
7120 6405 8553 6627
3104 7980 3746 8375
870 4561 7682 4589
9899 0 9948 3463
8180 4663 8449 6019
8489 1006 9271 1565
9483 6405 10000 8821
4867 401 5924 1218
973 3793 2318 3826
2303 6324 9740 6405
1474 2724 4170 2902
2025 49 2240 108
500 2428 8320 2534
870 6922 1767 7019
6288 8185 6905 9646
4170 2724 5843 2983
7120 6958 8647 7571
2595 2902 3872 3417
8673 5712 9491 5731
4875 4823 5580 5456
0 0 9894 6
8135 6700 8626 6958
7648 2659 7769 2800
7380 7787 7746 9143
8972 6405 9483 9065
1474 2902 2595 3336
3872 9382 4797 9793
4867 1218 6684 1232
1030 9680 1389 10000
2833 1373 4216 1953
7648 2800 8131 3632
9483 8821 9967 9757
1389 8398 2673 9189
