5110 9372 7809 9406
2758 7417 6110 8058
3661 3657 5807 4264
9033 1360 9423 2972
2846 0 3353 5609
1780 5640 3188 6093
7245 2918 8483 4114
56 4003 284 9557
0 0 2846 1220
5110 8884 9255 9372
3353 4414 8946 4791
284 6145 4400 7367
6968 1360 7936 1791
3353 1360 6968 1791
7572 5635 7779 6714
0 1220 1906 3181
8448 4791 8729 5298
8946 4414 9499 4778
1766 7417 2682 8016
3353 1027 9423 1360
3353 1791 7245 2767
407 5662 1562 6134
9304 7501 9498 8093
1780 4139 2846 5640
7245 1791 8606 2918
407 4495 1780 5662
2846 5609 6212 5631
8744 1634 9033 1877
4400 6145 6481 6435
8946 5137 9445 5576
284 9147 3448 9663
1757 4448 1780 4495
9423 415 9968 2504
8606 2972 10000 4414
6916 5640 7568 8093
4400 6448 6184 7367
5417 1 6072 415
7936 1360 8606 1791
1766 8093 3448 9147
4580 2767 6039 3591
9935 6570 9978 8061
3353 2767 4575 3628
407 3181 2846 4139
3461 7367 4790 7415
3448 8093 4885 10000
393 9663 1174 9949
9255 8884 10000 10000
6184 6519 6911 6890
4975 4791 8399 5606
5110 8093 9935 8884
3194 5640 6916 6145
4885 8093 5110 9993
1906 1220 2846 3181
5417 415 7534 950
284 3181 407 6145
3353 334 5176 1027
284 7367 1766 9147
3353 4791 4966 5534
9500 4414 9872 7938
