3941 5578 8652 5768
7541 5223 8145 5578
4324 1948 6142 2988
2598 4004 2652 7075
5996 7482 7854 7983
0 5629 357 9895
7481 8274 7499 8881
2369 9739 4180 9750
3212 4259 3670 4571
6261 1490 6293 3656
0 9895 6143 9906
761 2994 1439 4477
2044 9303 2506 9553
0 2994 761 4477
2590 213 6107 222
359 5629 1016 6257
2031 5629 2372 8778
4324 996 5613 1948
3701 5776 4174 7910
3941 3915 5478 4327
9688 5641 9901 6181
2759 8004 4100 8213
1329 222 7852 289
2031 9009 2482 9303
5378 8945 6142 9214
1556 1737 1613 3104
0 4477 370 5629
736 222 1085 1073
3946 2667 4324 2988
2000 5629 2031 9739
0 68 262 2994
1439 1737 1556 4477
1324 5629 1572 9856
7852 68 8339 1732
8009 6942 8317 9920
0 0 10000 68
2662 7910 3954 8003
370 4990 1650 5629
2372 2667 3946 2988
8339 1057 9688 1732
8634 2536 9100 3460
8283 4343 8411 5104
8404 1987 8634 2634
4544 4327 5383 5007
8684 7352 9172 9570
6357 6368 7854 7297
2372 1691 4324 2667
4899 3872 5914 3915
6698 1732 6928 5038
4297 5410 6316 5556
4897 5924 5948 7482
8317 6942 8652 10000
7854 6368 7975 8061
357 9527 1036 9787
2372 2988 2598 8778
357 9856 3518 9885
6293 2121 6675 2463
2383 1078 4064 1375
6142 501 6261 3666
6928 1732 7404 5410
1650 2431 2151 5629
2793 3357 2950 4004
8652 7022 9922 7352
1650 401 6434 500
9220 1987 9672 6195
8339 394 10000 1057
7404 1732 7639 2823
3830 3666 6698 3821
2674 8004 2759 8207
8245 5768 8652 5969
6293 1490 7852 1732
4223 7983 7854 8274
2031 9715 6040 9739
3433 2988 3830 3324
4223 7482 5996 7983
4015 4327 4297 5568
5478 3915 6183 5001
3701 3821 3941 5768
3701 5768 5948 5776
8652 6198 9922 7022
5948 6368 6319 7145
1016 5890 1318 6208
357 6522 723 8542
3519 4808 3701 6169
7975 6368 8652 6942
7404 3574 7550 4668
3830 3038 5320 3529
262 2476 1439 2994
5964 8274 6687 8753
476 1737 907 2476
2506 9282 5097 9534
3000 2988 3212 7910
7606 3740 8421 4305
5948 5969 8652 6368
5948 5768 8245 5969
6827 8274 7474 9594
723 6522 1324 8677
907 1737 1437 2462
1085 222 1329 1073
4324 501 5613 996
2383 501 4324 1078
7639 1732 9688 1987
2880 4004 3000 6711
8652 5578 9203 6190
2031 9566 6535 9704
1329 289 7852 401
6261 524 7851 1490
4064 1078 4324 1691
4174 5924 4223 8248
262 679 736 1737
6949 407 7653 501
736 1073 1329 1737
1650 501 2383 1375
357 9392 1216 9467
9172 7776 9922 8503
4223 5924 4897 7482
4174 5776 5874 5920
4297 5066 5100 5372
4199 8274 5094 8603
262 1737 476 2476
8634 1987 9220 2534
1329 401 1650 1737
8421 3574 9109 5578
7404 2823 7639 3574
370 4477 1650 4990
2151 1691 2372 5629
4297 4327 4544 5066
2151 1375 4064 1691
1650 1375 2151 2431
2031 8778 5964 8945
1016 6208 1324 6522
9172 7352 9922 7776
9172 8503 9922 10000
8339 68 10000 394
1572 5629 2000 9856
7572 4343 8203 5128
9922 1057 10000 10000
5613 501 6142 1948
7639 1987 8090 3570
9109 3574 9220 5323
262 222 736 679
9688 2317 9895 5641
