8694 7066 9920 7234
4293 7961 4468 8786
1009 2230 1540 3877
8694 7234 9633 7439
4590 8546 5777 8787
1765 8386 2947 8688
4375 9611 5259 9760
9342 2567 9920 2983
390 8386 1726 8659
5994 5258 6915 6499
5298 6598 6211 6816
1770 9486 4200 9770
9342 0 9610 946
7745 1625 8820 2628
8564 4038 9586 4390
216 5122 9586 5172
7355 3877 7496 4770
216 5184 2451 5191
8564 4390 9586 4910
8326 5359 9521 5975
1665 3028 2383 3258
2383 1692 3166 2449
2021 1692 2383 3028
7437 1625 7740 2569
6058 2045 6302 2576
5892 438 5979 1692
6211 7439 9496 7671
6058 2740 6366 3047
6397 1100 6940 2443
3729 1696 5304 1811
5181 4384 6267 4615
1472 7152 1901 7163
9121 8412 9633 9245
6131 9017 7153 9232
6397 2992 9886 3255
2408 2449 2717 2840
5181 3258 6016 4384
3462 3877 4618 4100
0 505 1381 883
4005 4754 6636 5121
7665 4189 8335 4900
2007 1277 3896 1292
5585 288 5892 1170
9088 74 9314 403
216 5172 5452 5182
2560 3258 4135 3587
4713 8229 5777 8544
3166 1692 3729 2449
8915 438 9306 1340
7657 0 9088 438
2366 4100 4618 4269
2516 1353 3273 1691
7643 3880 9537 4038
244 5931 390 8262
3689 6607 3799 9285
150 5122 216 9962
390 5931 917 8386
2285 4754 3991 5113
917 7568 1918 8356
4293 7692 5454 7958
5212 288 5558 1441
1665 2620 2021 3025
216 9404 889 9466
5519 9610 9136 9662
6397 2646 9243 2991
8694 5988 9493 6263
0 1038 3467 1075
3705 2449 4757 3028
5427 1692 6050 2984
917 7340 1437 7550
2007 288 2390 441
604 5044 1261 5122
7736 5172 9305 5336
9633 7234 9920 9783
6267 3877 6938 4697
9121 7671 9496 8412
6915 5258 7484 6476
3273 1353 5212 1692
1261 4754 2285 5122
1094 4100 2366 4699
3729 1811 4456 2429
5979 438 6058 1692
3871 6598 4234 7481
8326 5975 8694 7439
150 1094 2883 1222
3931 459 4980 550
1540 1692 1665 3877
7014 1377 9130 1430
6267 3705 9586 3877
4446 8815 5495 8830
2383 3028 6058 3258
5077 6499 7488 6598
5298 6816 6211 7671
5259 8830 6131 9610
1407 9285 3501 9470
216 9783 10000 9962
150 1222 1288 1656
6131 8787 7837 8932
5793 7961 8001 8111
2953 6779 3465 8415
774 1692 1009 3877
5077 5186 7435 5258
4618 3258 5181 4699
216 5362 2953 5583
5892 288 7657 438
5580 7671 7647 7961
2366 4269 4297 4699
7437 1462 8722 1599
8001 7961 8310 9017
4759 5362 5077 6578
9665 378 9842 1425
1094 3877 3462 4100
9586 3258 9920 5359
6016 3705 6247 4227
4297 4269 4618 4699
7643 4044 8160 4189
262 1904 604 4791
3799 7671 4293 9486
2163 9962 10000 10000
604 3877 1094 4699
8049 438 8915 1377
5793 8111 7318 8682
4161 5362 4647 6219
7647 7671 8308 7961
9920 8118 9999 9756
224 5583 2047 5623
8822 1444 9211 2507
351 0 558 253
1681 2183 2021 2620
7736 5359 8326 7439
5212 1449 5348 1683
1665 3587 4618 3877
604 1692 774 3877
604 4699 7000 4754
1261 6282 1470 7005
8376 4910 9586 5122
7361 6598 7455 7357
9342 1425 9905 2526
5250 5309 5994 6242
7014 1756 7337 2646
6211 6598 7359 7434
4413 7671 5580 7690
2601 5182 5077 5362
4757 2449 5418 2999
4492 7961 5793 8211
1472 6165 2455 6425
0 1075 150 10000
8310 7671 9121 9245
150 9962 1902 10000
3931 550 5212 1353
4135 3258 4618 3587
4482 8830 5139 9569
5181 4615 5567 4664
7266 438 8049 1377
8694 6744 9521 7066
8337 4038 8564 4836
6016 3258 9586 3705
917 5931 1247 7286
216 5191 2601 5362
6058 438 6990 1098
8694 6263 9521 6744
2390 288 2991 904
7068 438 7266 1281
4468 8222 4587 8770
7488 5182 7736 7439
9791 5359 9920 7066
390 8688 3440 9267
2027 6425 2888 8314
2717 2449 3705 3028
6719 9245 9633 9605
558 0 7657 288
9521 5359 9791 7066
216 9486 1706 9757
9136 9610 9615 9780
7512 8111 8001 8697
4465 1811 5356 2432
1009 1936 1478 2230
7000 4910 8376 5122
3834 912 3931 1197
9920 1425 10000 8118
9496 7439 9633 8412
1665 3258 2560 3587
1166 4845 1235 5044
6735 4754 7000 5121
4234 6598 5298 7671
