4943 12 6411 384
1912 4636 2440 6524
7813 788 8716 1454
420 1106 876 1610
2847 8137 3371 9283
7023 7963 7535 9627
3662 884 4921 1684
1439 9377 2838 9527
2032 2994 3839 3783
4020 8047 5115 9939
1245 8281 1581 8973
9031 3403 9739 3767
5541 3797 6379 4916
3803 2561 4468 2901
1737 4142 4468 4636
0 9308 1402 9854
1517 6781 1815 7877
6212 6781 7744 7501
6837 9716 10000 10000
420 239 863 859
6896 1168 7813 2604
1826 123 3312 1761
902 8137 946 8682
907 3096 1592 5147
7813 1454 9831 1927
6557 3403 9031 3797
5116 9627 6837 9939
907 1761 1732 3040
1978 2014 2252 2112
3405 8293 3823 9366
0 4063 109 8137
8702 2939 9705 3403
3858 8047 4020 9563
797 6781 1513 7818
0 9939 6837 10000
1571 5737 1737 6128
5629 8628 7023 9627
5541 4916 6059 6781
2980 2277 3801 2722
6010 1168 6557 1586
0 8973 2131 9145
5629 6800 6209 8628
1737 4636 1902 6549
7045 788 7678 1095
3397 109 4753 788
5115 6784 5116 9915
6523 6279 7134 6681
3801 2296 4097 2561
6010 1586 6557 3797
4891 3972 5510 5788
7773 5854 9657 6279
2252 1761 4835 2277
9831 1454 9995 3382
5541 1168 6010 3797
7773 4916 9657 5854
2464 4726 3140 6677
3401 788 3662 1348
6379 3797 8705 4443
109 4063 812 6758
6212 7963 7017 8628
2328 2907 2614 2994
4943 772 6856 1168
4151 2904 4374 3983
8297 8232 9328 8367
4468 2277 4835 6781
420 1625 899 4063
8047 8391 9381 8570
8434 8570 9637 9621
1815 6781 2397 7737
4906 1761 4943 3122
1119 5147 1471 6556
2436 6815 2565 7256
8716 788 10000 1454
5130 7042 5629 9604
7813 1927 9831 2604
907 0 1777 1753
4943 384 6856 772
109 8047 2498 8119
6557 2924 8702 3403
8702 2604 9831 2711
7784 6279 9066 7281
7535 8570 8434 9627
109 7887 5115 8047
4943 1168 5541 3972
3147 4636 4468 6781
8702 2711 9792 2934
6557 2604 8702 2924
8705 3797 9999 4425
4835 5853 5411 6130
6379 4443 10000 4916
6557 1168 6896 2604
1439 9528 3772 9939
6212 7550 9570 7963
9657 4916 10000 9627
0 0 419 4054
2565 6781 5115 7887
6837 9648 9388 9716
2510 4636 3147 4677
6856 0 10000 788
1737 3833 4117 4142
6059 4916 7773 6279
