43 7898 76 8631
6200 6179 6676 6541
912 7294 4922 7465
6371 6605 9426 7016
31 188 2244 580
916 7928 1289 8542
2244 212 7505 235
9623 4489 9749 8852
170 6942 1004 7173
8701 266 9887 527
4673 8151 5425 8433
170 1970 614 4594
735 580 870 6529
986 1858 2122 2190
6212 536 7600 1017
4954 4578 6153 6100
4366 9034 4787 9901
7856 3593 8298 4578
170 7173 2869 7294
2869 2634 3210 6605
3656 6373 6153 6605
4031 235 4289 938
1528 2573 3944 2634
6676 4578 7390 4998
6991 1031 7215 2278
3680 7027 9623 7252
170 4594 735 5863
6212 273 7296 388
5425 8812 9249 8897
9249 7294 9597 8671
3210 4621 3656 6605
4954 3937 5615 4578
8298 188 8701 3329
3656 4621 4396 5806
1466 8433 4507 9033
1466 8151 4509 8431
7390 4578 7823 6605
4834 3593 5605 3936
8298 3703 8456 4353
4075 2539 4834 3937
6203 554 6212 2223
3087 9034 4366 9531
912 7555 4766 7882
8987 4953 9566 5931
856 8631 1296 10000
7662 902 7768 2543
4928 8441 5259 8890
912 7895 8210 7927
4843 9568 6382 9936
4834 2092 5359 3589
8155 5965 8908 6554
986 3677 1260 6529
4843 9365 9975 9556
5369 2376 6611 3592
4295 437 4313 1468
88 2508 149 7846
1296 9033 8140 9034
9750 4489 9906 7418
870 580 986 6529
6611 3015 7629 3591
149 580 170 7831
3087 9531 4366 9718
4342 2092 4577 2399
1502 4198 2674 6084
8298 3329 9915 3703
5425 8151 8710 8568
8298 4356 9804 4425
3185 235 3271 382
2869 7252 9623 7294
614 2598 733 3014
1296 7928 8478 8149
1302 8151 1466 9022
1342 9053 2091 9992
2122 971 2681 2190
5615 4087 7856 4578
4922 7737 9249 7895
1260 2736 1891 4167
4396 4621 4954 6373
2869 6605 6371 7027
5518 7294 6385 7499
0 8631 856 10000
8701 3253 9915 3329
9915 0 9975 5233
4342 235 5747 550
1528 2190 4342 2539
1004 6942 2869 7173
6385 7294 9249 7501
7850 5965 8155 6243
0 188 31 8631
3453 2634 4075 4621
4417 1365 4487 1828
4487 1478 5359 1770
479 0 2982 127
1260 4198 1491 6392
170 7294 912 8631
4922 7501 7571 7737
986 1017 2068 1858
6676 4998 7390 6605
170 6529 2869 6942
5369 1336 5907 2376
3243 2634 3453 4376
2681 971 4295 2190
8298 4950 8899 5278
7034 9556 10000 10000
7571 7501 8621 7729
2091 9950 7034 10000
170 580 735 1970
4954 6100 6153 6373
4928 8897 10000 9033
7814 322 8287 3593
2869 7027 3680 7252
1502 6184 2710 6529
7823 4578 8298 5965
6611 2376 7492 2978
986 3529 1239 3677
8701 527 9915 3253
2244 422 3857 527
4075 3937 4165 4599
5615 3593 7856 4087
4028 5806 4159 6268
2678 4674 2762 5291
986 2190 1528 2634
5411 554 5841 891
6153 4578 6369 5714
6392 4578 6529 5155
4199 3937 4900 4555
5425 8733 9038 8812
3146 7465 4863 7503
2091 9034 3087 9950
3087 9718 4326 9895
170 5863 735 6529
986 580 4031 971
4843 9051 9864 9365
4525 8441 4928 9022
2003 3326 2798 4065
2982 48 9643 188
8456 3703 9915 4356
