6999 6735 8165 9813
9481 0 9588 3254
2 1567 41 8736
2460 1922 3690 5436
3693 3096 5767 6458
2460 5438 2523 7620
8230 7385 8987 7890
5866 4245 6473 6868
7589 4245 8063 4636
500 2128 2381 4973
41 1841 2712 1922
4774 0 6955 704
8230 4245 9004 7047
6473 4245 6999 6868
2680 5438 3684 8604
6999 4626 7443 5219
3960 9025 6999 9473
1502 4973 1670 6830
9651 5102 9962 7683
3693 6458 5763 6862
3693 2738 5494 3096
9146 4245 9980 5034
6782 2648 9338 3771
845 4973 997 6469
6955 0 8003 2648
8230 7890 10000 9813
1223 4973 1497 8902
6999 9813 9972 9993
5767 3096 5866 6868
9338 0 9456 3663
1670 4973 2460 9538
2460 8762 3693 10000
139 4973 845 9189
8003 0 9338 2648
914 101 2284 474
6782 3771 9677 4245
3869 8487 6722 8588
3693 9480 6797 9963
7010 6010 7589 6735
3693 1567 6955 2648
2460 7709 2680 8762
852 7961 1012 9529
8229 4245 8230 9559
2523 5438 2656 7609
0 0 4697 101
5866 2648 6782 4245
3869 6868 6999 8487
845 9538 2223 9970
3714 7166 3869 7245
9677 0 9969 4193
9146 5102 9649 7868
4774 704 6955 1331
0 1331 6955 1567
4012 8605 6921 8912
2552 101 4774 1331
8165 6819 8208 8929
241 577 2552 1105
