7772 6657 8321 7382
2774 2643 3389 7558
0 1860 3199 2643
7429 843 8005 4328
5535 1467 6534 5301
3389 5236 4618 5264
9311 1231 9577 2504
1199 6758 2406 7511
0 5141 2481 6758
1199 9376 8770 10000
8321 8762 8890 9368
3389 5747 5535 7558
8005 0 9311 4328
5535 5301 7015 5649
1199 7558 6035 8285
6035 5657 7035 6657
6975 843 7370 3910
9311 0 10000 1231
6741 6657 7772 8285
0 6758 1199 10000
3199 31 4276 2643
6534 0 6956 4306
4918 8285 7772 9376
1199 8285 4918 9376
0 2643 1821 4074
8321 8113 8446 8762
6534 4328 7032 5292
2933 10 3927 31
2481 4074 2774 7558
7035 4328 8321 6657
9311 2605 10000 8113
6035 6657 6741 8285
4276 0 5132 2872
1821 2643 2774 4074
0 4074 2481 5141
2 0 2933 519
3389 3186 5183 4603
5535 0 6533 1447
7772 7382 8321 9376
3603 2716 3978 3186
8321 4328 9275 7935
0 1259 2933 1860
3389 5272 5091 5747
5535 5657 5951 6546
8446 8113 8793 8690
6975 33 7442 843
8941 8113 9990 9373
5183 0 5466 5723
8770 9376 10000 10000
9579 1231 9989 2561
2933 31 3199 1860
0 878 2823 1259
