6851 5243 7562 10000
38 1002 154 9190
9204 8372 10000 10000
7581 2305 8452 3759
2502 1386 2872 2445
496 9033 2669 9817
3163 2445 3744 4143
6023 5884 6623 6722
354 1002 3663 1386
0 509 3977 1002
2669 8210 3243 9334
7562 5243 8124 8035
1453 5480 3324 7066
3977 230 6344 1279
1453 5023 3231 5448
0 200 3823 509
0 0 9088 163
9204 3759 10000 8372
7581 1988 8964 2294
4669 3541 6349 5009
354 4158 3607 5013
2124 2445 3163 4157
573 3819 2124 4105
8452 2305 10000 2873
1453 7069 2643 8933
4673 8374 6023 8660
3444 6646 4327 9351
6018 5023 6343 5680
9066 163 9130 1346
536 5023 798 8843
1745 1386 2502 2445
8568 2873 9653 3745
460 2916 531 3819
7581 513 8974 1980
4673 8660 6851 9394
354 1386 1743 2438
3336 6041 3407 7739
4669 2445 6354 2796
3744 2445 4669 5017
7562 8035 9204 8922
6851 3759 8608 5243
2188 9818 2669 9943
4422 6646 4673 8953
6358 513 7581 3759
3663 1002 3971 1285
4672 2797 6358 3539
8124 6248 8895 8035
2669 7069 3309 7974
6358 3759 6851 5023
191 6596 496 9813
154 1002 333 2224
8124 5243 9204 6248
3444 5735 6023 6646
3444 5023 6013 5734
6358 163 9066 513
9653 2873 10000 3759
2872 1386 6358 2445
8513 8922 9204 10000
8895 7067 9199 7264
6023 6722 6851 8660
798 5023 1448 8975
9148 72 9957 2305
4673 6646 6023 8374
7562 8922 8513 10000
8608 3759 9204 5243
2669 9394 6851 10000
