903 7550 1264 8172
4258 576 5332 769
2953 3946 7686 4261
879 810 1552 845
1645 8816 5028 8817
2328 3309 7590 3488
6056 9243 6137 9686
879 341 3154 576
7078 4408 7779 4480
2429 2327 5250 2510
444 3032 6176 3157
3545 8217 6756 8599
472 345 856 1324
2193 4447 4177 5019
8390 1726 9086 2313
3007 7119 3545 7550
6756 8064 7866 8599
1264 8649 1645 9136
785 9031 1264 9882
5638 3488 6355 3553
391 8653 777 8711
8527 5201 8809 5757
7866 8037 8541 8598
3855 7119 5283 7231
9680 264 10000 3822
9560 3822 9993 6702
945 5125 8009 5201
6973 599 8076 753
2193 4395 3578 4447
947 6845 1434 7448
4204 9243 5598 9642
1948 4320 8009 4366
1682 9882 3367 9995
219 5141 945 5593
6722 2801 8146 3157
7755 9549 9229 9728
1336 2036 2161 2221
1264 9335 2543 9671
442 6845 903 7241
790 3157 2328 3488
9122 5201 9479 6243
1183 1997 3788 2036
2522 771 3970 1574
5283 7495 7866 7795
9145 3822 9560 5201
9886 7074 9989 9611
4005 9243 4204 9727
1948 4366 5903 4392
7774 3842 9068 4126
6176 2801 6722 3157
3585 8853 5512 9004
1645 9004 4231 9136
2429 2513 4212 2977
2901 6243 2961 6700
5872 5844 6435 6088
1959 157 4855 322
8083 1 8252 599
1645 8817 3585 9004
5622 2092 7197 2321
6306 4366 7078 5019
4053 972 4420 1955
209 3157 790 3752
3758 6934 4051 7051
945 5779 6707 5838
8146 2701 9237 3157
1224 5661 4004 5762
9673 7495 9873 8853
8085 6845 10000 7074
7866 7495 9225 8032
7078 4480 7809 5019
5283 7119 9886 7495
8893 4320 9145 5201
4266 2522 5241 3032
2776 9136 6802 9243
8286 5357 8439 6062
9229 7495 9673 9728
1434 7074 9886 7119
2429 2224 5622 2327
2328 3157 7153 3309
790 3488 2799 3822
6695 6243 9560 6747
116 4511 2193 5019
7825 4490 8009 5125
945 5838 5852 5921
879 576 4212 768
879 81 4855 157
1968 6088 6376 6243
6371 8649 8542 8817
8965 8817 9227 9216
6376 6088 7930 6243
7195 3157 9205 3295
7774 4126 9033 4284
3788 1677 4053 2036
116 3822 1785 4390
6756 7795 7866 8064
2844 1684 3174 1997
8809 5201 9122 6243
1264 8599 8542 8649
945 5949 5286 5996
1264 8338 3545 8599
4855 81 5388 322
4925 6934 8085 7074
4177 4392 5584 4979
777 8172 1264 9031
8009 4741 8303 5201
2909 5261 4994 5629
116 1605 444 3157
7669 1582 8146 1915
8542 8109 9161 8811
9426 1071 9429 2174
3058 8649 6371 8810
5283 7795 6756 8050
6482 5838 7666 6081
0 0 879 345
1481 5111 7686 5122
5388 81 6567 771
8130 4334 8893 4741
116 9031 785 9882
6802 8853 7755 9728
6567 81 6963 501
879 322 5388 341
6973 330 7712 546
4231 9004 4631 9134
5456 1262 5595 1794
2071 5276 2556 5418
5512 8853 6802 9136
1183 1402 2503 1677
1626 172 1959 322
1696 5261 2071 5418
7930 5201 8286 6243
4053 771 8146 972
9430 3569 9639 3786
8303 4741 8893 5201
5917 4366 6306 4884
7774 4287 8367 4305
3518 3829 7569 3846
1948 3846 2953 4320
2776 9728 9981 9881
3474 9243 3999 9705
2457 9142 2776 9334
9479 5201 9559 6212
6106 6243 6695 6747
7755 8853 8965 9549
1224 5437 2842 5661
6707 5251 7704 5827
5911 2741 8058 2801
879 845 1183 2985
1183 845 2520 1320
8257 1508 8390 2602
879 2985 3866 3020
5329 5769 6126 5779
879 0 8083 81
1264 9136 2318 9315
5622 972 7221 2080
5835 2384 7184 2703
1264 7550 1695 7682
1264 7962 2005 8338
3585 8817 8965 8853
6567 521 6894 642
116 6747 5772 6845
2799 3718 8241 3779
3924 8050 4169 8147
4169 8050 6756 8217
7590 3309 9680 3565
3545 7119 3855 8217
1434 6852 7896 6934
5772 6747 9560 6845
8146 599 9172 1508
4572 972 5451 1121
14 4223 116 6193
9237 2701 9680 3309
945 5201 1224 5779
9429 264 9655 2187
9188 264 9401 2075
3154 341 4348 552
1434 6934 3758 7074
4094 6934 4925 7066
2961 6243 6013 6696
558 1725 752 2200
2161 2036 4572 2202
8390 2313 9680 2701
2976 9243 3474 9680
945 6088 1713 6746
0 8776 49 9709
5271 2801 6157 2954
2350 7550 3543 8336
3855 7231 5283 8050
0 345 444 1605
1183 1677 2260 1978
4572 1121 5453 2202
8258 264 9010 598
187 4418 586 4511
8745 3569 9399 3702
9357 33 9551 264
1260 2224 2429 2960
1864 3822 1948 4216
2161 2202 4572 2224
1434 7119 3007 7550
945 5019 7809 5111
1224 5201 6707 5261
