4875 8300 5954 9254
6023 3652 7901 4233
608 2956 965 5707
4191 3244 5330 4543
7327 1722 9201 2873
3032 5427 4191 6763
0 4602 600 7419
968 3243 3067 3244
2906 995 3798 1776
7901 3652 9486 4833
2151 8940 2993 9358
6508 1722 7327 2821
4411 6609 5615 7594
5674 3336 6373 3624
8807 523 9448 1016
968 2956 4677 3239
8807 0 9927 512
7257 7407 8880 7993
3032 7612 5920 8291
4201 8300 4875 8940
3314 7079 4175 7612
6373 2873 9486 3652
5957 4833 9366 5300
5303 1722 6356 3047
0 8141 3032 8300
8085 5300 8872 7393
9366 8041 9979 9357
989 1662 1934 2349
6054 0 8476 1021
0 995 989 2956
0 0 478 995
2906 1791 3985 2891
9201 1722 9451 2698
9366 6311 9433 7482
2119 5751 3032 8141
608 5751 2004 7513
4875 9360 5350 10000
6177 4257 7862 4607
3834 995 3996 1714
5350 9360 10000 10000
4494 2024 4973 2730
989 2349 1934 2956
7150 8265 7248 9218
577 7612 2119 7768
1446 3917 2251 4600
0 2956 603 4505
989 995 1934 1662
9366 4833 9975 6201
968 3244 2485 3912
1788 4662 1830 5751
0 8940 2151 10000
6094 5304 7593 5369
4191 4590 4912 5674
5957 7407 7150 9360
2536 3917 3285 4479
8880 5300 9366 9360
6760 5369 7662 7407
7313 8322 8327 9360
3996 0 5303 2024
5303 0 6054 1021
2151 9358 3108 10000
0 7768 2115 8133
9486 523 9973 4634
1934 995 2906 2956
4920 4590 5653 5664
7662 5300 8080 7353
5957 5369 6760 7407
3032 4634 4016 5296
5654 4257 5957 6579
8476 0 8789 910
3108 8940 4875 10000
5303 1021 9486 1722
968 3917 1406 5615
0 8300 4201 8940
478 0 3996 995
4191 5677 5653 6605
