3401 9778 8222 9862
2297 5136 4474 5500
6275 7552 6423 8001
6181 2428 7423 2784
3028 4162 6784 4293
6717 6234 6904 7984
6217 986 9271 1443
4935 4293 7178 4832
447 4832 598 6318
1030 8631 3742 8954
1043 7608 1930 8361
5404 1736 6221 2418
283 6021 438 8386
1494 5202 2297 5500
4253 3621 9271 3830
487 9880 2294 10000
487 8631 1030 9880
3932 7411 5910 7529
1632 6922 2749 7206
3721 7960 4241 8382
9387 9065 9469 9554
3115 4293 3158 4720
3118 108 4096 1381
7554 9149 8222 9778
925 4886 1951 5129
8671 6298 9363 6517
6340 6750 6632 7285
114 3979 3028 4599
6250 5136 8448 5390
9970 0 9994 7809
3744 6922 3932 7573
5096 5982 8671 6234
5230 1443 7782 1736
6717 8091 8982 8210
9461 1670 9509 1896
1388 9417 2365 9778
5924 69 6105 1040
4493 7960 6141 8097
5487 1219 5889 1427
1846 764 2083 1533
656 5202 1494 5581
6717 7984 9292 8091
8793 6520 9292 7983
5126 8100 5293 8197
0 764 500 2417
1494 6234 1950 6405
4354 8395 10000 8631
2084 764 3118 1566
6904 6629 7243 7984
3028 4067 8462 4117
1273 764 1846 2687
2084 1601 2978 1770
0 2687 1009 3073
1951 4867 6977 5125
1950 6234 3231 6405
8580 6520 8774 7968
4437 8671 5735 8792
9534 1441 9967 4750
598 5136 2297 5202
8482 3979 9455 4148
2821 1804 3984 2127
2860 5882 8671 5982
1265 7312 3677 7595
7972 4772 9770 5134
6951 97 8088 252
254 108 3118 385
7972 4117 8438 4765
9774 4772 9883 5581
5559 6518 6236 6750
2860 5982 5096 6234
7313 6553 8135 6629
4529 1142 5230 1381
3400 4779 3987 4832
0 385 2806 764
4268 9102 6423 9149
1526 3305 3273 3795
2014 7608 3032 8339
0 2417 1273 2687
2294 9778 3401 10000
4103 802 4529 1287
4529 69 5250 1142
261 8386 3261 8395
6632 6750 6717 8227
3932 6405 5559 7411
6840 2030 7271 2098
0 8395 487 10000
0 4616 2744 4766
8217 6520 8580 7984
1388 8954 1486 9349
0 3073 738 3979
6530 362 6951 401
3401 9862 8159 9986
1846 1541 2003 1761
5156 5500 8671 5882
911 6614 1265 7608
6597 8631 7747 8752
1030 8954 1388 9778
9511 3046 9529 4391
1265 6591 3316 6896
1009 2687 5428 2886
3273 3322 8154 3621
4096 69 4337 646
2504 2127 5368 2428
6221 1736 7782 2030
1523 8960 3721 9417
1951 4832 6860 4867
8462 4164 8960 4768
9271 252 9461 3979
4942 9588 7554 9778
3118 1739 5217 1772
93 7802 261 8064
5576 9033 7212 9050
2806 385 3118 764
7637 9033 9372 9064
0 108 254 385
3790 5515 4763 5882
8222 9149 9387 10000
1846 1772 2501 2427
738 3830 9271 3979
3932 7552 6133 7958
438 4769 2715 4830
3273 3621 4253 3830
8671 5500 8972 6017
2365 9417 3742 9778
9387 9624 9477 9925
3028 3979 8462 4067
4594 5136 6250 5383
1494 5500 2860 6234
9534 95 9931 721
738 3134 1526 3830
439 6845 905 8329
7445 4118 7972 5136
3742 9588 4942 9778
3756 8631 3873 9397
500 792 1211 2417
499 6405 870 6779
1265 6405 3478 6546
7468 2305 7730 2708
6951 650 8450 986
0 0 6217 69
6904 6254 8100 6520
3261 7608 3656 8250
7187 4117 7442 4865
9534 971 9968 1362
8448 5136 9610 5453
9059 1443 9271 3505
9292 6520 9970 8395
5250 69 5924 1142
1526 3795 2871 3828
3231 6234 6717 6405
1009 2886 4680 3033
0 103 2537 108
1846 2428 5428 2687
1265 6922 1556 7221
4268 9149 7554 9588
5428 2428 6104 3069
7243 6958 8217 7984
738 3073 7782 3134
9490 5500 9528 5909
4474 5390 8448 5500
6951 0 7722 77
7726 6700 8217 6958
7528 2799 7649 2940
4493 8227 8778 8371
4268 8792 9483 9033
1526 3134 7586 3299
3873 8631 4268 9588
5230 1158 5647 1219
1030 9778 2294 9880
3118 1381 5230 1736
7782 2983 9030 3305
9483 8631 9967 9567
487 8395 4354 8631
