5216 3882 5738 10000
7518 7197 9890 7576
6289 3882 6482 7089
4535 2626 5124 4863
4350 9422 4675 10000
1265 3753 2532 4764
5738 7774 6584 8936
9522 424 9590 5547
6749 8277 10000 8924
447 3236 701 3753
5650 2644 6534 2748
3601 1453 3717 6141
5796 424 6342 1361
847 2956 2448 3751
1522 1453 3140 2956
5738 6235 6289 7774
981 8945 1720 10000
3717 3632 4535 4991
5855 1638 7339 2162
4402 6273 4412 7263
1720 8752 3767 10000
1168 424 2083 1453
4025 170 9819 413
3717 4991 4296 8040
6749 5750 7506 7564
1720 8219 4675 8752
5738 3882 6289 6235
6584 8924 8131 10000
5650 2748 6564 3808
2083 424 5796 1453
1168 1453 1522 2956
6749 3944 7129 4535
8524 3851 9482 5717
3229 6141 3717 7684
0 0 4025 424
0 7961 981 10000
8131 8924 8936 9378
981 8147 1720 8945
5738 8936 6584 10000
8131 9651 9497 9961
0 6495 981 7961
1778 7344 3217 8215
0 3753 1265 6495
5216 2712 5613 3882
6647 3851 6749 8418
3719 1453 3833 1583
6584 2626 6696 3802
3717 2650 4412 3516
3140 1453 3601 5270
3767 8752 4350 10000
4675 8219 5216 10000
6749 7576 10000 8277
2247 4764 2532 6884
1720 4764 2247 7344
2532 5270 3601 6141
6465 424 6496 601
447 424 1168 2956
9651 424 9965 5711
1265 4764 1717 5947
4846 1709 5783 2195
981 6495 1720 8147
308 424 447 3753
3229 7689 3695 8210
4025 0 9599 134
2737 6141 3229 6884
2532 3010 3088 3136
61 424 308 3561
9368 1578 9401 3851
6749 4535 8519 5749
4412 4991 5216 8219
4350 8791 4655 9422
7808 5750 9981 7146
3833 1453 4816 2491
2598 6141 2737 6878
2247 6884 3229 7344
4846 2290 8419 2626
7518 5750 7806 7147
