2395 7949 3441 8308
8762 3220 8816 3496
5333 832 5822 1863
1427 3451 1939 3624
1427 3775 2294 4148
5822 526 6942 3413
6942 0 7836 3413
2622 6029 3346 6317
8126 2798 8740 3178
1367 1683 5333 1863
0 9748 4200 9995
2504 1863 3503 3410
9459 8248 9869 9846
9744 1873 9871 2580
5065 9847 6156 9989
15 411 260 8584
7836 496 8079 1954
7075 7502 8340 9041
7475 5250 7924 6146
260 6767 1005 7203
2636 4148 2841 4592
6599 3413 7759 4579
6169 9847 9871 10000
3520 1863 4145 3408
2395 8308 2689 9431
1420 2294 2504 3412
2395 7535 3404 7949
3441 7502 5264 8308
5264 8738 6006 9778
5065 8308 5260 9712
4257 8308 5065 8528
9459 2580 9871 8191
291 7502 824 8507
2054 8655 2395 9748
6051 8452 7075 9476
6657 6767 7330 7195
3860 8594 3990 9117
9871 0 10000 10000
8340 7502 9459 9847
2622 5796 3630 6029
6639 7223 7249 7436
3875 4779 8126 5097
4173 527 5322 832
1961 79 3958 411
8126 3496 9235 4994
4082 0 6942 526
383 526 1367 2959
9235 3368 9441 4017
7836 2580 8125 4597
2841 3413 6126 4779
1427 4250 2591 5580
6845 4602 7029 4759
343 5580 2622 6767
7475 6309 8760 6767
2622 4779 3875 5787
501 440 4082 510
0 8655 2054 9748
5264 7502 7075 8016
6126 3413 6599 4602
6379 9500 8195 9792
824 7502 2395 8655
1367 1863 2497 2283
2415 7203 5452 7478
7330 6767 8834 7502
2622 6370 7475 6767
2385 6767 6639 7203
1408 730 4173 1683
2395 9431 4200 9748
5477 8016 6691 8449
8761 6149 9223 6301
1005 6767 2385 7203
9235 4017 9459 6149
7075 9041 8253 9466
343 3413 1427 5566
8834 6607 9436 7386
3875 5097 8126 5250
2689 8549 3860 9431
8256 0 9593 2542
2689 8308 4200 8549
260 7203 2415 7502
3907 9320 3965 9431
3875 5250 7475 6370
8236 4994 9235 5600
4173 832 4437 1622
4145 1863 5822 3413
265 526 343 6747
