8185 8011 8615 8992
9689 4117 9970 8612
2244 4117 6626 4513
5157 5320 7622 5671
7622 5061 9379 6140
9221 3701 9667 3741
3631 2471 5250 2589
466 5872 2620 6627
1942 1837 3614 2420
7607 3221 9843 3644
4573 1710 5524 2397
2343 9217 4339 9290
8348 2589 9778 3221
1942 1643 5849 1710
7857 1066 7984 1787
6335 3664 7711 4117
3711 7506 8813 8011
8432 338 9736 1697
4287 6492 5546 6972
7292 792 7343 1918
510 2840 1288 3003
3743 5512 4942 6140
780 3664 803 5872
582 8367 1821 9295
6642 9291 7362 9800
466 6627 3011 6838
6558 338 8132 678
6626 4117 8989 4513
7414 3257 7541 3493
8989 4117 9536 4419
9778 338 9969 1692
9212 8011 9686 8455
8813 6492 9689 8011
582 7233 1264 8367
1879 9295 2949 9769
2620 4513 4218 4639
0 368 891 1256
5039 8240 7002 8706
4567 2589 8348 3221
0 6863 582 9295
9221 3741 9981 4112
3537 3648 10000 3664
3711 6140 9379 6492
3005 1293 5104 1638
4567 3257 7414 3648
7711 3776 9081 4117
2192 2589 3217 2990
0 1256 891 2840
4567 3221 7607 3257
7073 6492 8813 7104
4208 1185 5725 1274
8432 2050 9411 2201
3379 338 3707 1231
8674 4513 9689 5061
2620 6241 3007 6578
7362 9291 10000 9800
2343 8011 4570 9217
3011 5280 3447 7151
6642 8992 9689 9291
5157 4639 6062 5286
2147 7233 2586 7805
3711 7104 8813 7506
0 0 891 368
1264 7233 1821 8367
5157 5671 7622 6140
5766 8706 7002 8992
7622 4513 8674 5061
0 2840 466 6838
7002 8011 8185 8992
1942 353 2508 510
1631 9800 10000 10000
3443 28 7738 102
4942 4639 5157 6140
1821 8011 2343 8780
6346 4548 7622 5320
4655 8275 5018 8747
9778 1781 9989 3049
891 338 1489 2840
3217 2589 4567 3019
4077 4796 4513 5495
3944 3019 3949 3563
803 3664 2244 4513
4570 8011 7002 8240
2623 7233 3711 7795
6658 1500 7270 1867
891 199 6080 338
5259 8706 5502 8986
1489 338 1942 2589
9379 5204 9679 6483
6558 2230 7739 2395
0 9295 681 10000
2244 3664 6335 4117
803 5195 2620 5872
5039 8992 6642 9800
5546 6492 7073 7104
872 9295 1631 10000
4673 9260 4996 9379
1942 1274 2987 1632
483 3343 780 5705
1631 9521 1837 9621
1821 8780 2339 9046
681 9295 860 9997
582 6838 3011 7233
1489 2589 2146 2999
7343 792 7742 1956
1821 7233 2147 8011
780 3019 3537 3664
803 4520 1748 5195
9185 8566 9687 8992
2955 9295 4513 9772
8615 8011 9185 8992
