2568 8691 3006 8891
598 8280 1215 8442
76 0 3340 1115
8945 0 9116 6103
2430 9709 8274 10000
5868 6486 6885 7538
1505 6555 2430 9420
3183 5269 6637 6103
6539 2541 7241 5269
4168 6486 5868 7899
3340 821 5314 1326
3006 6486 3670 8912
1959 1326 2627 5701
8178 6486 9564 6681
702 3045 1502 3156
3031 5701 3183 6006
3006 6103 10000 6486
5314 953 6737 984
1169 5701 3006 6555
9402 4812 10000 6103
7241 1553 8869 2828
7324 5248 8084 6097
1515 1326 1959 5701
3044 8921 3671 9702
3671 6486 4168 9709
4168 8205 4587 9709
429 5701 1169 7611
9564 6486 10000 8669
3183 2541 6015 3236
8084 3729 8945 6103
7241 3729 8063 5096
6290 9230 7159 9707
6637 5269 6960 5458
3978 2 5294 363
8274 8669 10000 10000
0 5701 422 9998
3475 3236 5037 4931
9116 0 9402 6103
7241 2828 8869 3729
3183 4931 4625 5258
1169 6555 1499 6771
7666 0 8869 1326
2627 1406 3173 5579
5396 1553 7241 2541
6030 8619 8276 8669
3183 1406 3732 2541
9072 6681 9564 7899
3732 1406 5396 2541
5314 0 7666 953
6885 6486 8178 7899
702 2275 1473 3041
3340 363 5314 821
6030 8728 7979 8884
422 9443 2428 9997
4194 8028 4583 8205
5037 3236 6539 5269
5868 7538 6885 7899
2627 1326 5396 1406
8178 6681 9072 7899
3204 3236 3475 4519
4587 7899 6030 9709
8869 0 8943 3697
6277 9046 8274 9137
0 3156 1515 5701
9402 4632 10000 4812
5396 1326 8869 1553
3340 0 3976 362
9402 0 10000 4632
8276 7899 9564 8669
0 1326 565 3031
6390 7947 8276 8619
6015 2541 6539 3236
6637 5460 7028 5561
