764 4847 1356 5278
8962 5686 9246 8608
3739 9129 5213 9559
1356 4761 2830 5357
4096 6660 4539 8413
5633 3942 5937 4324
4238 3251 6393 3715
6511 6710 6829 7063
8066 1729 8572 2456
2830 4761 3261 5703
3511 4657 3947 5626
3979 2660 7031 3176
9481 2034 9506 5920
5343 4324 6261 5579
1896 8898 1927 9482
2987 6018 3676 9596
3676 5926 3710 8541
7234 4719 8066 6447
7646 8614 9207 8868
8579 5686 8921 8452
2987 9596 4607 9989
9246 8359 9819 8650
286 3187 1286 4847
1591 8771 1842 9213
4883 6445 5199 6859
6829 3877 7234 7063
6511 7063 7234 9722
4096 8462 4266 9004
3261 0 4903 418
232 2558 3261 3090
9246 6762 9465 6827
5528 9915 6297 9962
3425 2425 3491 4529
5366 6710 6159 9582
232 639 1834 866
7351 8239 7646 8292
5264 9722 6295 9915
7234 8471 7506 9562
232 4847 368 5343
7234 8308 7615 8471
7646 9546 9663 9711
2795 6018 2987 10000
0 9278 1387 10000
0 5703 3425 5926
1387 9813 1700 9828
2224 639 3242 2109
1356 3090 1746 4761
4903 0 6978 418
8066 3371 8579 8614
7234 6513 7547 6715
3979 2425 6333 2659
6261 4324 6812 5530
4238 3715 7168 3877
8066 2558 8576 3371
5157 1444 7168 2425
4886 6859 5264 8866
2019 639 2224 1831
8066 418 9306 1728
6159 6710 6511 9722
0 0 3261 639
3425 418 7960 597
1591 7479 2795 8771
6978 0 9479 418
9327 418 9479 1728
9479 0 9976 1567
7646 9033 9099 9546
5157 597 5553 1444
9489 8650 9553 9291
4780 4571 4855 8178
9564 3571 9942 5140
1094 1832 2221 2558
1746 3090 2568 4761
3776 597 5157 2418
4238 3877 4718 5636
1927 8771 2795 10000
3979 3185 4235 5917
232 875 955 2540
1094 875 2009 1828
8828 1729 9441 3494
7646 6447 8066 8614
7960 418 8066 3877
5553 597 7960 1444
0 639 232 5703
6297 9722 9693 10000
7234 3877 8066 4719
3739 5926 4065 8727
3511 2425 3979 4657
3425 597 3776 2425
2385 6566 2795 7479
9693 8650 10000 10000
0 6566 323 9278
323 6566 2385 7479
5391 5799 6808 6710
2568 3218 3192 4704
0 5926 2795 6566
3062 5937 3066 6018
323 7479 1591 9278
7168 1444 7840 3877
3261 418 3416 5692
232 5357 2830 5703
