7084 878 9376 1436
7662 7762 8613 7910
4542 0 5359 1078
862 2619 1238 4281
0 7762 1704 7958
7864 6811 8118 7354
5989 4492 6923 6314
3925 6069 4983 6811
5063 2332 5172 4032
2154 9316 8717 9420
1033 4561 1428 5637
1481 5700 3014 5870
7975 4113 8420 4651
0 4281 1033 6084
7285 4075 7945 5444
8350 567 8979 673
5430 2885 7531 3844
2154 8218 2712 9316
746 1447 4082 1535
2712 8218 2909 8878
2000 3124 2454 5180
5319 6811 5507 7627
2000 5360 3490 5700
7557 1447 7773 1781
960 7958 1702 9109
0 3552 862 4281
9066 8278 9916 8675
5836 6314 7542 6811
4743 1949 4810 4070
8474 1436 9376 2332
2145 534 4044 1041
2712 9158 8946 9316
4082 1447 4846 1781
9735 5724 9995 6405
862 2094 2000 2619
862 1949 2000 2094
5368 1078 5710 1410
0 0 746 1040
6399 125 8806 426
2643 1949 2800 3319
9948 58 10000 4651
0 6084 1033 6394
5359 0 5654 843
1704 7763 1724 8865
2782 6032 3428 6337
2914 8749 8616 8962
2157 5874 2739 6623
7285 5444 9541 5650
5172 2332 5430 3847
5507 6811 6374 7627
9541 4651 9692 6500
5857 7762 6370 8749
4828 1949 5000 3914
767 5 1208 109
2824 3259 3232 4472
8717 9316 9961 9387
2537 4724 4046 5072
1582 2619 1958 3321
1478 1410 6189 1429
6185 58 6259 1121
4846 1447 6801 1781
8616 5838 8946 9158
1724 7762 5857 8149
8420 2506 9376 3467
8420 4214 9948 4651
4049 4724 4954 5022
6426 9494 6776 9583
1478 194 2145 1410
6370 7762 7662 8749
6923 4075 7172 6314
7854 2885 8406 3828
3326 1949 3546 3026
3428 5874 3925 7762
6374 7202 7209 7627
5035 1949 5061 3861
8616 5671 9064 5838
7084 426 8350 878
5319 7627 8615 7762
17 7958 960 8402
9066 7275 9509 8073
616 1806 4082 1898
2489 2826 2537 4489
5430 2332 9376 2506
5068 1949 8391 2083
7542 5650 8118 6811
0 6854 1710 7762
1478 0 4542 194
2203 1120 5368 1397
9066 5650 9517 7099
7864 7354 8534 7613
2914 8218 5593 8692
6801 1447 7557 1781
6414 426 7084 1347
8205 7910 8611 8749
7662 7910 8200 8411
3546 1949 4682 3960
1710 6854 2076 7619
0 6394 2157 6854
2712 8962 8616 9158
5467 2506 5904 2879
5250 4718 5836 6811
5172 3847 8420 4075
8420 3467 9376 4214
368 1535 4082 1806
4082 1781 7773 1949
3546 4075 5989 4718
746 109 1478 1447
6185 1 9991 58
1238 2619 1481 4281
1582 4181 1917 4514
7773 1447 8474 1949
5238 2095 8451 2332
3941 6811 5319 7657
0 8403 727 9281
2145 194 2959 534
2000 1949 2448 2972
1724 8149 2154 10000
2154 8149 5857 8218
5710 0 6182 1035
7945 4651 9541 5444
368 1040 714 1084
7221 4075 7285 5204
4983 5360 5250 6811
8118 5650 8615 7354
6106 4132 6564 4492
0 1806 616 3552
2154 9420 9867 9465
6718 2735 7887 2885
1505 2619 1582 4454
8615 6476 8616 8561
2800 2893 3303 3259
0 1040 368 1806
1033 5874 2157 6394
6269 2506 8064 2714
2959 194 3906 524
3490 5360 4983 5874
3854 4718 4743 4722
6374 6811 7209 7202
1478 1436 8474 1447
606 9298 1606 9971
7209 6811 7864 7627
616 1898 3926 1937
631 2228 785 3552
7662 8411 8105 8715
5836 4718 5989 6314
3461 9624 4140 9961
3925 5874 4808 6065
2593 5074 5250 5360
8946 5838 8981 9113
9376 426 9948 4214
7172 5650 7542 6314
2371 6731 3423 7732
2157 6712 2338 7736
