3472 5312 4249 5668
7533 7530 7770 8496
6704 2615 6913 2709
7113 1524 8002 1923
6400 5052 9169 5490
1694 984 2722 3241
5759 6291 7770 6758
5759 6758 7770 7530
8904 2615 10000 2850
3472 1296 3862 2901
6912 9171 7770 9516
7576 4531 9414 4985
8966 7747 10000 8210
2907 8496 4079 9071
2345 3241 2994 5668
0 314 110 9915
5917 1296 6201 3788
9414 4296 10000 4419
3862 1296 5917 2623
7113 204 8001 1524
6175 394 7062 459
6793 5649 7688 6291
115 6418 375 9746
6400 4296 6731 5052
423 7530 626 9757
8080 2702 8647 4296
7770 9719 8929 9954
110 4676 653 4795
8199 1830 8572 1921
110 6127 2345 6291
7576 4442 8217 4531
593 984 1694 2566
9169 5052 9984 7511
6201 459 6603 3788
5967 5526 7561 5649
2924 2995 2994 3158
5967 5649 6792 6290
110 6291 4079 6418
3472 4296 4249 5312
8904 2850 10000 4296
9058 0 9268 1809
8002 1250 9058 1830
352 984 593 3241
9213 8472 9800 10000
3567 8067 4729 8425
7770 8472 9213 9719
6603 1130 7113 1131
4672 8496 5148 9033
3680 3788 4242 4049
8658 2615 8904 4286
3528 7530 4650 8039
7770 5490 8505 8472
8739 8076 8966 8103
3472 1 7489 162
110 4799 2345 6127
593 2873 1694 3241
4079 6291 5759 7093
4729 7530 7533 8496
110 3241 706 4286
9283 0 10000 2615
8505 5490 9169 6389
375 6418 4079 7093
375 7093 5759 7402
5056 4296 5967 6291
2696 9171 6750 9303
9414 4419 10000 4985
750 3241 2345 4799
7576 4985 8596 5050
2994 0 3472 5668
5967 4296 6400 5490
2696 9079 7741 9170
626 9516 4778 9915
8002 224 9043 1250
602 314 1048 419
4249 4296 5056 5668
8505 6389 9169 7747
626 9326 6912 9516
6603 1923 9283 2615
8505 8222 9139 8472
651 0 2258 219
3472 4053 8059 4295
375 7402 5560 7528
6042 3820 7333 4053
626 7530 2612 8353
0 9915 4442 9997
3862 2742 5867 3768
9800 8210 10000 10000
2494 8673 2696 9326
2345 5668 5056 6291
5148 8496 7770 9079
593 2566 1694 2873
3862 2623 5619 2736
677 4304 750 4676
110 314 352 3241
3472 2901 3862 3788
6731 4296 7576 5052
4778 9516 7770 10000
352 492 2994 984
3472 459 6201 1296
2722 984 2994 2991
6913 2615 8069 3757
