6999 6764 8165 9813
9338 1506 9650 2622
2 1405 41 8574
41 1922 3707 3101
3754 3381 5788 6467
2460 5848 2566 7145
8961 5801 9144 7890
5788 3401 6632 5358
7420 4243 7894 4634
845 3120 3733 4973
41 1841 2712 1922
5213 0 6634 1180
8230 4243 8942 7289
6660 3647 7117 6764
2732 5783 3754 8761
7198 4243 7420 5429
4186 8987 6999 9471
1051 5698 1670 6202
9805 3623 9994 7870
3869 6467 6660 6764
3754 2648 4647 3370
9146 4243 9366 7234
6660 2648 9659 3622
845 4973 979 6670
6634 0 8104 1656
8230 7890 10000 9813
1012 6202 1635 7930
6999 9813 9972 9993
5788 5754 6407 6450
9338 0 9639 1436
1670 4973 2460 10000
2460 8987 4147 9998
139 4432 845 8648
8104 0 9338 2648
914 92 2284 465
7118 3623 9366 4239
3754 8487 4975 8723
4147 9471 6981 10000
7420 6156 8145 6735
3754 1656 8104 2648
2460 8761 3917 8920
522 9017 1012 9529
8229 4243 8230 9557
2460 5052 2855 5783
0 0 5156 92
4673 2648 6660 3381
3869 6764 6999 8487
190 9538 1568 9970
3790 7090 3869 7245
9661 0 9999 3622
9366 4474 9779 7843
0 1180 6634 1405
41 1405 6634 1656
5212 8487 6998 8987
2552 92 5213 1180
8165 6819 8208 8929
241 518 2552 1046
