7576 6559 8084 7353
2774 3331 3595 6758
0 1852 3311 2633
7334 466 8036 3205
6002 466 6785 5277
3844 5247 3872 6476
9062 1815 9965 2190
1501 6763 3874 7146
0 5045 2481 6758
0 9385 8558 9989
8236 8749 8769 9385
5286 466 6002 6189
8036 0 9062 5529
6002 5277 8036 5529
3380 7146 6943 8160
5075 6559 6867 7134
7334 3205 7996 5035
9062 0 9549 1742
6943 6559 7574 9347
0 6758 1501 9385
3311 31 4276 3185
6785 1153 7334 4406
3380 8160 5988 9385
1501 7146 3380 9385
0 2633 3311 3331
8288 6678 8336 8377
6785 4406 7334 5277
2415 10 3409 31
2481 3331 2774 6758
6002 5529 8676 6559
8676 5529 10000 8377
5988 8160 6943 9385
4276 0 5007 3185
1603 3331 2481 5045
0 3331 1603 5045
0 31 2977 542
3595 3331 4991 5152
5007 0 8036 466
7580 7456 8236 9174
3311 3185 4561 3326
9062 2190 10000 5529
0 1259 3037 1852
4032 5247 4644 6568
5007 6189 6002 6559
8236 8377 8769 8749
6785 466 7334 1153
8769 8377 10000 9385
5007 466 5286 6189
8714 9385 9982 10000
9648 0 9998 1558
3037 31 3311 1852
0 878 2823 1259
