6411 7996 6894 9351
507 8323 765 8671
6038 749 6805 2916
4928 7996 5446 9275
3096 3359 6040 4415
8027 749 9843 1087
3034 3359 3096 3612
782 1577 1142 5294
9774 5135 9838 6339
2123 8324 4330 8693
1986 8323 2437 8324
73 7048 218 7536
0 8693 3982 9298
7566 2850 7823 2956
0 5706 7990 6242
6033 0 10000 186
4806 2973 8540 3032
6449 4728 7600 5050
4953 438 5149 2107
7640 9398 9117 9634
0 6242 7990 6489
7640 6489 9158 8217
0 9298 3982 10000
4895 6489 6915 7996
0 1272 935 1577
7990 5135 9774 6489
2045 244 6033 438
341 1577 782 5345
3096 4438 4819 4722
0 244 2042 1266
5765 8913 5938 9310
2309 3039 2988 4606
6033 186 10000 749
4871 4438 9344 4728
4330 9648 9158 10000
218 6489 3162 8323
1148 1577 2202 5334
3107 4841 6449 5135
7264 6489 7640 9575
6806 1387 9351 2850
785 8324 2123 8693
2309 2405 4806 3037
0 0 6033 244
341 5345 7990 5706
3162 8037 4674 8319
2309 1269 4801 2404
6915 6489 7254 9399
4330 8324 4708 9621
3982 8693 4330 10000
2988 5135 7905 5345
320 3416 341 4345
935 1269 2292 1577
7640 8217 7888 9364
9351 1087 9832 4698
4895 9451 6588 9578
6627 3359 8320 4373
4895 9647 7947 9648
4429 3039 8166 3332
9472 8774 9712 9835
8027 1087 9249 1377
255 1577 275 3136
8567 2850 9351 4438
2045 438 4727 1255
2309 4695 2858 5227
7888 8217 9137 9396
9158 6489 10000 8774
5149 438 6033 2973
5545 7996 6411 8911
4656 6489 4895 7294
3162 6489 4656 8037
6806 749 8027 1387
9843 749 9980 5439
