2812 6331 7601 6474
8064 6900 8321 7051
7636 1346 8530 1673
8918 6553 10000 7697
2666 7616 2751 8403
1708 7931 1948 8114
2198 4008 4016 4477
8870 9424 9771 9675
55 7931 713 8611
4226 5355 5281 6149
0 521 9254 637
345 2472 1080 3742
660 9394 993 9902
1080 2472 1911 2715
55 6840 1830 7616
7175 637 7327 2800
1080 2715 1911 3742
5114 1148 6704 1982
2889 5168 3745 6224
8403 8262 8870 9675
55 7616 2632 7931
1830 4008 2198 6803
4426 1148 5114 1421
1911 2472 2179 3742
3357 268 4781 494
345 2018 2871 2472
0 1584 2164 1589
2751 6803 3496 8510
5281 5355 10000 5700
8469 4833 9627 5260
9484 268 9939 707
6854 1319 7175 2905
8689 6149 8918 7499
0 1410 3968 1421
5502 7555 8038 8010
9664 982 9919 2484
7501 3223 9954 3895
9512 8279 9661 8730
6094 2905 6274 3590
5777 6474 6233 7548
7691 2905 8065 3220
6423 9087 7948 9675
3995 2472 6590 2898
7125 5930 7661 6073
889 883 2451 1410
2198 4477 2582 4805
2198 5556 2579 6230
6274 3223 6695 4008
6695 3320 7042 3791
7661 5930 9562 6014
0 268 1159 521
53 6840 55 8327
4226 4008 4670 5355
6228 4312 6973 5042
7339 637 7624 2307
1830 6803 2746 7086
993 9568 4462 9670
4016 4008 4226 6320
1952 731 4391 855
981 4008 1830 5657
4561 8607 7948 9087
1830 7131 2608 7557
3072 8607 4158 9256
0 1591 345 6840
3615 8515 5985 8607
4670 4312 6228 5355
1774 9394 3018 9537
0 1421 3719 1584
1017 9394 1355 9563
7636 1684 8538 2212
8918 6149 10000 6553
7930 6320 8634 6809
3719 1421 3892 2472
713 7931 1708 8611
2871 1584 3705 2457
4561 9087 6423 9675
4166 2929 5355 3687
1708 8125 2256 8610
3892 1421 5031 1888
8549 1346 9235 2258
889 732 1950 883
7327 5048 8469 5231
8870 8262 9512 9424
3496 6474 5502 7520
660 9905 10000 10000
8403 7798 8701 7946
889 637 5662 731
6238 6474 7868 6820
2198 4805 2582 5556
8469 3897 9970 4796
1159 268 3331 497
783 1623 2263 2018
1159 518 8636 521
2451 883 3672 1410
3892 1982 6704 2472
345 4008 981 5657
2198 6474 2929 6781
7636 669 8843 1346
345 3742 5437 4008
5281 5700 10000 5930
7043 3223 7501 5048
345 5657 1830 6840
4094 9394 4561 9568
3496 8032 7824 8502
9320 501 9484 3017
5504 6598 5777 7405
4226 6149 8258 6317
7948 8032 8403 9675
5662 637 7175 1148
7501 3897 8238 4525
2582 4477 2812 6470
6806 1614 6854 2717
4426 731 5662 1148
2179 2893 3995 3742
7275 2946 7691 3223
3441 4477 3964 5163
2179 2472 3995 2893
5437 2905 6048 3805
1 8611 127 9980
993 9675 10000 9905
4670 4008 7043 4312
3496 7520 5502 8032
0 637 889 1410
6238 6839 8061 7546
9771 7811 9989 8077
6704 1148 7175 1319
9554 811 9659 1998
127 8611 2632 9394
127 9394 660 10000
3672 883 4426 1410
2632 8607 3072 9394
8918 7697 9512 8262
2870 4477 3371 5136
0 0 10000 268
