3655 4477 4243 5631
2339 2096 2555 2838
2104 5259 2248 5613
1397 3674 4352 3916
4929 6277 5956 6810
5633 427 7302 687
5965 9245 6521 10000
3604 7981 8390 8462
5409 2358 5531 3781
7045 5996 9683 6220
151 1054 1647 1758
3737 427 4184 2358
0 132 151 10000
559 9572 4922 9851
7715 549 7999 691
151 449 1759 1054
5531 2572 5632 3740
5531 427 5618 2352
2770 5067 3112 5436
4642 2852 5258 4208
5956 6327 7687 6696
6137 1829 6955 2089
5633 687 7308 867
5449 6892 7866 7204
370 8024 559 9996
9817 5996 9900 8394
6997 3070 7358 3141
5633 1167 9209 1440
2770 4477 3655 5067
7702 3023 8016 3153
6521 9245 7279 9964
9974 3283 9993 6131
2248 5866 2455 9572
2693 6778 3072 6948
8390 7981 9786 8425
6013 1440 6090 3754
9711 3305 9905 4477
6975 4662 7398 4835
4352 3674 4540 3882
2982 7079 3051 8760
3655 6017 7045 6277
2455 9407 4062 9516
5449 7204 7863 7423
8981 9651 9974 10000
4243 4648 4644 5631
6012 4038 6683 4163
3604 8462 8075 8739
7866 6327 8664 7981
3064 8161 3602 9102
2725 5800 3135 6711
1401 4876 1720 7980
6090 2132 6716 4038
2339 1758 3737 2096
151 183 3272 449
8188 707 8985 813
4243 4477 9187 4648
8664 6325 8747 7424
3264 7079 4649 7479
3135 5067 3655 6892
1951 2838 5040 2852
449 4876 1294 5342
6716 3153 7364 4208
6955 1829 9960 2132
5605 5244 9187 5449
3264 7479 3793 7789
5605 4885 7218 5136
1759 498 3355 788
6040 5449 7045 6017
1647 1054 3504 1758
2982 9106 5295 9238
151 2852 264 7376
1728 6928 1981 7339
8603 3305 9711 4337
3076 7138 3235 7839
9187 4578 9884 5449
9230 2132 9960 3283
5258 2838 5382 4091
1759 788 3504 1054
4644 4835 5605 4975
8738 109 8887 427
7877 9651 8977 9999
4644 4975 5605 5728
449 5342 1091 6006
2693 7079 2982 9407
5633 872 9344 1161
264 6669 1277 7315
5956 6277 8634 6327
2455 4477 2693 9407
7364 3153 8016 4208
3604 8739 5304 9099
7877 9245 9875 9651
151 8024 370 8981
9905 3305 9964 8659
9496 875 10000 1829
0 4 3686 132
7045 5449 9905 5684
7045 5684 9905 5996
559 8058 700 9496
9045 8834 9224 8857
2982 9245 5965 9407
347 3916 449 6339
5481 3781 6012 4207
781 3045 1397 3916
2248 4489 2445 5866
8381 8941 9864 9224
2555 2096 3737 2358
9960 1829 10000 3283
151 9356 368 9999
1951 1758 2339 2838
8532 2132 8603 2733
3161 8100 3604 8161
6527 1440 9496 1809
4649 7079 5449 7423
449 3916 4642 4208
5633 1440 5948 3489
8819 6277 9632 7880
6716 2132 8496 2420
449 4337 2094 4876
8075 8462 9817 8739
151 8982 370 9353
1397 3045 1809 3674
8381 8739 9817 8834
2693 4477 2766 5705
220 1758 1951 2678
6716 2430 7406 2996
449 4208 8603 4337
264 2852 4642 3045
7398 9245 7871 9995
8603 2132 9230 3283
2094 4337 9711 4477
3655 5631 4642 5727
760 8369 1703 8582
4649 7423 6193 7852
4184 427 5531 2358
3504 132 3737 1758
1809 3045 4642 3674
3135 6896 5059 7079
315 3312 781 3766
2555 2358 3373 2838
8603 3283 9907 3305
5605 5449 5738 6017
5313 8739 8381 9245
1297 4876 1383 7618
151 7382 1297 8023
7414 2430 8528 3018
3655 5728 5605 6017
7398 4678 9088 5244
559 9897 5679 9983
8016 3018 8603 4208
5738 5449 6040 6017
449 6220 1247 6669
3373 2358 5409 2838
