5217 3317 5748 10000
8017 6948 9443 7576
6289 6137 6733 7531
3953 3302 4825 4813
3943 9685 4675 9951
447 3809 2660 4428
5748 7576 6140 10000
9443 3507 9654 5158
6642 8277 10000 8903
447 3630 1168 3809
3926 2744 6712 2777
1928 2352 3621 2676
5796 424 6342 1361
1460 2697 2632 3783
2234 1461 7269 2069
5748 6137 6289 7576
981 9685 3897 9989
3621 4813 4470 6053
7338 1461 8822 1985
4411 7083 4466 7263
981 8997 4352 9685
1168 424 1460 3809
4022 164 9437 424
3621 6053 4411 8081
6748 6244 7993 7347
2468 8081 4682 8752
5748 4327 6578 6137
6642 8903 8131 10000
4825 2777 6588 3317
1460 424 5796 1453
1460 1461 2219 2189
7100 3353 7290 4535
9443 5158 10000 8277
3355 4740 3615 7636
0 0 4022 424
0 7961 981 10000
8131 8903 9720 9133
981 8188 1715 8997
6140 8277 6642 10000
8131 9146 8751 9829
0 6495 981 7961
2940 4740 3355 7723
0 4428 1715 6495
4896 3317 5217 4764
6748 4327 6991 6244
1460 1453 3930 1459
6588 2777 6735 3673
3621 2744 3923 4737
2737 2697 3621 4740
1715 8752 4682 8997
4682 8081 5217 10000
6140 7576 9443 8277
1997 4428 2291 6591
1715 6700 2468 8752
2291 4428 2724 6596
6465 424 6496 601
447 424 1168 3630
9676 0 10000 5124
1715 4428 1970 6525
2234 2114 7856 2195
981 6495 1715 8188
310 424 447 3862
2940 7723 3620 8080
4022 0 9596 134
2737 4740 2940 6700
2660 2697 2732 3670
61 424 308 3561
9400 2113 9433 4386
7290 2352 8012 5328
4470 4813 5217 8081
4352 8997 4657 9628
8017 4527 9270 6948
1460 2195 7959 2352
1752 6596 2737 6700
2493 6700 2923 7822
3621 2352 6772 2733
7290 5521 7909 6171
