7088 1540 7727 3045
1645 6336 5229 7358
9444 4283 10000 5331
2480 2177 4692 2440
6582 510 8088 1540
1103 0 3738 1540
6262 1540 6655 3302
8438 4283 8764 9298
8438 3066 9463 4283
7088 5240 8438 5924
15 3676 317 5675
5381 1540 6017 5395
8088 510 10000 1540
6655 1540 7088 5924
8438 1980 10000 3066
5739 7150 7922 8207
3906 8453 7301 8502
772 8453 3358 8619
8438 1540 10000 1980
4145 8530 7875 9288
1103 8112 2368 8441
2480 2440 4692 3954
3738 641 3870 1410
3659 7358 4368 8398
7088 3045 7693 4730
1645 4734 4255 6326
0 8672 2094 9771
8764 4283 9444 9298
6253 4112 6450 5091
1103 1540 2480 4734
1292 7986 2899 8112
3575 3954 4597 4101
4387 510 6341 1540
2480 3954 3340 4649
6130 3324 6253 5882
554 5768 698 7981
3733 4115 4548 4701
9463 3066 10000 4283
3738 0 10000 510
4368 7358 5229 8453
6341 510 6582 1540
5229 5924 8438 7150
1157 4734 1645 6217
3882 1540 4683 2163
4692 1540 5229 6336
8265 8628 8401 8860
3358 9298 9444 10000
317 3676 1103 5768
5229 1540 5367 5775
9444 5331 10000 10000
698 7363 1030 7473
2480 1552 3747 2177
0 0 1103 3676
7727 1540 8438 5240
