172 0 2062 483
2917 4266 3302 10000
1138 8140 2917 9812
502 7038 2917 7303
8969 0 10000 1753
172 4096 502 9726
2917 3830 9419 4266
502 7303 1131 9207
5099 4687 5295 8045
7643 4266 9419 4783
1138 7303 2917 8140
9110 4783 9759 9306
6668 14 8969 389
3803 9660 6780 9725
7187 396 7626 1793
7643 8459 8802 9274
5899 0 6427 1363
9759 4783 10000 10000
7974 2129 8938 3400
9419 1753 10000 4783
6619 2829 7800 3537
7774 5480 9110 8459
4782 9806 5103 9976
5 7449 172 9697
502 2205 993 7038
2062 4759 2703 6493
7698 6339 7774 7826
2917 1804 6188 3148
993 2205 2062 7038
3302 4433 3615 9806
1518 9812 2291 9944
2917 3565 7366 3830
5295 6755 6260 8041
172 2205 502 4096
3615 8045 7643 9660
56 9726 1138 9785
6047 4521 6261 6370
2062 0 5899 1668
8969 2449 9372 3012
7974 396 8962 2127
7643 9306 9759 10000
3302 4278 6029 4433
6267 5065 6304 6612
2071 1668 2917 4562
3615 4725 5073 7842
5295 4433 6023 6751
8787 4897 9043 5480
2917 1668 5994 1794
8823 8459 9109 9262
172 483 2062 2205
6313 4439 7598 7999
0 0 169 6488
6441 1680 6592 3361
6725 4266 7239 4381
