797 591 1396 1571
7982 7836 8507 8271
4005 1323 7270 1766
4487 8705 5436 8983
8507 7836 9844 8271
7055 7836 7982 8271
655 4123 920 6292
105 2066 339 5609
70 319 640 1882
6617 9347 9944 9519
1462 3960 1766 4123
5552 6498 6661 6888
2546 8865 3840 8875
5362 245 7730 360
1539 2318 2824 2622
169 7569 462 8569
8526 5734 9282 6703
0 0 4388 245
4005 981 8593 1323
7462 3754 7468 6429
8441 4058 8607 4600
768 1766 7066 1882
5550 8705 6846 9282
1234 7569 3455 7836
5967 8217 7046 8506
6797 9653 7614 9966
55 319 70 6326
9282 4283 9844 7836
2546 8597 2740 8846
1996 3940 2976 4304
9090 8271 9844 8705
630 3940 1411 4106
2540 5160 2797 6498
5547 2535 5614 4218
1769 4840 2610 4947
8858 1006 9858 1458
6661 3156 6836 5671
1396 592 3725 594
4137 4051 4846 4310
4575 0 7730 245
3455 7569 7462 7760
7855 5734 8526 6703
569 6951 2303 7432
7855 7416 9282 7836
1449 9347 6617 9618
0 245 5362 319
3455 7760 7302 7834
920 4123 1769 5154
4067 2697 5448 4042
339 2066 2899 2280
7730 178 9910 420
6366 420 7147 981
717 1915 1777 1968
5643 3156 5776 5194
2899 2066 3926 2931
1530 594 5018 981
1539 2664 2408 2857
1882 8597 2546 9347
6735 9519 7950 9565
3211 5154 5156 6476
8593 981 8858 1766
9282 3531 9725 3723
9944 0 10000 9519
569 6888 6661 6951
2303 6951 3179 7429
1465 7837 1882 8520
5362 360 7730 420
70 1968 2822 2049
339 2280 569 7432
7855 6703 9282 7416
620 7569 1234 9165
8858 1458 9911 1886
5828 5506 6354 6397
8020 3531 8032 4118
1234 8845 1449 9591
7055 8271 9090 8705
7185 1766 8858 2279
630 6683 5552 6888
3413 6951 5264 7396
8337 5588 9132 5689
8435 8705 9911 8928
640 591 741 1792
1461 5154 2540 5668
7270 1352 8543 1623
3990 7836 5967 8506
5018 319 5362 420
70 9850 6617 10000
9282 3761 9808 4221
6662 6502 6952 6948
1461 5668 2225 6683
6661 6094 6904 6447
6952 1882 7048 5856
3990 8506 7055 8705
6846 8928 9367 9307
2546 8875 3990 9347
7614 9653 9990 10000
7470 2537 7739 7836
1392 8532 1435 8845
8858 1886 9844 3531
1634 8520 1878 9339
7105 1766 7185 2213
569 2953 2999 3170
5018 420 6366 981
7739 2537 8858 3531
1449 8520 1634 9334
3986 9618 5359 9729
570 3174 630 6859
70 9618 3986 9850
7730 0 9924 176
5967 7836 6247 8209
630 3174 2290 3870
1769 5013 5547 5154
7147 420 7322 981
7773 5884 7855 6719
4930 4042 5547 5013
1480 594 1530 1607
9132 3531 9282 5734
6846 8705 8435 8928
640 319 5018 591
1882 7836 3012 8597
2225 5668 2540 6683
2540 6498 4985 6679
2703 981 4005 1591
1615 2056 6558 2066
7066 2279 7462 7569
4212 8873 4487 9175
7322 420 9911 981
9911 2004 9913 5027
4367 9208 5343 9347
70 7432 7066 7569
3012 7836 3990 8865
9844 1886 9911 8705
1468 2280 1539 2923
4067 2066 6937 2511
2703 1591 3394 1737
5156 5273 5565 6409
2854 1882 6827 2042
4487 9058 5453 9172
5807 3156 6106 4025
6352 7836 7055 8210
3956 2066 4051 4167
4388 0 4575 245
1530 981 2703 1766
920 5154 1461 6683
5865 2535 6079 3019
1769 4310 4930 4840
5264 6951 7066 7432
3151 2953 3944 4140
6676 9569 8905 9648
7470 2279 8858 2537
