9561 6509 9917 7323
4124 7711 4294 8560
901 2297 1535 3792
7807 7150 9295 7323
4521 8604 5864 8817
1949 7004 2157 8720
4827 9446 5269 9744
9198 2514 9730 2966
292 8216 1913 8441
5077 6395 9372 6509
5941 6509 6934 6703
1949 9472 4379 9756
9210 403 9746 876
7813 1979 9757 2514
8762 3255 9095 4244
8380 5096 8762 5835
7495 4270 7714 4845
226 5086 375 5191
8762 4244 9372 5172
1738 5835 9372 5969
1748 1979 1879 3246
2717 1979 3729 2575
2021 1979 2541 3018
7283 1979 7813 2514
4997 2575 6059 2697
5842 643 5991 1449
2954 7323 9917 7490
4132 2740 6331 2783
3542 1475 7048 1683
3542 1744 4347 1969
2503 4493 6999 4550
1352 7162 1473 7201
9124 8222 9529 9219
5301 8916 6649 9079
6267 3028 9757 3255
2573 1979 2717 2818
1535 3672 6016 3798
3483 4044 4617 4270
390 427 4814 545
3469 4974 8762 5096
7719 4270 8546 4846
1603 1291 3492 1306
5341 289 5991 643
9210 304 9961 403
3469 5181 5158 5212
2809 3377 4212 3672
5189 7974 5777 8544
2237 1571 3542 1979
8616 884 9518 1275
8616 289 9210 884
2503 4044 3483 4493
1048 1456 3273 1571
7621 3877 8563 4188
168 5191 390 6724
1949 9284 4009 9427
150 7004 292 9260
815 4239 926 7004
2285 4745 6999 4863
918 7222 1919 8010
4585 7758 5187 8271
2450 289 5341 427
1535 2297 1728 3044
150 9465 394 9636
9124 9219 9529 9668
7251 2514 9180 3023
8857 5969 9372 6395
390 1038 3857 1075
3729 2109 5365 2514
5365 2109 7283 2514
509 7074 918 7341
1241 296 2390 347
926 4863 1067 5326
8762 5172 9285 5664
2954 7490 9917 7671
6267 3877 7621 4270
8960 8222 9124 9962
5077 6242 7578 6395
3972 643 4971 1409
926 4745 2285 4863
1410 4550 5181 4745
3729 1979 7185 2109
5991 999 7060 1103
3989 6242 4485 6853
1738 5969 8857 6042
639 1194 1023 2105
390 549 4729 571
1535 3258 2134 3672
7116 1377 7999 1504
9095 3255 9723 4234
5301 8824 5582 8880
2021 3028 6267 3258
5077 6509 5941 6853
1210 6853 5941 7004
5301 9082 6692 9603
150 9260 1949 9465
150 9756 8930 9962
1023 1571 2234 1979
5939 8604 6737 8914
7782 7776 9229 8058
2442 7004 2954 8640
604 3798 1410 4239
5259 5224 5583 5748
1410 3798 6016 4044
1217 5441 1738 6820
5991 289 6351 999
5777 7758 7777 8058
3483 4270 7495 4493
7200 1528 8015 1744
8037 8222 8960 8604
4485 6242 5077 6853
8619 1311 9666 1488
1410 4044 2503 4550
9372 4244 9917 5574
6016 3672 6247 4194
4617 4163 5944 4270
7621 4188 8558 4268
433 1194 604 6968
1949 9038 5301 9284
1841 9962 9529 10000
632 4239 815 6769
8015 289 8616 1979
5777 8222 8037 8604
2076 6042 4647 6204
4294 7711 8753 7754
9917 7297 9965 9993
1824 5441 2047 5768
8616 1590 9679 1979
351 0 558 253
1898 1979 2021 3187
7578 6042 8857 6395
3989 1449 5213 1475
4212 3258 6267 3672
604 2297 886 3640
926 4239 1410 4745
918 7004 1939 7152
4534 5096 8380 5181
6970 6509 7362 6691
9757 403 9917 4244
4647 6042 7578 6242
6586 2575 7232 3020
5941 6703 7388 7323
4413 7671 5580 7690
2493 4974 3469 5441
3729 2514 7251 2575
5777 8058 7637 8222
1738 6294 3689 6425
0 0 150 10000
6738 8604 8960 9082
150 9962 1841 10000
4971 643 5842 1449
2809 3258 4212 3377
2597 8847 5139 9038
5181 4550 5279 4743
7266 289 8015 1377
7388 7023 9561 7150
8563 3271 8696 4633
6267 3255 8563 3877
926 5441 1210 7004
1590 4974 2493 5441
6351 289 7116 999
7388 6509 9561 7023
1322 4 2621 289
7116 289 7266 1377
4314 8289 4521 8604
6277 5422 7736 5812
9917 403 9965 7259
292 8441 1949 9260
1738 6425 3989 6853
2546 2828 5723 3028
9529 7671 9917 10000
2734 0 10000 289
9372 5574 9917 6509
415 9465 1905 9736
9188 9668 9483 9944
7637 8058 9287 8222
4465 1770 7151 1976
1023 1979 1568 2232
1590 4863 8762 4974
3646 1194 3931 1291
9965 403 10000 10000
9287 7671 9529 8222
2134 3258 2809 3672
1183 4975 1382 5044
6999 4493 7264 4860
2954 7004 5941 7323
