3005 8307 3155 8891
680 8286 1297 8448
0 0 3407 1060
8945 0 9116 5460
5836 8671 7150 10000
6014 6482 6547 8555
0 8466 2909 9377
3540 5460 6642 6428
6084 2542 7143 4287
4583 6482 5836 8354
511 1081 4696 1326
3183 4931 3540 9379
1949 1326 2627 4931
8806 6482 9557 6842
704 1415 755 3156
3031 5411 3183 5716
6850 5460 9402 6482
5227 953 6650 984
1169 4889 1949 6636
9557 4746 10000 6842
7446 0 8042 3691
3540 5341 8945 5460
1949 4931 2878 7022
3540 8803 4360 9379
0 9379 4360 9749
3629 7937 4360 8803
717 4889 1169 8016
9474 6842 10000 8644
4737 1060 5178 5341
6084 4287 8945 5320
7143 3691 8945 4287
7150 9136 7733 9847
5178 5320 8085 5341
3909 0 4945 458
8276 8644 10000 10000
0 4889 566 8093
3474 2590 4737 4499
9116 0 9402 5460
8042 1702 8945 3391
3540 4931 4713 5333
1169 6636 1889 6735
8042 0 8945 1702
2627 2590 3474 4931
5178 1060 7143 2110
5836 8619 8224 8667
2627 1326 4174 1726
8806 6911 9462 7840
2627 1726 4737 2590
4945 0 7446 953
6549 6482 7979 7825
1186 1892 1700 3041
3407 458 4945 1060
7150 8671 8232 8952
0 9749 4360 10000
4406 7816 4583 8205
5178 2110 6084 5320
5836 6482 6012 8579
4174 1326 4737 1726
7988 6482 8806 7840
3474 4499 4476 4846
4360 8354 5836 10000
8042 3391 8945 3691
7986 9136 8274 9767
0 3156 1949 4889
9402 4746 9503 5815
7143 1060 7446 3691
3407 0 3909 458
9402 0 10000 4746
8276 7840 9474 8644
0 1060 493 3014
6554 7883 8276 8619
6084 2152 7025 2542
6795 5460 6850 6178
