5146 7866 6209 8188
5476 1656 6103 3029
5139 3921 6026 3964
4580 3029 5938 3617
4320 611 7253 1058
9635 2849 9902 4589
6232 7866 6443 9300
3127 4005 4796 4032
7523 2733 8107 3358
4814 243 5338 268
2750 5469 3000 7556
3760 1361 7087 1394
23 9394 3621 9695
8665 4358 8882 6250
7645 3617 8228 4089
0 9793 4339 9794
2714 8083 3313 8154
4320 282 4687 577
4400 1632 5178 1656
2113 7585 2193 8414
4328 7342 7009 7866
8746 2395 9096 2791
1108 857 1662 3418
1872 5513 2062 7001
3884 9394 4569 9708
8456 3358 9096 4358
1786 5010 2750 5364
3416 243 3760 1207
714 7556 2096 8618
4183 1058 7253 1361
4518 8707 4614 8930
714 4776 1752 5200
0 3069 1108 3418
8052 6882 9697 6902
8882 5575 9526 6414
2750 5010 3397 5469
5795 8293 6206 9302
8107 412 9924 593
392 6373 658 8971
9947 0 10000 10000
4857 3765 4960 4100
1662 3416 4580 3617
2479 8174 3519 9339
1662 3139 4546 3416
4188 342 4320 1052
3915 9208 5388 9269
6836 2805 7522 3001
9384 4589 9902 5575
196 6841 392 7524
392 4776 689 6207
3591 5309 8389 5493
921 7001 2387 7521
9936 0 9947 9791
111 718 690 2875
192 255 202 718
9096 2395 9476 4358
1108 122 2427 857
3421 1656 5476 2005
7178 6589 7336 9285
2195 7865 2477 9234
23 3974 180 7055
1662 1635 2353 1762
9224 8615 9750 9726
3946 5792 6731 6551
3127 4579 8414 4666
9202 6903 9681 8579
4971 8533 5098 9067
1662 1394 2828 1624
8389 5309 8640 6021
7962 6589 9697 6882
0 3617 7073 3765
0 9850 9936 9963
8882 4589 9384 5575
3366 122 5636 243
3627 2005 4580 2963
9697 8139 9936 8615
3915 9123 4763 9207
7373 6589 7576 9731
2062 5364 2750 6525
8147 4666 8640 5309
2427 246 2759 857
7253 122 8107 1361
9526 5575 9902 6589
0 9712 5468 9758
714 5212 913 7426
8107 1652 8746 2974
8746 1652 9461 2395
6926 5778 8379 6166
4328 7866 4893 8707
5358 282 5636 609
3591 5172 5176 5292
6699 9827 8668 9850
7581 6589 7841 9177
1786 5364 2062 5513
8080 6903 8632 8344
9476 1652 9635 4358
690 122 1108 1960
2032 9963 3430 10000
1662 2440 3627 2963
6599 8307 6958 8734
2671 1624 3421 2440
2568 6525 2724 6799
7073 3617 7622 4241
2129 6804 2750 7001
3915 7001 7147 7173
0 2888 1108 3069
0 718 93 2754
8882 4358 9635 4589
9709 886 9882 2780
4328 7238 6826 7342
9924 5306 9935 5490
3000 5469 3397 7556
3397 5010 4352 5171
702 4776 704 5743
2062 6525 2559 6794
8389 6021 8639 6168
180 4515 3127 4666
9902 886 9924 6589
2400 7556 3560 7851
3915 6589 5582 6764
5636 122 7253 611
8640 6414 9526 6589
32 7055 63 8284
5938 3029 7523 3358
3760 243 4183 1361
3915 5493 6045 5589
7856 6589 7962 9471
8107 886 9709 1107
3915 5590 6599 5782
9697 6589 9924 8139
8730 6903 8979 9826
9635 1652 9709 2849
1786 5513 1872 7001
6445 7866 6592 9292
7009 7174 7178 9292
4932 1394 7523 1624
5938 3358 8229 3617
8107 593 9924 886
6103 1624 6836 3029
5308 8293 5795 8984
0 3418 1629 3608
3898 4254 4277 4358
4709 282 5358 611
1662 857 3366 1394
3915 6966 6558 7001
7600 9507 8650 9766
4009 7437 4328 8041
3915 9302 5641 9393
5553 4252 5836 4356
1662 1762 2671 2440
8107 43 8810 412
3591 6834 3844 7004
3421 2005 3627 2440
7523 1361 8107 2733
6640 4837 8040 5309
180 3974 3127 4515
8107 2974 9096 3358
6836 1660 7032 2805
8746 2791 9096 2974
7 4058 23 4345
3771 9710 7033 9712
924 5212 1786 6970
23 3765 4857 3974
2828 1394 4932 1624
8107 1107 9709 1652
8229 3358 8456 4252
0 8 5199 122
7035 1624 7516 2793
9086 8624 9167 9203
23 9033 1250 9303
4893 7866 4970 9082
392 4666 8147 4776
8658 6903 8727 9222
4580 2005 5476 3029
1786 4776 4356 5010
3397 5172 3591 7556
1662 2963 4520 3138
690 1960 1108 2888
4356 4776 6315 5054
6926 6170 8556 6589
