6436 1214 7556 1907
3374 4539 4443 7733
7916 1214 9766 1907
4443 4697 5638 7733
0 9776 9766 10000
787 9309 1547 9776
2379 4898 2814 6090
1547 9309 8493 9776
1644 6090 2302 7689
1234 4898 2379 6081
6436 281 8320 632
4475 0 5955 3085
3264 0 4112 1542
3900 8612 6895 8954
9424 1907 9766 9309
2814 4539 3374 6090
7556 1214 7916 1907
4057 7733 5144 7926
0 3901 4443 4539
0 4898 787 9776
1568 7733 3815 9306
7951 6251 8481 7319
1474 6090 1644 7733
7883 3901 8481 5587
3815 8978 6619 9259
2069 693 3264 1542
787 6090 1474 6722
29 2037 1605 2859
5145 8069 6713 8594
2406 6090 3241 7697
959 3052 4017 3473
4443 3901 5638 4359
8493 9314 9759 9776
5998 0 6436 1513
787 6722 1474 8638
6419 1907 8724 2674
0 3473 9424 3901
3815 7928 7806 8046
8481 3901 9300 7287
6436 632 10000 1214
5638 3901 7883 5587
9766 1214 10000 10000
5955 1907 6419 3085
0 4539 2814 4898
787 8638 1474 9309
1605 2037 4067 2621
4475 3085 9424 3473
346 1542 3747 1960
5638 5587 8481 6251
7951 7319 8580 7513
6895 8069 9424 9309
5638 6251 7951 7928
0 693 2069 1542
4112 1888 4425 2847
8320 0 10000 632
6436 19 8316 281
139 24 3074 693
4443 4359 5638 4697
