4824 12 6292 384
2231 4636 2584 7255
7553 1449 7948 3124
517 687 766 1610
1700 8048 3123 8470
7222 8091 7727 9716
3469 1449 4942 1940
1246 9526 1880 9857
2252 2994 4108 3645
4020 7928 5000 9716
1022 8048 1246 9086
8460 3403 9831 3578
3354 4015 6020 4325
4136 2289 4468 2970
3354 4325 7113 4636
0 8761 701 9853
1471 7435 2066 7928
6235 6962 7677 7680
4020 9716 9727 9914
67 239 510 859
3662 1106 7948 1449
2252 384 3469 1940
836 8185 946 8403
779 3682 1738 5147
7948 775 8552 2604
7113 3403 8460 4044
6731 8628 7222 9716
0 2622 1976 3156
2241 384 2252 2825
3272 9099 3823 9913
0 7674 419 8737
8708 2978 9803 3403
3894 7928 4020 9877
1471 6128 1830 7435
0 9939 10000 10000
1571 5737 1737 6128
5629 8628 6731 9716
5124 4916 5931 6174
2980 2289 3801 2734
6020 1449 6354 2151
1246 9099 2117 9520
5629 6962 6235 8628
1830 4191 2022 5835
6560 775 7948 914
3662 384 5100 914
4020 9914 7151 9915
4835 6279 7984 6357
3801 2296 4097 2561
6020 2151 6661 4325
3354 3645 5594 4015
8623 5636 9276 6902
2614 1940 5594 2289
9831 1342 9995 3270
5594 1449 6020 4015
5931 4970 8785 5636
2584 5601 3386 6962
3482 490 3662 1302
7113 4044 9727 4636
0 3190 448 7419
6235 8091 7222 8628
2435 2855 2614 2994
3662 914 7948 1106
4108 2994 4468 3645
9327 7336 9462 8367
3386 4916 4835 6364
492 3190 741 7880
9327 8569 9685 9236
8434 8091 9262 9618
2066 4636 2231 7928
4942 1449 5051 1911
1119 5147 1471 6556
2264 7255 2565 7444
8552 775 10000 1342
5000 7928 5629 9716
8552 1342 9831 2604
766 384 2012 1608
5100 384 6560 914
946 7945 2616 8048
6661 2151 7113 4325
8708 2604 9831 2711
7677 6962 9327 7680
7727 8091 8434 9477
3123 7928 3893 9098
4468 2289 5594 3645
3386 6364 8623 6962
8708 2711 9798 2934
7948 2604 8708 3403
8460 3578 10000 4044
4835 5004 4996 5995
3386 4636 9327 4916
6354 1449 7113 2151
2118 9099 3259 9939
6235 7680 9327 8091
9727 4044 10000 9914
0 1711 1926 2593
2584 6962 5629 7928
7727 9477 8434 9716
2584 4636 3352 4670
6560 0 10000 775
2238 3645 3354 4304
5931 5636 8623 6279
