3474 5655 6225 5755
6990 7807 7782 8098
6819 2407 6913 2616
7172 1565 7900 2114
7255 5205 7782 7807
1581 1509 4727 2300
6375 6522 6990 8098
5865 6522 6375 9199
9286 2383 10000 2748
3474 2300 3829 3983
6015 9199 9158 9294
6824 4123 7796 5031
9129 7588 9941 8183
626 8793 5089 8944
1772 4522 2890 5755
0 3516 110 10000
5636 2616 6018 4123
9022 4316 9459 4481
4727 776 6872 2277
7172 0 7921 1565
7039 337 7104 1224
6990 5755 7255 7807
110 6700 743 8067
6503 4123 6800 4969
133 8298 626 9215
8119 169 8338 4296
8100 9415 8993 9720
171 4675 290 5218
8481 1458 8572 1831
290 5755 695 6682
7796 4123 7885 4764
401 776 1581 2391
9129 5205 9970 7588
6201 2616 7136 4086
5919 5031 6225 5655
2958 2679 2994 2996
6225 5205 7244 5724
3556 5755 4078 6522
2890 4522 3474 5755
8999 2748 10000 4316
9025 0 9286 1410
8823 1410 9286 2748
99 422 353 2626
9158 8486 9785 10000
2177 8067 4729 8230
6375 8486 9158 9199
7112 1121 7163 1131
4790 8067 5148 8781
4115 2634 4242 3789
8823 2748 8999 4985
3556 7533 4851 7974
7782 5205 8582 8096
6923 8100 8966 8103
353 161 4370 322
743 5755 2385 8025
750 2952 1772 3345
3556 6522 5197 7533
6375 8103 9129 8486
110 3516 653 4663
9286 0 10000 2383
8602 5205 8818 8018
4078 5755 6990 6522
5197 6522 5865 8550
4793 4123 5919 5655
626 9199 6015 9294
9459 4316 9975 4972
750 3345 1772 5755
7796 4985 9496 5024
1772 2996 3474 4522
5919 4123 6503 5031
5197 8550 5865 9199
135 9332 4465 9891
8338 0 9025 1410
838 337 1048 560
4097 4123 4793 5655
8818 5205 9129 8098
4465 9294 6164 10000
8338 1831 8823 4985
9129 8222 9763 8472
0 0 4821 73
3474 3983 4097 5655
2554 7402 3556 8054
6018 2616 6201 4123
626 8298 4702 8699
110 9915 4395 10000
4260 2624 5636 4119
9785 8486 10000 10000
626 9294 4191 9331
2386 5755 3540 7354
626 8944 5197 9199
750 2626 1772 2952
4615 2335 5302 2624
312 4675 750 4737
0 2626 750 3516
3829 2624 4087 3978
6225 5031 10000 5205
6164 9294 8100 10000
1048 378 4526 776
1581 776 4727 1509
1581 2300 3325 2613
7172 2137 7849 4087
