3323 3331 3639 3782
1609 3835 2567 4291
2264 8306 3213 8448
3043 9253 6438 9482
0 1240 1472 1514
6496 1509 7543 3557
3234 694 6506 1240
3857 5533 4078 6289
1649 8845 3043 9284
1318 1514 1472 8845
6506 694 7357 1410
2567 1410 2971 4291
8599 5640 9387 7091
3440 9482 3799 9830
116 6925 899 7709
5330 143 9632 273
9387 1916 9960 2305
8818 1509 9960 1916
0 1514 1318 1905
3842 9585 5013 9867
6136 3557 6972 4470
8818 1916 9370 3746
1472 7296 3403 8303
3639 1410 3681 4384
2390 6013 3850 6331
116 7709 163 8964
7357 388 8674 669
4642 163 5330 694
697 7709 1318 8845
1472 3835 1609 7296
1609 6331 3342 7265
3681 3557 4636 4475
5892 5533 6294 8849
7067 3557 7541 7462
1551 140 3234 782
3403 6767 4850 8845
1649 9284 3043 9482
4850 6767 4992 8375
8572 7867 9473 9686
7543 7091 9387 7867
116 3372 834 5839
3403 6331 4339 6730
697 8845 1649 10000
1650 5533 2390 5945
7543 1509 7824 7091
3681 2791 6496 3557
3681 1744 6496 2791
8105 2127 8730 2503
1609 4882 6294 5533
8599 2503 8818 3845
163 7709 697 8964
2390 5533 3850 5930
1472 1410 2567 3835
899 1905 1318 7709
6438 4475 7067 9482
3279 4475 6438 4882
1472 8303 1929 8365
7824 2503 8251 7091
2971 1410 3279 4882
8572 9686 10000 10000
8251 2503 8599 7091
6294 6583 6438 9253
1472 8448 3403 8845
1978 1240 3957 1388
3043 8845 5006 9253
9473 2305 9898 6794
1609 4291 2971 4882
7357 669 9789 1509
9960 0 9998 3030
5487 5533 5526 6324
3681 1701 6274 1744
4636 3557 6000 4461
5006 5533 5483 9253
6296 4882 6438 6575
9387 2305 9443 4086
0 1905 899 3356
7824 1509 8079 2428
8599 3845 9387 5640
8105 1509 8805 2083
4073 1410 5012 1482
9789 0 9955 1462
1649 9482 3437 10000
5330 345 6209 690
5020 9482 8365 9901
7067 7867 8572 9482
5526 5533 5892 8849
3842 9486 5011 9545
116 8964 697 10000
3842 9906 8550 9997
0 55 9203 140
116 5839 899 6925
0 3356 116 10000
448 1056 1380 1160
5483 8849 6294 9253
