5767 7375 8165 8701
9338 2621 9664 3689
2 360 41 7529
3370 129 4116 5782
4878 1657 5767 8379
2380 5823 2484 7145
8570 7398 9338 7890
5866 3883 6483 6560
7440 4096 7831 4570
2380 725 3370 5782
1865 801 2058 1922
5767 0 6802 1452
8240 2939 8570 9511
5767 6735 7831 7375
2484 6191 3180 10000
7419 5218 7641 6404
4878 9055 8015 9489
1586 2488 1670 6202
9839 558 9976 6417
4219 5782 4844 7120
4212 364 4448 3096
9146 2939 9317 6787
8570 2939 9146 7398
931 4398 1065 6095
7831 0 8229 7375
8570 7890 10000 9710
931 6095 1554 7823
8230 9710 10000 10000
5767 1452 5854 6404
9338 0 9532 2228
1670 1922 2380 10000
3180 5782 3556 10000
345 2695 845 8648
8229 0 9338 2939
0 129 2971 301
7419 608 7816 4096
4878 8379 5767 8701
4878 9527 8173 9982
6490 6428 7831 6735
6802 0 7419 6428
2391 7251 2484 9742
801 8648 1012 9837
8229 2939 8230 8253
2484 5782 3180 6191
33 0 4194 114
5874 1452 6490 3857
3556 7245 4878 10000
1091 8648 1568 9896
3556 7214 3951 7245
9677 0 9835 7749
9338 3785 9677 7889
4878 0 5767 1657
6490 1452 6802 6428
4878 8701 7787 9008
4448 129 4878 5782
8165 7489 8228 8929
41 360 3370 725
