6534 6297 6845 8499
7930 7050 8081 7307
8508 1401 9001 1994
9312 5399 9746 8469
2666 7492 2751 8279
1708 7953 1948 8136
2248 4184 6675 4383
8006 9472 9236 9657
150 7953 774 8661
2467 5399 4952 5757
1906 325 7281 564
778 1079 1171 3753
767 9398 1104 9900
1171 1155 1320 2572
555 5657 1452 7578
7175 734 7418 2087
1171 2794 1911 3753
3806 968 5498 1403
2342 4854 3768 5399
8599 7311 9061 8607
150 7578 2248 7953
1865 4966 2248 7578
3965 1420 5415 1552
1911 3076 2409 3753
1906 268 9220 312
1371 2051 5025 2438
1651 1079 1671 1620
2751 6894 3465 8607
4952 5399 9312 5761
7533 5049 8902 5399
8916 313 9738 556
5025 1555 7175 1842
7930 6682 8996 6972
2875 1403 5443 1420
4057 6894 5503 7692
9659 584 9771 3768
7052 3223 9659 3768
9312 8630 9763 8779
6094 3315 6274 4000
5777 6029 5984 7697
7214 2719 7844 2906
6423 8824 7486 9675
1171 2572 5437 2794
5984 6029 7809 6071
2450 734 6772 968
2342 4388 2890 4623
2248 4383 2332 7440
6274 3315 6695 4022
6695 3320 7042 3791
7809 5930 8966 6068
55 268 1443 485
53 5437 55 6924
3768 4623 4703 5399
4703 4383 7533 4573
7465 313 7677 2558
1548 5888 1831 6804
1104 9568 4573 9670
2342 5939 7746 6029
2112 734 2450 1420
778 4022 1865 5437
2583 8607 9312 8799
1452 6804 1865 7578
3072 8801 4663 9244
150 1079 345 7578
5984 6237 6076 8607
4703 4573 7533 5399
1471 9398 2715 9541
55 485 150 8661
1104 9398 1442 9567
7705 1401 8500 2000
9004 5761 9306 7248
7930 6297 8881 6659
1859 2438 3720 2536
774 7953 1708 8661
2825 1420 3965 2051
4775 8799 6423 9675
4571 2794 5437 3753
1708 8171 2256 8656
3965 1555 5025 2051
7922 2002 9098 2534
1906 734 2112 1420
8093 4683 8664 5049
9370 8799 10000 10000
3296 6036 5771 6894
767 9901 9370 10000
8562 7311 8599 8503
1906 564 4417 734
6119 6297 6396 8333
1870 4158 2246 4966
8902 3768 9767 5328
1671 268 1906 2051
1906 1420 2825 2051
1443 268 1475 969
2450 968 2875 1420
5025 1842 7175 2438
555 1079 778 5657
2583 6029 2890 6760
7705 669 8912 1346
778 3753 5437 4022
2342 5761 9004 5930
7052 3768 8902 4177
345 1079 555 7578
2583 9361 4775 9398
4047 7697 5984 8607
9180 2037 9657 2902
5503 6894 5777 7697
6095 6071 9004 6297
8006 8799 9218 9433
5498 968 6772 1555
7533 4177 8084 5017
2377 6029 2583 8254
5751 2669 6854 2717
4417 564 7465 734
2409 3076 4571 3753
7275 2946 7691 3223
3164 4383 4659 4623
1911 2794 4571 3076
5437 2906 6695 3315
0 9398 274 10000
1104 9675 9370 9901
2248 4022 6695 4177
3465 6894 4047 8607
150 485 1443 1079
6845 6297 7930 7311
9771 7811 9989 8077
6772 989 7132 1218
9554 584 9659 1771
55 8661 2583 9398
274 9398 767 10000
2875 968 3806 1403
2583 8799 3072 9361
9061 7311 9312 8607
2342 4623 3768 4854
55 0 10000 268
