5457 3501 5696 4168
7065 7936 9777 8829
2411 4884 3122 5430
2648 3782 3274 4516
9450 8829 9777 10000
5457 4168 8845 4440
1235 1705 2639 4562
4867 6401 5357 8593
5167 1873 5457 4440
7115 9440 9450 9721
3682 9010 4867 9106
4867 8593 6973 8829
9412 4440 9761 4626
1235 1158 3403 1705
3323 9106 5498 9420
2640 3300 3602 3752
8980 1676 9777 4055
4224 1934 4315 4669
1951 4884 2411 6023
6661 6746 8190 7130
0 8726 754 10000
3122 9420 5498 9753
3710 7475 4866 9003
8315 838 8353 3197
3122 6024 3230 9191
4867 6105 5724 6401
4376 1770 5167 2816
3712 1705 3851 3612
8980 838 9777 1676
1235 4748 3323 4884
4867 8829 9450 9106
7025 3565 8374 3909
417 429 7849 450
754 7991 1162 9402
8644 5039 9061 5093
5724 7936 7065 8193
754 7282 2411 7991
4315 5039 6321 5671
7025 4055 8238 4127
417 614 631 4732
2164 8717 3063 9562
9777 0 9978 6911
8528 6272 9777 6788
357 6023 754 8726
8353 838 8980 3565
8190 5676 9777 6272
0 6023 357 8726
3823 7251 4625 7426
8313 0 9777 838
5724 5676 6641 7012
778 123 6086 301
2950 6278 2954 6717
1162 8279 3122 8717
5167 1152 5789 1873
3639 5894 3710 8173
5724 7130 8190 7936
9733 7048 9776 7891
1532 316 8109 428
1255 4563 3319 4748
8605 6788 9733 7563
5611 9440 7115 9709
9009 7563 9157 7900
3851 1717 4119 6105
1383 6023 2411 7282
5498 9721 9450 10000
2411 5430 2950 8279
5789 1206 7025 4168
6321 5105 9358 5671
2164 9753 5498 10000
5492 1873 5789 3450
5498 9106 9450 9440
8190 6272 8528 6788
9076 4055 9599 4334
0 4884 1951 6023
642 864 5634 1152
9777 8440 9982 9491
4315 4440 9412 5039
1162 7991 2411 8279
1162 8717 2164 9402
4119 5676 5533 6051
0 301 379 4716
7039 8396 7065 8653
754 9402 2164 10000
642 450 8313 861
6049 8193 6951 8498
5789 861 8313 1206
5357 6401 5631 7658
8190 6788 8605 7936
4119 5671 8393 5676
754 6023 1383 7282
6677 5676 8089 6664
7025 1536 7594 1637
777 1341 1235 3619
