1283 3283 1955 3754
605 4673 891 5887
5344 2968 7347 3005
7768 8312 8030 9228
9368 8627 9587 9850
8860 2076 9368 5321
1241 3797 1655 4478
347 6712 1861 7365
1836 285 3721 1090
3759 241 9860 638
1955 2951 3759 3080
605 2387 931 4512
3391 1090 3759 2951
605 5887 891 6712
3788 8854 4222 9127
1861 6712 2426 8804
592 9505 3318 9988
2178 4727 2599 5312
3776 7096 6400 7998
2735 4442 3184 4585
592 7752 893 8449
0 7752 592 10000
5264 5477 7580 6025
8860 5321 9368 7193
4418 7998 5820 9095
1343 9356 3374 9477
592 8454 1343 9505
891 4673 2178 5812
1241 1090 3380 1352
3393 6058 4563 6709
6683 3820 7456 4375
5344 2285 8860 2788
1955 3080 4249 3754
1503 1362 3317 2942
6883 9384 7518 9427
6883 8337 7754 9384
8646 4603 8792 5372
6683 3569 7511 3814
7698 1589 7993 1900
5910 7998 6815 8563
7714 2788 8194 6030
347 7365 1343 7702
4331 3080 5369 3725
6883 6511 8194 7870
3776 9127 6883 10000
7626 3853 7714 5477
9860 0 9982 9760
5141 638 9860 943
8860 7193 9368 10000
4248 7998 4418 8931
6400 7096 6883 7998
9705 943 9856 9877
5848 943 7636 1585
0 0 347 7752
1343 7365 1861 8804
1343 9477 3393 9505
6900 9437 7847 9939
3393 4442 4582 6009
4612 3761 4755 3802
8194 7064 8860 10000
9704 1656 9705 3246
347 1090 605 6696
8194 2788 8646 3154
2178 3851 5356 4417
891 5812 2426 6712
2426 5812 3263 7875
4587 5299 5229 6029
1800 0 1836 827
5451 3080 6893 3441
4125 2285 5344 3071
936 1160 1241 4673
1264 1362 1503 2682
7584 7870 8194 8250
3374 4442 3393 9278
3408 6713 3671 7018
4587 4442 7615 5299
1343 8804 3374 9356
9368 943 9704 8627
5264 5299 7210 5446
347 7702 997 7752
8194 3154 8646 6030
3690 6713 4587 7096
5462 943 5799 1529
605 1090 928 2292
3759 943 5462 2076
4587 6030 5790 7096
5790 6030 8646 6511
8194 6513 8826 7064
4020 663 5141 927
5790 6581 6865 7096
3759 2076 8860 2285
347 0 1577 1013
1003 8224 1330 8454
5458 3569 6683 4299
3393 7096 3776 10000
1836 0 9860 241
7646 943 9337 1560
