2753 9383 5913 9810
1475 5318 6125 5741
7867 6677 9410 8508
1778 9383 2751 9809
7867 6095 9410 6677
2506 955 3471 1456
3253 7912 6297 8757
7867 4560 10000 5141
8772 0 10000 3983
9410 6095 10000 8508
6215 7123 6916 7213
6928 1353 7674 3546
3369 7697 4929 7894
1623 4255 3585 4583
6442 617 6928 3633
575 8606 2930 8756
7838 3983 9999 4129
4538 1460 5398 4255
7867 5141 10000 6095
552 4609 5470 4703
6280 3633 7138 4245
823 2253 1618 3794
0 7542 324 9695
552 5318 1475 7697
409 4584 552 9383
1475 5741 6916 5926
717 7697 3253 8230
2785 7249 4234 7663
7138 3823 7702 4162
53 0 154 5348
5958 8757 6789 9810
5398 1460 6243 3732
552 8230 2654 8570
6789 9114 10000 9810
2437 6210 3046 7249
552 4703 6916 5318
5620 617 6280 1460
6916 4703 7838 7249
7838 8508 8287 9114
154 955 2506 1460
6297 7249 6789 8757
154 0 5620 955
6928 617 7455 1236
390 9383 1778 9796
154 2253 409 6003
154 1460 4538 2253
8209 719 8772 3952
3046 6210 6916 6616
2930 8244 3216 8470
390 6011 409 6536
1475 5926 2437 7697
612 7697 717 7954
552 8757 5958 9383
6290 2078 6442 3324
6789 7249 7838 9114
3584 5926 6025 6144
7838 4129 7867 8418
7867 4129 10000 4560
3506 955 5602 1401
7087 4245 7599 4585
6025 5926 6916 6210
3046 6616 6916 7123
8287 8508 10000 9114
409 2416 796 4584
0 9810 10000 10000
7629 40 8033 617
3594 4255 3962 4439
7731 617 7761 2286
1623 2253 2880 4110
4929 7249 6297 7912
