7490 7378 8305 8844
5706 8077 6144 9925
234 1480 7509 1515
956 5116 1914 5471
5045 8077 5706 9410
1996 5734 2343 9410
7914 1798 7924 5659
9592 5307 10000 6783
21 1480 234 3902
2343 6425 4893 6978
8757 5827 9093 6425
1225 2142 1363 4895
0 1178 5679 1480
3695 1515 5214 1883
3612 8077 4192 8501
2343 5734 7558 6425
7119 7713 7349 8440
7923 6433 8226 6822
9098 0 9260 1282
3417 4712 5552 5499
7509 893 7857 1954
5214 1515 7509 2272
8342 1723 8554 1798
234 5499 5552 5734
7924 5184 8757 6425
2433 1515 3695 3388
2099 1927 2433 4712
5787 7233 6570 7860
2343 6978 3312 9357
9093 1798 9317 7233
5679 86 5965 393
0 6391 1056 8450
0 9939 8744 9991
0 8450 979 9627
5679 393 7509 1179
9592 851 10000 4942
3420 6978 3530 9091
2433 3388 3651 3912
5214 2272 5797 3388
7184 5477 7807 5700
9317 0 10000 851
2107 9410 2229 9804
3651 3388 5552 3912
2433 3912 5552 4712
5787 6644 6190 7201
1461 2142 1886 5078
5552 3600 7807 5477
8688 0 9069 1672
3695 1883 5214 3388
8226 6425 9093 7233
1150 8939 1837 9776
4192 8077 5045 9410
8757 1810 9072 5827
2657 9410 5357 9923
5797 2272 6440 3388
1892 1927 2099 4969
234 5734 1996 6391
7763 8844 9286 9925
2099 4712 3417 5499
9592 4942 10000 5307
9317 851 9592 7233
7925 91 8174 893
1923 1515 2418 1926
6144 8077 6570 9925
9592 6783 10000 7233
5552 3388 7807 3600
6570 7233 7119 8741
8315 7233 8676 8804
3873 0 5679 1078
7914 1045 8651 1720
640 2142 1224 5009
3530 6978 5787 7860
7452 8844 7763 9925
4893 6425 5787 6978
6440 2272 7747 3328
1837 6391 1996 9939
1996 9925 4741 9939
1868 37 3873 804
5679 1179 7016 1477
9286 7233 9849 9925
6570 8741 7452 9925
8739 7233 9245 8809
7558 5734 7906 6347
0 0 1071 1167
7924 1798 8757 5184
1056 6391 1837 8939
234 1527 1526 2006
7807 2272 7914 5734
3530 7860 6570 8077
9849 7233 9998 9908
1076 1078 5531 1178
