3347 7963 7611 8555
8231 5415 8647 7576
4644 6538 7289 6772
4824 3882 5897 5096
3468 9684 4675 9845
2098 3882 4824 4345
5687 8555 7611 9050
9458 3507 9669 5158
7611 7963 9400 9050
0 3752 1034 3879
5897 2579 6441 2748
3028 1476 3621 2401
5610 455 5897 2195
447 2956 2048 3751
1794 455 2680 2956
4644 6810 6694 7258
981 9684 3468 10000
3541 4345 4824 5096
7127 594 7339 4262
4411 7219 4636 7263
981 9234 4352 9684
1146 455 1794 1719
4232 128 8231 455
3541 5632 4411 7277
7341 594 7522 7963
981 8555 5687 8850
4644 5632 6304 6537
5687 9050 8131 9845
5897 2817 6458 4544
2680 455 5610 1453
1146 1719 1793 2573
6707 3965 7101 4535
9458 5638 9983 9043
3347 4345 3541 7963
1146 0 4232 455
0 7961 981 10000
8131 9050 9266 9372
981 8850 2504 9234
3468 9845 8131 10000
8131 9374 8814 9994
0 6495 981 7961
2348 7284 3217 8555
0 3927 1459 6495
4331 3561 5778 3882
6669 5632 7308 6361
3719 1453 3833 1583
6477 1673 6589 2849
3717 2625 4252 3750
2680 2401 3717 3882
2504 8850 4352 9234
4675 8850 5687 9845
7640 1785 8096 7963
2098 6141 2348 8555
1724 3882 2098 8107
2098 5275 3182 6141
6407 501 6466 594
447 0 1146 2956
8778 628 9988 2000
1490 3882 1716 6248
4177 1709 5114 2195
981 6495 1676 8467
310 0 447 3438
3217 6753 3347 8555
4232 0 10000 128
2737 6141 3347 6753
2105 3010 2661 3136
61 0 308 3137
9400 2000 9433 4273
3541 5096 7341 5632
3541 7277 7341 7963
4352 8850 4657 9481
8778 2000 9315 7649
3717 2195 5897 2625
2475 6218 2737 6609
2348 6753 3217 7284
4331 2625 5843 3419
7522 829 7598 6123
