8877 2546 9077 4025
8712 4025 9563 4599
4622 2822 5736 4705
5071 1948 7125 2227
729 1403 1873 1777
3517 4188 3797 4838
5071 1499 6246 1948
0 7596 370 9564
0 7260 377 7590
4321 4935 4606 7897
1869 6773 2561 9417
0 6773 1665 7238
6814 2633 7412 3296
7760 2546 8003 3616
7947 4599 8065 5188
4606 6044 5687 6219
0 1788 937 3067
7327 3538 7760 3616
3517 4838 6147 4935
4793 7706 8304 7897
7631 666 8422 2319
8304 4599 10000 5099
2936 6773 4321 7897
2004 9458 8408 9627
4606 6224 4793 7897
9220 6663 10000 8374
2477 590 2773 2822
128 590 1214 1207
5067 8835 7435 9417
8899 5099 10000 6663
0 5352 2690 5786
8633 8374 10000 10000
757 9458 842 9622
8442 5099 8897 6540
8738 0 9411 103
4606 4935 5952 6032
757 8989 1869 9417
498 3807 3797 4188
5269 4705 5649 4823
9609 2262 9650 4375
7365 666 7631 2319
0 6416 2865 6771
2254 9651 3466 9968
3797 2822 4596 4838
1112 8255 1584 8968
757 9417 8633 9458
6044 2877 6147 3596
6873 3296 6979 4025
3466 9627 8633 9670
3634 590 3931 2546
8442 7389 9139 7691
8408 9458 8607 9557
8003 2546 8877 3616
9161 6663 9186 7894
7365 0 8422 666
3149 4188 3517 4312
937 2209 1347 3067
498 4325 2662 5347
4793 6281 5125 6859
1873 648 2461 1788
5736 3596 6126 4825
3931 590 6307 1162
1777 6773 1869 7561
0 5786 2361 5994
2773 590 3634 2822
396 7260 673 9946
6873 4025 8712 4599
2561 8088 8842 8374
6873 5286 8294 5783
7998 8380 8519 8619
757 7649 1112 8989
9077 2546 9563 4025
937 1788 2477 2209
2936 7897 8842 8088
3931 2319 9563 2546
6814 3296 6873 4935
2878 6419 4261 6773
8852 7897 9220 8371
8422 0 8738 2319
2690 4325 3517 5786
0 3067 2477 3807
2561 6773 2936 8088
534 4188 2099 4275
2574 5786 4321 6416
9563 0 10000 2262
8304 6710 8422 7633
673 7649 757 10000
1781 6043 2574 6276
2609 9156 5067 9365
0 6350 2533 6416
6307 0 7365 1499
4596 2822 4606 3759
2561 8374 4310 9150
5952 4935 6873 6224
2477 2822 3797 3807
1347 2209 2477 3067
7741 9670 8633 10000
7435 8383 7998 9417
4793 6859 8304 7706
6979 3616 8877 4025
3634 2550 5901 2822
673 7291 1555 7649
6246 1499 7365 1948
757 9683 1566 9807
3507 9670 7741 9980
3931 1162 5071 2297
5071 1162 6307 1499
3517 4935 4321 5786
0 3807 498 5352
5244 8381 7216 8835
5342 6224 8296 6856
6147 2822 6464 4935
0 0 6307 590
3931 2297 7301 2319
6464 2822 6814 4935
