2160 7831 2496 8885
8815 3177 8851 3591
5154 1560 7801 1751
1598 3613 1771 4125
1491 814 1588 4148
5154 1954 7164 3613
7164 1954 8054 5617
2868 5250 3060 6336
8237 3177 8802 3590
4921 510 5154 3613
0 9710 3110 10000
2504 2064 3429 3613
8211 9662 10000 10000
9752 1873 9879 2580
5160 9865 6531 9978
0 411 260 7831
5768 1792 7955 1954
8211 8647 10000 9662
7420 5617 8038 6268
575 6997 1028 7728
2837 3613 2867 6647
6667 3613 7028 7300
6741 9320 7539 10000
2504 1683 4921 2064
2496 8311 3102 8876
1777 1683 2504 3350
2496 7831 3368 8310
3861 8017 5064 9117
5160 9431 6741 9865
4692 9431 5160 10000
5064 8017 5416 8522
9459 0 9752 7831
209 7831 824 8702
2160 9320 3110 9710
5064 8647 7329 9110
7164 5655 7418 6789
2978 9040 3861 9117
9752 2580 10000 8647
6691 7831 9752 8647
2631 5580 2837 6692
6515 7300 6756 7831
2868 4715 5309 5250
4173 510 4761 1106
1961 79 3958 411
8054 3595 9228 5315
3958 0 7756 403
1047 510 1487 5580
9235 3595 9456 4200
8054 411 8237 3595
2868 3613 6515 4715
1487 4416 2817 5580
7028 4289 7120 4603
575 510 1047 6997
7420 6463 9356 6767
3154 5250 4839 6019
575 440 4156 510
0 8736 2160 9710
6756 7300 8559 7831
6515 3613 6667 7300
7539 9320 8211 10000
824 7831 2160 8736
1588 510 1763 3222
1596 7048 2448 7831
7420 6767 9459 7300
1047 5580 2631 6692
2448 7048 4917 7831
1784 580 4173 1683
3110 9431 4692 10000
3865 7831 6691 8017
8695 6300 9223 6433
1596 6692 3154 7048
9235 4207 9459 6441
7399 8647 8153 9311
260 411 575 6270
8559 7300 9454 7824
5309 4715 6515 5250
2160 9117 7399 9320
8237 411 9459 3177
3374 7831 3781 8742
1047 6692 1596 7831
3907 9320 3965 9431
4917 5250 6515 7831
8326 5406 9235 6072
4173 1230 4647 1670
3429 2064 4921 3613
260 6270 572 7825
