641 1343 2704 1568
7946 7800 8680 8057
4353 1280 7270 1766
4672 8797 5621 9058
8680 7800 10000 8199
6064 8057 8680 8199
108 4123 1313 4600
108 1967 924 2687
0 392 108 10000
4486 9407 7922 9623
868 4040 1465 4123
5673 5507 5912 7325
3660 8872 4307 8892
6060 244 7147 568
1777 1568 1987 3262
169 7158 462 8158
9132 4005 9459 6271
1354 0 4378 319
108 933 4875 1280
7253 6428 7467 6503
8606 4329 8938 4600
108 1568 1777 1967
5621 8928 7023 9407
1201 7752 2624 8254
6064 8199 6950 8505
5483 9837 7614 9957
0 328 1408 392
6686 6737 9911 7074
2546 8520 2860 8674
2696 2737 2976 4011
9398 8199 9969 8827
108 3944 2043 4011
2540 5118 2752 6740
5547 2970 6108 3171
1225 4840 2066 4947
8532 1280 9910 1608
6009 3172 6662 3846
1512 392 1529 666
4845 4215 6778 4310
4378 0 7147 244
4486 7422 5841 8505
7196 5689 8163 6368
462 7158 5673 7330
5841 7800 7946 8057
108 9526 1620 9829
0 0 1354 319
5841 7569 6915 7800
1465 4011 2614 4823
3675 2697 5056 4042
924 1967 1538 2687
7194 238 8453 657
4998 568 7147 770
1671 1967 1777 2497
3675 4042 7030 4108
3299 1989 3675 4310
108 770 8798 933
734 2687 1670 2857
1620 8674 2860 9047
7949 9407 8263 9585
3834 5118 5156 7063
7270 1623 8726 1766
9558 2903 9654 3789
9912 0 9983 7534
1567 6912 3687 7157
1201 7330 5752 7422
1201 8330 2700 8520
5336 244 6060 459
2452 1989 2585 3665
108 2687 734 3944
6483 7074 9911 7330
1201 7445 4393 7752
8726 1623 9911 1989
5673 5172 7072 5507
8031 3252 8043 3839
892 9238 1449 9526
7713 8199 9398 8505
5355 1766 8726 1950
1068 5475 1567 7158
5263 5014 5673 7023
7019 5651 9132 5689
7929 8505 9398 8797
169 1280 641 1537
108 5118 2365 5372
7270 1296 8325 1623
4486 8505 7929 8797
4998 244 5138 502
108 9829 4486 10000
9470 3946 9647 5313
6686 6464 7160 6737
1567 5475 2254 6654
6605 5689 6686 6748
7030 2934 7235 4795
3660 7752 4486 8872
7023 8928 8904 9407
2860 7752 3178 9829
7656 9637 9985 9991
6915 7569 9911 7800
1122 8802 1435 8845
9654 1989 9911 6428
1620 9047 1807 9829
5993 1950 7185 1980
734 2857 1777 3262
4875 933 8798 1280
8156 1993 9654 2903
299 8974 1620 9088
3660 9278 4022 9699
111 6014 630 6440
1807 9047 2860 9829
7147 0 8790 235
5841 8057 6064 8505
734 3262 1987 3944
108 5014 5241 5118
7147 687 8359 768
7521 6514 7855 6719
3299 4883 8031 5014
641 1293 1654 1343
9132 2903 9508 3813
5621 8797 9398 8928
1529 319 4998 770
1201 8520 2546 8674
2277 5475 2511 6863
2958 5228 3289 6565
2704 1280 4353 1766
5678 2030 7051 2066
5841 7330 9911 7569
4486 8797 4627 9386
8798 0 9911 1280
9911 0 9912 6046
5215 9058 5614 9398
462 7330 1201 8674
3178 7752 3660 9829
8347 6428 9870 6737
1538 1967 1609 2610
3769 1989 5678 2658
2453 1568 2704 1970
5156 5118 5263 7158
2704 1766 5355 1950
4893 9058 5215 9400
5547 3172 5846 4041
6950 8199 7713 8505
3675 4108 4668 4309
4378 244 4994 319
1987 1568 2452 3944
630 5475 1068 7158
5595 2665 6079 2879
3299 4310 7030 4883
5912 5507 6483 7330
2976 1989 3299 4840
8904 9333 9647 9570
5678 2428 7973 2591
