8330 8434 8630 9812
9689 1782 9907 7576
3631 4145 5332 5195
5041 5351 7372 5737
7372 4913 9018 5737
8454 3740 9445 3758
5249 970 5367 2589
270 170 575 6879
855 2252 4263 2474
7543 3220 9376 3736
5523 1795 6210 2746
3780 8958 4072 9457
7414 2231 8394 3215
3714 1637 4163 2220
7843 1782 8564 1909
7030 2231 7414 3863
3710 7425 9018 8034
8586 0 9798 1462
4052 6655 5880 6958
7030 1483 7418 1631
575 2840 1606 2963
4052 5737 5880 6140
780 2965 803 5174
460 6879 1227 8958
6863 8958 7310 9812
780 5946 1386 6879
7843 0 8523 787
5332 4145 7406 4642
7414 3227 7541 3463
8688 4145 8990 4692
9850 0 10000 1724
9390 7428 9686 8139
9018 4145 9379 8034
1227 6879 1643 8780
1857 9353 3778 9617
2094 4508 3631 4639
575 170 855 2840
3710 8139 7310 8706
4567 338 5249 3654
460 8958 3780 9353
8687 3863 9687 4145
4263 3654 4526 4136
5880 6083 9018 6542
2507 1637 3700 2244
5979 2930 7030 4107
7030 3863 8687 4145
3216 2474 4263 2840
855 170 1489 2252
5249 3063 5946 3222
5880 6542 9018 6958
5636 0 5725 1517
8692 2050 9671 2201
3706 849 4485 1225
5646 4737 8907 4913
2547 6241 2934 6578
7310 8434 8330 9812
3012 5495 3710 8706
2395 6879 3012 8191
8630 9015 10000 9812
5332 4913 7372 5195
2058 6879 2395 7621
4052 6958 9018 7425
270 0 2444 155
1643 8191 3012 8706
5880 5737 9018 6083
5922 8706 7310 8958
7417 4145 8469 4711
0 0 270 6879
7310 8139 10000 8434
2507 353 3073 510
682 9812 10000 10000
7092 0 7738 492
3710 5495 5041 5737
1643 7621 2395 8191
2547 5195 7372 5351
2422 8706 5018 8772
8586 1570 9848 1782
855 2474 3216 2840
4263 1637 4567 3622
2547 5367 4928 5495
1230 3236 3949 3237
803 3237 2214 4145
3710 8034 9379 8139
3710 5737 4052 7425
7030 1631 7422 2204
2507 10 4706 338
5018 8706 5922 8780
1489 361 2472 1581
9379 5204 9679 6483
7425 1758 7837 2231
2 7824 460 9319
2214 3237 4263 4145
780 5195 2547 5946
5108 8958 6863 9812
4052 6140 5880 6655
682 9353 1761 9812
4765 9142 5088 9261
2507 630 2883 1625
582 2965 780 6508
1761 9397 1853 9621
1227 8780 3380 8844
460 9353 682 9919
1386 5946 2547 6879
1642 2842 3832 2965
7425 524 7824 1688
1649 6901 2058 7598
803 2965 4263 3236
803 4250 1478 5195
8630 8860 10000 9015
1761 9621 5108 9812
8630 8434 10000 8860
