5940 3194 7459 3987
6569 0 9089 1263
1317 3987 6227 4995
6069 2584 7353 2684
6 1406 64 8517
5101 7773 5777 8243
633 1406 1115 2412
7993 9034 8178 9053
6546 9359 7225 9642
1126 906 1529 2954
4435 1264 8967 1518
633 3668 1115 5446
2378 8441 3125 9379
1115 3987 1317 5446
86 1406 487 4326
0 194 1115 1406
5165 2251 9967 2385
6239 6157 6546 7635
2960 1812 5162 2467
7360 5127 8651 5177
7225 5560 7418 9642
1529 2584 2937 3194
86 5988 633 8441
1837 8441 2378 9379
1529 1068 4434 1563
3007 336 3504 965
8440 5734 9009 7479
1288 5446 1523 7166
652 5446 1288 7961
8451 9034 9829 9982
9090 0 9413 1223
4520 5416 6175 6447
6546 6042 7194 6568
1317 5085 3646 5446
1573 1563 1784 2389
2845 5446 3335 5962
2845 5963 4167 7901
5165 1812 9905 2074
6227 4362 7360 5560
5101 8243 6227 9641
86 8441 1837 9379
1523 7901 4268 8441
9400 7479 10000 9034
7321 2461 9014 2497
1784 1793 10000 1812
9658 2497 10000 4362
7459 2988 7819 4362
1784 1563 10000 1793
7993 8166 9400 9034
4167 5963 4228 6540
0 9379 662 10000
1784 2497 9658 2584
2734 1812 2960 2432
9432 4970 9987 7254
487 1406 633 4326
3365 5446 4124 5913
4520 7773 5101 9641
6546 5560 7117 5763
6227 3987 7459 4362
86 4326 633 5988
7360 4375 9689 4898
6227 9642 7418 10000
4071 9263 4462 9629
2937 2684 7459 3194
0 18 5937 194
633 2412 1115 3668
4520 6460 6227 7773
3125 8541 4237 9263
64 1406 86 9379
4616 194 5097 1261
1523 5446 2845 7675
5777 7773 6227 8243
6546 6568 7225 9359
8367 5561 8440 7168
5097 194 6569 1264
1529 912 2568 1068
5165 2103 9562 2244
4520 4995 6227 5386
9415 0 9938 1405
2937 2590 5948 2684
662 9379 3125 10000
3125 9263 4071 10000
8440 7479 9400 8166
4311 4995 4520 8433
4071 9641 6227 10000
1115 221 2020 906
1115 3194 5940 3987
1523 7675 2845 7901
1288 7166 1523 8441
7418 5560 7993 10000
