5356 0 6735 396
2231 4637 2560 7667
7933 840 8797 1598
496 860 766 1711
1700 8048 3123 8470
7079 9484 9327 9715
4053 0 4453 2518
1062 9377 2461 9527
1096 3355 3886 3812
4020 8048 4934 9484
1160 8301 1506 8973
8708 3429 9380 3812
5510 3812 7113 4325
1096 2681 5444 2733
766 4325 6180 4621
0 9366 1062 10000
1810 7185 2231 7961
7414 7278 9271 7872
2898 9715 7916 9914
496 239 939 859
6763 840 7677 2604
1981 0 3173 2042
401 8359 946 8403
766 4637 1451 6688
7677 1598 8797 2604
6655 3355 8708 3812
2898 9604 7079 9715
766 860 1078 4242
2115 2066 2252 2262
1677 9157 3823 9366
0 3179 86 8358
8708 2936 9652 3429
3421 8530 4020 8940
496 7161 1533 7877
2898 9915 10000 10000
1693 5848 1776 6630
4934 8048 5794 9484
5307 4637 6220 5663
2233 2289 3801 2522
6200 1105 6719 1568
1160 8973 3291 9145
5794 8627 7031 9484
1693 5067 2104 5835
7677 840 7933 1598
4503 0 5337 1104
2898 9914 6029 9915
5912 6279 7134 6480
3801 2289 4050 2604
5541 2604 6695 3355
3354 3812 5510 4325
8623 5663 9276 6929
3662 0 4053 2289
9831 143 9995 2071
4394 3355 6655 3812
7113 4913 9380 5663
2608 4637 3145 7093
3227 966 3662 1302
7113 3812 8680 4913
92 3179 494 7892
5794 7962 6566 8627
2475 2815 2614 2994
5541 1105 6190 2562
3886 3355 4394 3812
9327 5663 9372 8756
3168 4637 4801 6122
496 1721 745 6411
9380 7236 9559 8570
8434 7887 9262 9414
1813 5848 2231 7179
4906 1105 4943 2466
1451 4637 1658 7033
2564 5933 2607 7256
8797 43 9703 1132
4020 9484 7079 9604
8797 1132 9831 2604
1096 0 1966 1753
5356 398 6685 1095
1528 7996 4836 8048
6695 2936 8708 3355
8702 2604 9831 2711
7333 6279 8620 7277
7032 8627 8405 9478
2231 7887 8434 7962
2614 2733 5541 3355
3168 6480 7330 7278
8702 2711 9736 2936
6695 2604 8702 2936
8680 3812 9380 4913
4801 5004 4962 5995
6220 4325 7113 5663
6200 1600 6763 2604
1062 9604 2898 10000
6566 7962 8434 8627
9736 2711 9993 9117
0 0 496 3179
2564 7278 7407 7887
7916 9715 9173 9853
773 4626 3147 4637
6763 0 8797 840
1377 3812 3354 4184
5307 5663 8623 6279
