43 7898 76 8631
6200 6190 6676 6552
4863 7369 5424 8472
5248 6620 8298 7010
29 0 1217 846
675 7934 1289 8307
2183 212 7444 235
8522 4436 9624 4935
529 7160 1659 7334
8631 266 9817 527
5424 7841 6005 8206
29 1916 773 3013
773 846 1217 3013
1217 1913 2155 2348
6380 388 6711 2405
5732 4478 6153 6620
4366 8812 4719 9846
6433 3593 7982 3779
29 6380 343 7522
2575 2634 3240 4402
4159 5371 4630 6527
2611 682 4110 803
2907 2390 3511 2634
7236 3779 7377 6162
7214 430 7678 1032
4630 7010 9249 7252
170 4524 907 5290
5764 273 6848 388
8058 8812 8559 9522
9249 5956 9449 8352
2023 4895 4217 5290
3240 4279 6454 4402
8298 235 8631 4047
2023 4478 4217 4895
1918 8500 9915 8727
3161 7917 4630 8497
7390 3779 7827 6381
5182 3779 6747 3948
8298 4047 8630 4356
3559 2365 4295 3779
5841 898 6359 927
1289 8727 4366 9500
529 7369 3161 7587
9463 4935 9624 8452
76 8351 1289 8884
7221 2426 7768 2744
4863 8472 9915 8500
3161 7540 3817 7896
5337 9393 6380 9936
4527 1833 5592 2571
8521 5698 9110 6451
907 4402 2023 5290
8560 8748 9773 9556
4295 2571 7214 2932
4295 803 4313 1834
76 7587 487 8351
6542 8916 6600 9034
9750 2744 9831 8385
170 3677 907 4524
6433 2932 7150 3593
107 3622 170 6039
3226 9500 4366 9718
4342 1869 4527 2259
1507 2365 2277 4243
9624 3379 9750 8472
5424 8206 9249 8472
8298 4356 9597 4436
3229 235 3271 536
4630 7252 6377 7369
524 3013 615 3557
1289 7934 3161 8500
1289 8500 1918 8727
0 9953 2396 10000
2183 803 2662 2278
4217 4478 5732 5371
6026 7795 8178 8190
907 3677 1507 4243
4630 5371 5248 7010
2172 6527 4630 7065
6377 7252 7566 7369
0 8884 1289 9953
9624 2744 9750 3379
9915 188 9975 5421
4167 235 5572 550
2700 803 3408 2359
1659 7160 4380 7346
5424 7369 7566 7696
7982 5965 8287 6243
0 0 29 8884
3559 3977 7236 4279
4342 1758 4805 1828
4961 1334 5545 1770
2183 0 3874 188
907 4243 2277 4402
487 7587 3161 7934
7566 7252 9249 7696
1217 1075 2183 1913
6454 4279 7236 6190
529 5371 1717 7160
5598 1828 6374 2549
3240 2712 3557 3866
3408 803 4295 2365
8298 4436 8462 5638
7237 9556 9915 9953
5424 7696 7944 7791
2396 9953 8079 9997
29 846 773 1916
5319 5481 5732 6279
7237 8812 8058 9556
7814 322 8287 3593
1717 7065 4618 7132
1717 5438 2099 6529
7982 3593 8298 5965
7150 2932 7814 3593
173 3631 987 3677
8631 527 9915 2744
2183 235 2880 478
3745 3797 4076 3977
4343 2932 6433 3659
4093 5371 4159 6288
1479 5290 2713 5332
1217 2365 1486 3277
5684 388 5841 1311
6153 4478 6304 6103
6392 4478 6454 5753
2023 4402 6454 4478
4366 8733 7979 8812
4146 7375 4863 7466
1289 9500 3226 9953
3226 9718 4232 9936
178 5290 529 6380
1217 0 2183 1075
6380 9034 7237 9953
4864 8812 5979 9022
2277 2634 2575 4402
3874 10 9113 188
8631 2802 9519 4178
