3980 2326 4306 3149
3151 8013 3729 9014
8942 9137 9818 9595
1703 1178 3651 1306
7072 843 7108 2271
0 4249 2097 4451
7498 3249 8595 3369
0 7905 1441 9504
8673 3433 9011 3547
1623 3500 2400 4194
4512 7164 6306 8182
1804 186 3016 1137
1441 7905 1634 9760
0 1306 3980 2151
0 9504 1373 9943
7069 2279 7108 8700
4306 2326 4768 3149
4512 6559 7069 6824
857 2151 1623 3557
3980 1523 5122 2326
928 5858 1265 7041
4160 4765 4794 6559
2494 3149 3973 4249
7108 478 7347 8809
0 3557 1623 4249
0 7374 850 7831
419 6268 853 6839
0 2151 857 3557
6815 186 7068 6308
1673 9116 3751 9998
1673 7905 2606 9114
7487 4073 8847 5236
4512 8182 5814 9283
5122 2111 6351 2326
1414 6001 2098 6802
7347 6814 8216 9168
2648 7905 3036 9029
422 4459 2135 5858
9056 4433 9948 5450
7069 8809 7347 10000
3016 186 3955 1072
2135 4249 3036 7372
3973 6559 4491 7199
0 4459 299 5930
0 186 1703 1306
7364 2211 9942 2419
9056 5498 9990 6814
3036 4249 3105 7365
7487 3369 8673 4070
3980 186 5846 594
5713 837 6280 1236
6306 6824 7069 10000
8942 8515 9773 8808
4794 4660 6371 6559
7347 520 9727 885
4020 7227 4512 9088
7347 9707 10000 10000
3973 3149 4768 4660
7349 1019 7364 5557
9056 3369 9774 3973
3753 8013 3950 9802
8216 6814 8942 9707
3973 9283 5814 10000
8595 2422 9738 3200
7364 1019 9990 2211
7935 904 8353 1019
9990 885 10000 9700
6371 186 6815 2668
7364 5466 9056 5817
3980 676 5367 1523
0 7 3687 186
1959 7393 2271 7905
3036 7365 3973 8013
7108 229 9317 478
4768 2326 6272 3100
3105 4249 3973 7365
4768 3149 6371 4660
7383 2422 7487 5219
7347 9168 8216 9707
1623 2151 3980 3149
4512 6824 5635 6896
5814 8182 6289 9676
1623 3149 2494 3500
7364 5346 8861 5466
8942 6863 9799 8357
6371 2668 6792 5747
7347 5817 9056 6814
