6661 6735 8229 8701
9338 1290 9599 2624
0 1452 1391 1653
2058 1782 4447 3474
3399 3474 5775 6386
2460 5783 2513 8377
8779 5801 8962 7890
5775 3474 6392 6151
7440 4268 7831 4742
0 3474 2524 5439
1865 1782 2058 2903
5656 0 6634 1452
7831 4268 8691 6276
4736 6763 6661 7503
2524 3824 3388 7503
7419 5218 7793 5922
6921 8929 8662 9711
1502 5783 1670 7640
9677 3791 9956 6668
3399 6386 5647 6758
4447 2649 5391 3332
8963 4268 9147 7844
8204 2653 9677 4268
245 5764 932 6095
7419 1267 9338 2653
8691 7890 10000 10000
1049 5439 1497 7842
2460 9793 8611 9880
5775 6276 6660 6763
9338 0 9677 1275
1670 5783 2460 9538
2801 8487 4878 9308
0 6095 915 9348
6634 0 9338 1267
419 109 2284 383
7419 2653 8204 4268
4878 8487 6506 8664
2521 9308 6573 9678
6661 6300 7626 6735
6634 1267 7419 6276
2460 8487 2790 9189
1004 8340 1215 9529
8229 6454 8234 7517
1616 5465 2524 5783
0 0 4475 106
4561 1881 6490 2649
2524 7503 6661 8487
1004 9538 2382 9970
3838 6850 3869 7245
9677 0 10000 3791
9147 4474 9560 7843
4774 0 5656 1452
1460 1452 6634 1782
4932 8701 6921 9150
2552 109 4774 1452
7744 8714 8166 8929
241 423 2552 951
