6018 6715 6412 8376
507 8324 765 8672
3783 244 6805 794
4855 8395 5446 9516
3777 3033 5660 4684
8220 800 9999 1145
3095 3391 3100 6528
275 2188 1314 3415
9774 3186 9794 7039
2158 8324 4385 8693
1986 8323 2437 8324
73 7048 218 7536
0 8693 1323 10000
6915 2915 7823 2945
341 5227 1402 8323
6912 0 7992 800
4239 2945 8173 3001
6235 4405 6874 4985
4737 800 5149 1594
7157 9322 8809 9533
1402 5227 3095 6357
7157 6869 9177 8217
1323 8693 4378 9804
3220 6807 6018 7896
275 1565 1308 1841
7789 4991 9177 6869
2208 244 3705 763
341 3415 1314 5227
3454 2921 3738 4644
275 244 1796 1565
5765 8517 5938 8914
2208 3391 2962 4802
7992 0 10000 800
6924 4405 9172 4982
4385 9648 9469 9996
1402 6357 3095 8323
1314 1565 2208 5227
6235 4991 7149 6066
7157 4991 7789 6827
4537 1890 8211 2904
781 8324 2123 8692
3115 800 3454 5196
0 0 6912 244
3115 5196 6235 6083
3115 7896 4189 8293
2208 800 3115 3391
6412 6715 7034 8301
4385 8395 4808 9554
1484 9804 3983 9986
3454 4807 6215 5181
337 3415 341 8292
1796 317 2149 1501
7355 8374 7786 9034
8748 1478 9855 3047
4832 9546 7221 9636
8220 1146 8748 4397
4832 9647 7884 9648
7297 3033 8166 4293
9711 4531 9771 8775
8748 1146 9873 1461
255 1562 275 3121
8748 3187 9771 4405
3454 800 4511 2873
2208 4887 3067 5227
7786 8217 9170 9281
9177 4405 9690 8259
5149 800 7324 1869
4385 7896 5999 8387
3115 6715 5433 6798
3115 6083 7157 6715
7374 800 8141 1816
9843 3186 9980 7876
