6844 6463 7058 9663
8007 6512 8079 7051
8508 921 8902 1663
9188 4538 9749 6913
2651 7680 2751 8349
1797 7968 2037 8151
1394 4039 3955 4383
8053 9380 9147 9588
56 7230 480 8369
4951 5105 5776 6172
0 521 2020 882
0 2192 1139 3287
614 9208 1376 9419
1145 2192 1360 3174
480 7230 1088 8171
7175 1148 7626 1877
172 3318 1394 4213
4023 1148 6772 1420
2480 5009 3888 5651
8599 7859 9764 8441
1797 7236 2640 7968
665 4524 2075 5318
3731 1420 4982 1573
1394 3097 2123 3574
3180 268 6028 381
1394 1585 2262 3097
1394 1565 1935 1585
2751 7556 5776 7781
6939 4506 8356 5930
8643 4525 8836 7087
9660 483 9934 1212
4951 1658 7175 1942
8836 4840 8983 6943
3034 1163 3210 1411
4951 6172 5776 7556
9155 2483 9665 3234
6854 1942 7690 3687
9062 8581 9513 8730
6273 3156 6723 3430
5776 6463 6392 7258
7843 2532 8158 2906
5944 8845 6844 9675
3982 2490 4951 3598
7125 5930 7661 6073
2391 638 4923 971
2480 4622 2813 5009
2248 4622 2480 5691
6040 3976 6682 4503
6050 3687 6696 3940
8079 5930 8163 7831
0 438 8693 474
53 5437 55 6924
3673 4383 4951 5009
6040 4506 6939 5105
7046 521 7705 1148
1797 6141 2188 6804
614 9568 5093 9647
4016 5009 4226 7325
2020 638 2391 1420
658 5318 2075 6050
4561 8389 5223 9568
1797 6841 2636 7236
2751 8595 3837 9244
55 6050 1797 6619
5944 8389 6395 8845
4226 5009 4951 7556
1376 9208 2208 9419
0 1495 1291 2178
614 9419 2811 9445
7705 812 8156 1868
9004 4525 9185 7006
7058 6463 7991 6832
3575 1827 3873 2439
1088 7230 1797 8171
2871 1420 3554 2486
5223 8389 5944 9675
4951 1942 5437 3687
480 8171 1850 8365
4982 1420 7175 1658
8510 1663 9098 2727
1607 882 1932 1375
8356 4506 8507 5890
8007 8799 9665 9266
2751 5691 3942 7474
767 9675 3491 10000
8512 7859 8599 8366
2020 521 5886 638
6395 6463 6814 7809
2075 4383 2248 6050
8508 3271 9641 4462
0 280 3148 438
2262 1585 2871 2490
0 518 7477 521
2391 971 2727 1420
5437 1942 6783 2991
55 4383 658 6050
2640 5691 2751 7680
8167 812 8430 3919
4951 3687 6040 5105
5776 5105 6939 6164
6696 3687 7585 4506
55 6619 1797 7230
4030 9242 4561 9395
4263 7781 6395 8389
9156 812 9484 2070
5776 7270 6214 7773
5776 6164 8049 6462
7199 8437 8007 9388
5886 521 7046 1148
7585 3687 8165 4485
2248 5691 2640 6840
6806 1942 6854 3045
4923 638 5886 1148
2913 2490 3982 4028
7690 2115 7794 3223
2248 4383 3673 4622
2321 2490 2913 3851
5437 3029 6273 3687
55 9264 525 9631
3491 9675 10000 10000
3982 3598 4951 4383
2751 7781 4263 8389
0 882 1391 1495
7058 6847 7936 8315
9771 7811 9989 8077
6772 1148 7132 1377
8472 707 9659 812
55 8379 2208 9208
0 9675 767 10000
2727 971 4923 1148
2208 8379 2685 9132
9004 7184 9550 7819
2813 4622 3666 5009
0 0 10000 268
