6064 3248 7227 3808
8404 2085 9559 3548
3094 8375 3883 8813
4386 4329 5663 4668
910 1761 2808 2063
6130 3866 7273 6734
6390 11 6950 824
910 6514 1257 6962
2813 1761 4917 2723
1100 109 2997 838
253 0 480 5159
1496 3248 2677 5888
8500 3548 9559 3911
2264 9548 6549 9898
7486 3242 8404 5207
480 0 5261 109
7486 541 8080 3242
5261 848 7273 1761
4386 6360 5102 6863
4952 8864 6990 9299
40 0 209 6522
0 9507 2220 9968
4987 1767 5976 2803
2998 109 4291 693
5261 151 6337 848
1094 7788 6621 8373
5995 6734 10000 7788
7033 8745 9970 9470
3037 3248 3665 6274
6953 0 7273 816
7273 5207 8744 6664
1829 6969 1930 7699
8080 541 8850 2085
480 109 910 8864
7033 7788 9981 8744
5759 4329 5994 7151
910 109 1098 772
1437 8375 1463 8776
8751 5207 9988 6057
1951 9016 3428 9307
9559 2085 10000 3977
971 3248 1496 5730
910 838 5261 1761
943 2066 2813 3203
1496 5888 3037 6310
5995 1917 6916 3248
5244 4703 5759 5742
2813 2803 4386 3248
8751 6059 9860 6711
0 9355 6917 9491
8850 541 10000 2085
8080 2253 8217 2320
8404 3977 10000 5207
2677 3248 2873 5347
7273 0 7486 5207
7486 0 10000 541
3694 3248 4254 5854
2241 6341 4339 6397
1930 6969 4383 7786
4173 9519 5307 9548
5995 3866 6130 6734
7249 1761 7267 3703
4386 2803 5995 4329
4505 169 4947 838
