2693 4958 4408 5399
2182 2832 2452 3442
2071 5325 2248 5613
3639 2189 4274 3841
5423 6080 5956 7107
5794 211 6996 572
5710 9382 6473 9933
3684 7954 6795 8694
5258 3143 5735 3508
8664 5238 9187 6194
410 572 1292 2010
3737 572 4336 2122
0 0 151 3044
206 9572 3541 9937
7928 132 7999 700
151 132 410 3044
5591 1440 5668 2972
5496 688 5591 2451
2967 5399 3598 5599
5088 3899 6005 4843
6906 6080 7391 7397
5709 1834 7345 1964
4353 572 6952 688
7391 6080 8008 7304
469 8209 1575 8546
8664 6194 9905 6350
5258 3131 7394 3143
6281 787 7776 1440
802 4565 2992 4809
5735 3143 9817 3153
6473 9256 7212 9975
9974 3153 9993 6001
1778 6288 2445 7811
2693 6650 2863 7029
8664 7569 9761 8134
5709 1456 6221 1804
9174 3775 9834 4140
7397 3769 7451 5086
4289 3219 4353 3830
2693 7155 3121 7426
4306 6080 4933 7889
3299 9276 4626 9408
6401 6145 6879 7251
9357 9456 10000 9975
4408 4958 5379 5399
6005 3899 6487 4073
6848 7480 7941 8724
8029 6312 8631 8504
1840 8802 3299 9149
2967 5632 4306 5911
968 4958 2049 5874
6524 3841 7397 4440
2452 572 2620 2189
410 132 2297 572
8904 707 8985 1750
6524 4440 7397 5086
8664 6350 8747 7449
3684 6650 4237 7652
2693 5911 4242 6645
2525 2851 2618 3316
311 4843 3858 4954
4353 3511 7451 3769
8603 1964 9972 2453
6005 5136 6524 6080
3273 7155 3684 7554
6046 4289 6524 5136
1679 572 2452 1140
6524 5086 7451 5606
2620 1291 3737 2189
4816 8834 5474 9298
84 3044 206 7234
657 7242 1729 7339
7451 3511 9905 3775
3234 7581 3666 7839
9187 5238 9884 6109
8438 3153 9742 3511
5258 2498 5509 3117
2620 572 3246 1291
4042 4843 5257 4958
8886 132 8978 647
7212 9638 8306 9975
5379 4843 6005 5579
449 4958 947 5814
362 9193 2840 9465
8004 132 8871 1369
206 4843 311 8209
8029 6080 8646 6297
2445 4958 2693 8581
7451 3775 8664 4344
469 8724 8029 8802
8306 9256 9357 9975
311 7339 552 8209
9905 3153 9964 8507
9615 273 9924 1829
151 51 5976 132
7802 4344 8664 6080
6524 5606 7451 6080
206 9495 2946 9569
5552 8834 9669 8835
5552 8843 6457 9382
312 4958 449 6762
4353 3769 7397 3841
568 3841 6524 3899
2248 4958 2445 6288
9357 8835 10000 9456
2452 2189 2956 2836
9972 797 10000 2933
206 8209 321 9423
2178 1140 2448 2825
8504 1964 8603 2395
3234 8100 3677 8161
8985 132 9595 1928
5130 7251 6839 7412
2992 3899 5088 4843
5709 1964 6654 2647
8819 6350 9889 7568
7638 1964 8267 2779
206 3044 568 4843
8029 8534 9937 8790
357 8245 462 9019
848 3135 1679 3458
4816 8802 9395 8833
2693 5399 2934 5771
1679 1140 2178 3458
6931 2055 7583 2654
568 3899 2905 4495
410 2200 1533 3044
7212 9259 8148 9638
8488 2453 9972 3143
8664 4211 9905 5238
3884 5407 4305 5632
469 8581 2102 8704
5130 7423 6674 7852
4353 688 5496 2498
3246 572 3737 1291
1092 3458 3639 3841
4939 6080 5128 7943
568 3458 1092 3841
2957 2189 3584 2846
9742 3153 9893 3343
5379 5579 5989 5708
6473 8835 9357 9256
469 5898 1383 6156
552 7339 1475 8135
6069 2789 8488 3060
4332 5419 5379 6017
7451 4344 7802 6080
206 9975 10000 10000
5735 3153 8438 3511
5379 5713 5873 6070
669 6288 1068 7186
4353 2498 5258 3511
