3964 9782 8550 10000
38 361 154 8549
8550 8903 10000 10000
7968 2739 8134 8903
2655 361 2848 2402
207 8592 2098 9493
885 3235 3656 3591
4672 6674 6767 6914
154 361 885 2093
2848 361 7799 982
2140 8592 2679 9789
6432 5522 7968 6652
885 5681 2503 7515
2848 1123 4628 2402
2689 3591 2883 7486
2105 361 2655 2402
0 5 9376 163
9244 5236 9856 8903
7968 361 8134 2739
4669 2840 6137 4520
2883 3591 3690 6674
885 2428 3373 3143
1001 3702 2124 4097
9067 1721 9852 2873
534 7519 2609 8588
5071 8124 5872 8608
3964 6674 4672 9782
5958 4548 6183 5497
9003 163 9067 1346
534 3743 858 6832
1078 1562 2105 2358
8915 2873 9653 4155
230 3743 531 3956
8134 361 8960 2835
5071 8608 6774 9592
885 361 2105 1559
3195 6890 3337 7739
4669 2402 6115 2811
3690 2402 4669 4548
8134 7559 9244 8903
8134 2873 8682 5649
2188 9818 2669 9943
4672 8106 5029 9728
6806 2402 7968 5522
2848 1072 4557 1123
6154 2402 6770 4433
8682 5236 9244 7263
2518 3591 2678 7211
6183 4548 6806 5522
0 9509 2057 9986
154 2093 765 2451
8134 5649 8682 7559
3690 5487 5703 6654
3690 4557 5809 5419
3852 169 8803 361
9653 2873 9831 4977
4628 999 7901 2339
5071 9599 8550 9782
8682 7263 8986 7460
6823 6947 7891 8741
885 4097 2510 5678
9856 163 10000 8903
4672 6973 6776 8106
6823 8938 8456 9599
8682 4250 9628 5236
2679 7739 3964 10000
