49 1136 128 4446
1186 3133 1751 3973
5742 1757 6717 2612
0 7528 1765 7829
8695 3205 8836 6621
1031 5729 1711 6907
685 9599 2564 10000
4525 8363 6053 9136
9744 308 9874 2685
1751 3133 3038 3973
3204 8967 3626 9239
3911 7935 7183 8168
3204 9301 4303 9995
7274 349 8284 488
5273 3936 5742 5598
451 708 2022 943
8180 488 8416 2485
451 1367 1186 5197
4525 8168 9591 8363
6775 6199 7801 7037
451 5197 3349 5729
7115 1732 7802 3434
8180 2622 9640 3202
257 0 419 4446
3349 3133 3684 3936
8847 3205 9440 5469
4014 4718 4196 7060
1186 2575 2431 3124
7962 6199 8414 6968
2654 5729 2823 6864
5530 1757 5742 3936
5742 3438 6727 5511
5887 9217 9246 9788
6053 8363 9591 8525
5906 9136 8641 9205
3684 1757 4649 3379
7701 3438 7815 4501
6755 3438 7700 4734
2172 9413 2522 9599
2131 7913 3147 8967
1186 3973 3038 4698
2105 0 10000 95
2131 8967 2403 9324
0 4446 419 5958
3349 3936 5273 4564
2232 7529 3148 7550
3468 4718 4014 5995
4028 8215 4525 8521
3684 1134 6644 1757
137 1572 257 3296
4514 95 10000 308
4514 491 5692 773
419 5729 924 6638
4034 95 4506 892
7962 7061 9874 8168
4308 8967 4495 9875
4748 7060 7142 7526
0 5958 419 7060
8417 486 9642 2622
844 8995 2131 9334
4181 7530 7937 7913
3072 1267 3667 3119
6755 4734 7815 5914
7115 715 7767 1689
844 7829 2131 8995
1712 5729 2576 7012
451 1301 2781 1367
3911 8521 4188 8802
5000 1757 5530 3471
8180 3205 8458 3433
6053 8525 9591 9136
4196 4564 4885 6172
1250 9334 1437 9363
3353 4564 4196 4718
2842 5729 3248 6860
7828 6199 7962 6800
419 6772 990 7024
3480 95 3998 910
3038 3133 3321 4585
1186 1367 2126 2559
1186 4698 3349 5197
3147 7913 3791 8350
4308 9903 9792 9996
6755 5917 8404 6186
6644 1134 7115 1757
3684 3553 5258 3936
7809 657 8180 3431
419 0 451 5729
9591 8168 9794 9121
4196 6172 6501 6702
6124 5598 6755 5721
7815 3438 8695 5912
785 7829 844 8570
8847 5879 9819 6997
2433 1382 3069 3133
9874 308 10000 10000
6717 1757 7073 2995
4514 797 7016 966
5742 2612 6621 3260
8635 6755 8694 7061
7449 488 8176 638
1511 7060 3620 7523
451 966 7115 1134
2131 7673 3450 7806
9642 3781 9869 5874
0 7829 685 10000
4885 4564 5264 5636
2105 95 3480 966
451 1134 3363 1261
451 0 2105 708
8417 308 9550 479
2564 8967 3204 10000
