1111 7569 1521 8138
4025 571 4776 847
1597 4126 7922 4261
856 810 1529 845
3063 8800 3262 8817
2621 3002 3776 3718
5614 9573 6057 9654
1532 322 2439 1345
5900 4439 7131 4480
2621 2053 3313 2799
5429 2192 6176 3523
5439 7818 6274 8268
0 134 856 565
1930 4446 3395 5261
8447 1845 9320 2313
3063 7200 3550 7726
5715 8268 8182 8520
1341 9030 1965 9335
0 9774 2001 9990
6176 3512 6415 3707
391 8653 777 8711
3002 5558 8809 5585
7539 8520 8965 8740
4252 7200 5202 7384
9639 1831 10000 5063
9480 5063 10000 6767
3576 5041 7041 5261
4841 645 8046 698
3464 4446 3576 5089
1111 6584 1613 7169
4252 9124 5147 9728
1930 4345 3576 4446
2802 9634 3367 9971
26 5585 985 5777
7284 1895 8045 3487
9060 9700 9985 9990
1786 1725 2161 2132
1341 9335 2620 9671
804 6584 903 8428
1688 3098 2460 3663
8930 5138 9216 6699
3776 1895 4265 2117
2621 424 3327 1869
5439 7540 8182 7818
8958 3334 9398 4126
9886 6834 9983 9528
4168 8337 4230 9890
4177 4345 5451 4426
8083 3748 8958 4126
6176 2703 6436 3512
903 8928 3617 9030
2776 9030 4168 9243
3776 2764 4432 3718
1623 6653 3236 6670
5499 5844 6062 6088
2460 134 2621 3663
8083 571 9527 641
903 8338 1975 8928
5271 1915 6573 2192
5674 4544 6889 5034
4025 1292 4811 1751
26 3663 2513 3802
3758 6780 3932 6977
116 5781 5439 5892
8083 2772 8958 3748
2072 5661 4852 5762
9060 7921 9836 8271
8555 6767 9882 7241
8182 7540 9056 8375
6894 4544 7788 5020
5439 7222 8103 7540
9076 4287 9498 4882
4432 2764 4969 3690
5147 9124 6363 9573
7828 5839 8287 6074
9060 8469 9874 9688
2132 7053 4925 7200
3776 2150 4309 2764
6436 2703 7284 3487
87 3098 1688 3576
6776 6201 8103 7222
586 4510 1597 5585
7869 5063 9448 5137
4925 5892 5282 6544
3512 333 3985 1686
3327 145 8978 333
1138 5950 4488 6179
5715 8520 7539 8740
8965 8520 9058 9644
6124 6078 8103 6201
8958 2772 9340 3334
7922 4126 9323 4268
3512 1793 4455 1895
26 4126 1597 4510
7329 7818 8076 8266
2621 1869 3247 2034
4614 5417 8930 5543
3617 7736 4043 8923
116 5903 4457 5950
1975 8338 3063 8928
3332 75 5314 145
5439 6779 6776 7222
4177 4431 5584 5018
777 9030 1341 9774
7869 4730 8333 5063
2338 5261 7041 5417
26 2671 1228 3098
8083 1831 8416 2308
7729 8740 8960 9093
9419 1843 9429 2174
6340 8740 7729 9124
6274 7818 7329 8268
7119 5678 8906 5839
0 4 2339 134
7041 5041 7844 5126
5314 75 9550 145
8356 4544 8959 5059
26 8774 711 9673
6363 9124 7671 9728
5345 333 6568 469
3327 333 3493 898
6811 333 7550 549
4231 7200 4251 9800
4484 1793 5457 1869
2338 5417 3048 5514
5282 8268 5715 9124
1532 1345 2439 1725
1689 137 1959 322
1930 5261 2305 5418
8103 6078 8803 6613
4830 698 5622 1793
9422 3361 9639 3570
7067 5138 8720 5385
5674 4482 8924 4544
7922 4287 8515 4305
5656 3845 7569 3881
1597 4261 7922 4345
4252 9728 8592 9982
3489 9243 4082 9652
2574 9031 2776 9334
9345 5473 9480 6072
6173 6201 6695 6770
7671 9124 8965 9728
2072 5597 7735 5661
6124 5661 7119 6078
8045 698 8083 3487
53 1856 943 2590
856 845 1532 1725
8124 1187 8390 1734
2621 2913 3776 3002
1345 5777 5330 5779
2621 0 10000 75
1965 9030 2571 9335
5622 698 7201 1820
6197 2267 7184 2703
1192 7419 1623 7551
1623 7853 2132 8338
5715 8740 6294 9087
6618 333 6811 538
5439 6088 6124 6779
2621 3718 4165 3933
4168 7736 4217 8221
4252 7389 5253 9119
6436 3487 8062 3816
3552 7200 4224 7735
4925 6544 5282 7200
8103 6767 8555 7540
8083 645 10000 1187
4372 972 4830 1258
31 5777 116 8141
9340 2293 9636 3330
985 5585 1939 5756
8390 1457 9761 1774
8390 1187 9824 1456
2621 75 3327 424
2132 6670 3758 7053
4752 6337 4925 6971
116 6257 4344 6584
0 1725 950 1822
3327 1895 3776 2913
8083 2313 9340 2772
2916 9243 3474 9633
903 6584 1111 8338
5 7532 26 9709
5271 2192 5376 3483
2132 7201 3019 8258
5282 5892 5439 8268
0 565 757 1309
1056 1725 1448 2552
4309 1895 5271 2764
8978 145 9550 571
187 4510 586 4603
9398 3674 9616 4073
9550 110 9841 264
1529 2141 2429 3097
1554 3980 1948 4064
2439 322 2460 3081
1623 6670 2132 7853
3576 4345 4177 5041
1597 4345 1930 5585
