6470 2081 6905 3232
2638 5257 3137 7251
1534 8036 2264 8625
6263 1738 6466 3218
5418 0 7757 699
5766 6482 6139 7189
1008 4715 1098 5257
1004 2076 1083 2852
7561 4095 8904 4638
3137 5257 4255 6269
857 754 1753 1828
7561 4638 9205 5307
4832 7709 5122 8653
9710 5729 10000 10000
1534 7709 4832 8036
1098 2678 4668 3161
4067 148 4477 1013
0 0 965 347
893 6502 1534 7513
0 347 293 3754
1098 4195 1523 5052
8708 8456 9680 9542
2091 6160 2638 7251
4668 2678 5418 6172
0 9972 9710 10000
6858 8399 7970 9276
1540 8908 2290 9730
3293 148 4067 2678
6263 3362 6832 4093
8635 9548 9668 9945
1098 1828 1930 2367
3137 6269 4255 7251
91 4938 191 9971
4255 6173 5390 6307
1534 6502 2091 7709
310 3754 1004 4938
6465 4125 7551 5392
191 9730 5936 9971
2290 8036 3601 8357
8635 5897 8708 9504
4795 9088 5769 9669
4067 1561 4505 2678
0 4938 91 9971
6858 9276 8225 9488
9478 4638 9709 5724
2290 8399 4169 9730
3212 3999 3924 5052
443 4938 801 5542
6263 4545 6381 4824
6858 7245 8249 8370
3924 3999 4255 5052
5418 771 9840 801
4255 6307 5703 7251
965 0 1753 754
6522 1788 6922 2081
191 7712 1444 9190
1098 5052 3710 5216
6922 1780 8877 3566
8798 801 9710 1780
4542 148 5389 2095
8378 5897 8635 8891
1523 4195 2470 5052
2091 7251 6263 7709
0 9971 5931 9972
0 3754 310 4935
1098 3161 3212 4195
5124 7860 6262 9040
293 754 857 2912
6263 5897 6817 8911
4832 8660 5071 9084
4438 3999 4584 5522
857 1828 993 2399
293 347 965 754
5703 1738 6165 6151
3212 3161 3468 3999
8877 1795 9678 3831
2091 5257 2638 6160
191 4938 443 6502
1753 148 1942 1828
293 2912 1004 3754
1004 5257 2091 6502
6427 5433 9366 5865
6922 1738 8798 1780
5727 992 7039 1738
6858 9499 8613 9962
8152 3566 8592 3928
8241 140 9740 769
3468 3188 4661 3974
5936 9088 6858 9971
2470 4195 3212 5052
9710 801 10000 5729
1753 34 5314 148
4169 8053 4786 9088
8708 6299 9706 7820
6922 3566 7558 4104
1942 148 3293 2678
5418 801 5690 6125
