6277 9646 8218 9852
2498 5136 4642 5500
4627 7842 6423 7879
7226 2031 7468 3832
3158 4292 4097 4816
2206 7709 6895 7780
5925 401 7587 1020
4924 4195 6734 4863
460 5092 598 6718
3120 8791 5485 9148
1265 7688 2206 8394
5425 2031 6221 2731
283 6021 438 8386
1494 5209 2482 5456
2400 3621 7226 3791
1536 9852 3401 9949
0 9417 1015 9698
4719 7221 5708 7457
1494 7018 3697 7162
3551 8089 3930 8668
9423 9039 9473 9841
3097 4292 3158 4593
2968 108 7587 345
7405 9063 8180 9646
598 5092 6396 5135
8783 6298 9245 6626
5902 7030 6632 7244
682 4038 4647 4292
6888 5136 8448 5500
9970 0 9994 7809
1494 6977 5442 7008
1494 5882 5979 6073
4157 1361 7417 1610
7046 8089 7380 8896
9430 1557 9462 1896
1722 9417 2669 9587
5468 401 5925 764
3524 7996 6005 8087
5039 1241 6287 1308
1927 1030 2816 1235
1334 5209 1494 7194
8487 7899 9899 8089
8832 6958 9779 7729
3943 8089 5293 8101
237 1541 1754 2268
1494 6274 2594 6345
3930 8101 5735 8791
237 764 4648 952
5833 7244 6906 7685
8320 1758 8446 4068
237 1020 1927 1541
1927 1235 2141 1941
25 764 237 3073
669 4865 6510 5087
1522 6073 2715 6257
8517 6958 8823 7876
5485 8791 5735 9417
9462 1315 9675 4065
1302 5136 2498 5209
9425 4065 9511 5730
3983 1020 4155 3204
5979 5922 6904 6647
1302 7457 4568 7666
9675 1218 9774 6958
7587 159 9482 252
25 72 637 764
5979 4038 8320 4167
9774 4568 9883 5377
5164 6749 5859 6975
3040 6073 3798 6977
7786 6628 8135 6807
4335 1044 5039 1315
3158 4831 4073 4865
637 108 2418 764
4268 9148 4699 9383
2400 3134 3983 3621
2493 7980 3120 9148
261 2534 682 4815
1536 9698 5735 9852
237 968 5042 1011
2968 398 5468 764
2206 8293 2486 8394
6707 8011 8333 8089
3798 6073 5164 6977
7270 1963 7701 2031
0 9949 9483 10000
682 4402 2259 4663
7518 6958 8517 7899
237 9215 1850 9239
0 3073 237 9239
6530 362 6951 401
3401 9852 8218 9949
1754 1541 1911 1761
5979 5500 8448 5922
1075 5756 1265 7608
7407 8631 7853 8943
1015 9417 1722 9698
9511 4122 9601 4391
1494 6352 2567 6935
682 2534 1754 2942
4157 2075 5101 3621
2968 345 5468 398
2901 1235 3425 2880
4157 1610 7270 1771
0 9239 3779 9417
4647 4175 4896 4865
8448 2353 8614 4165
9271 1315 9425 5730
5735 8101 6277 9852
4157 1771 4770 1884
237 6230 261 8064
7002 9039 7383 9112
2451 116 2833 430
7407 9014 9483 9039
0 72 25 2923
4645 5515 5618 5882
8218 9039 9387 9949
2147 1370 2883 1953
682 3832 7468 4038
2493 7899 8487 7980
261 4815 3039 4865
2461 3791 7226 3832
8640 1315 8672 6178
2669 9417 4797 9587
9387 9039 9422 9813
7649 3305 8320 4038
5812 5136 6888 5500
1494 5500 4645 5882
9508 258 9771 1203
682 2942 1246 3832
439 6849 905 8333
6510 4865 8320 5136
4797 9417 5730 9696
3779 9239 4268 9417
261 2268 1754 2534
627 6119 870 6690
2715 6073 3040 6977
7468 2072 7634 2708
7587 650 9086 986
0 0 5989 72
7518 5922 8019 6557
3120 7980 3515 8622
6901 4195 7194 4846
9899 0 9948 3463
8448 4165 8622 6282
9051 1315 9271 3302
8440 8089 9970 8631
5039 1020 9508 1218
1246 3791 2414 3829
5164 6073 5979 6749
1754 1953 2199 2942
637 103 3174 108
2199 1953 2901 2942
1267 5136 1302 7622
6277 8089 7002 9646
5103 2774 6776 3033
6906 5922 7518 7688
1246 2942 3983 3134
9453 5730 9491 6139
4642 5136 5812 5500
5989 0 7788 33
8135 6700 8626 6958
7508 2799 7649 2920
7407 8089 8440 8631
7885 8631 9483 9014
1246 3134 2400 3791
1722 9587 4797 9698
5039 1218 6145 1241
0 9698 1536 9949
3446 1235 3981 2734
7649 2681 8293 3305
9483 8631 9967 9567
237 8394 2493 9148
