9062 3296 9477 4025
8866 4025 9477 4808
3936 3625 5755 4778
5214 1897 6636 2300
1214 962 2182 1404
3517 4138 3667 5262
5669 943 6227 1895
0 7715 740 8699
2 6889 155 7702
3442 6218 5066 6737
1885 5615 2561 8345
0 1319 139 6889
6044 3025 7507 3296
7624 3111 9223 3294
6973 4810 8802 4848
5066 6218 5524 6631
155 1270 1159 2534
6461 3596 7760 3622
3667 3956 3931 4930
5066 6636 5525 8180
7578 1717 9382 2317
6973 4848 8951 5286
2561 7340 4970 7896
6888 9489 8141 9765
3885 6737 4710 7126
9220 6924 10000 8329
2231 943 3351 1543
191 590 1214 1245
7217 7586 7998 9300
8951 4848 9806 6891
1885 5262 4735 5615
8566 8329 10000 9797
750 9494 2299 9503
8567 5286 8951 6924
8738 50 8841 723
4735 5262 6117 6218
750 8989 2561 9494
1554 3548 3443 4245
5269 4808 5649 4926
9382 2133 9858 2315
6808 1717 7578 2300
155 6351 882 7715
3335 7896 3479 10000
3667 2317 4596 3625
1112 8496 1825 8968
5066 9417 8141 9489
6114 3565 8503 3596
6471 3778 6912 3957
6020 9489 6888 9746
3353 1135 4918 1516
8358 7586 9055 7888
8243 9495 8566 9556
6044 2577 8757 3019
7763 7564 9162 7586
0 0 9382 50
3453 4138 3517 4851
155 2534 1195 2838
616 4245 1885 5913
4970 6737 5066 8708
1214 1404 2231 2016
5778 3625 6412 4381
1214 680 6618 943
1475 6816 1869 7000
155 5913 1714 6228
1214 2016 3443 2534
0 8988 750 9806
6912 4025 8866 4462
3479 7896 4970 8708
6973 5286 8567 5711
7998 7586 8108 8718
750 7715 1112 8989
9477 2317 9993 4213
2231 1544 3645 2016
2566 7896 3335 9407
4596 2368 6012 3540
6457 4035 6848 4286
2561 6218 3442 6773
8511 8083 9220 8329
6805 1306 8656 1717
1885 4360 3430 5252
155 2838 1554 4245
2561 6773 3442 7340
1885 4245 3349 4338
3019 5615 4735 6218
9382 0 10000 2133
8199 7586 8358 8271
0 8706 728 8988
2561 5615 2924 6124
5066 8181 5525 9300
155 6246 1747 6351
6805 50 8614 996
4596 3553 5533 3563
3479 8708 5059 9567
6117 4808 6973 6218
1554 2838 3443 3548
1195 2534 3443 2838
8141 9797 9957 9988
5066 9300 8141 9417
5525 6218 6973 9300
6912 3625 9062 4025
3443 2016 3667 4138
882 6351 1112 7715
6228 943 6797 1836
372 9806 1525 9893
3479 9765 8141 10000
3667 1543 5214 2317
5214 943 5660 1885
3667 4936 5950 5262
155 4245 616 5913
6973 5711 7217 9300
7217 5711 8567 6924
6044 3296 9062 3553
0 50 6805 590
4596 2317 6044 2368
5778 4462 8637 4776
