5130 9339 7829 9373
1766 7578 4425 8239
5128 3665 6657 4517
8605 512 9388 1478
1985 0 3512 1774
1548 5358 3361 5662
6663 2767 7859 4005
14 4867 284 9557
0 0 819 3840
5130 8587 8471 9212
3242 3339 5115 4503
426 5662 3361 7231
6991 1360 8043 1759
3512 1360 6991 1774
7475 6507 8554 6714
819 0 1985 3413
8448 3209 8538 4792
9409 4570 9845 5032
1766 7234 3361 7578
3512 1027 8605 1360
3242 1774 6926 2767
286 5662 426 9556
9424 6541 9498 8093
1548 4873 5128 5358
6926 1774 8448 2767
284 4503 1548 5662
4162 5358 4311 5855
8880 1876 9033 2335
5128 4518 5294 8153
9018 4611 9245 5576
426 9086 2578 9663
699 4494 1780 4495
9423 277 9968 2366
8605 2366 9997 4059
6185 5549 7375 6893
4425 5358 5128 7393
4986 1 5641 415
8605 1478 9349 1868
1766 8239 4425 9086
5128 2767 6587 3591
9935 6570 9978 8061
3242 2767 5114 3329
819 3413 3242 4494
4425 7393 4807 7560
2578 9086 5130 10000
393 9663 1174 9949
9247 4570 9409 9732
5458 6519 6185 6890
5294 4518 8433 5407
5294 6961 8605 8179
3361 5910 4425 7578
4425 8471 5120 9086
1985 1774 3242 3413
6029 415 8146 950
0 3840 747 4338
3512 462 5748 1027
426 7231 1766 9086
1548 4516 4905 4873
9498 5087 9870 8611
