805 0 2226 647
2700 3923 3291 7957
1160 8029 3302 9321
919 6703 1160 9321
8523 389 9994 1632
171 9321 5173 9697
7239 3537 9290 4981
242 7450 919 9219
4651 8029 5295 9051
9290 4173 10000 5480
1160 6744 2379 8029
7593 5480 9688 7773
6668 14 8969 389
5295 9596 6780 9726
7187 1357 7626 2754
5295 8459 8497 8754
5598 389 5900 2772
9688 5480 10000 9596
7626 1436 8400 3019
9290 1641 10000 4173
7626 3033 9285 3537
6304 7826 9688 8459
4889 9726 5103 9981
171 6776 728 7450
0 0 793 3057
2202 3990 2684 6296
7593 7773 9688 7826
2328 0 3829 2929
171 3927 2124 6703
3302 8029 4616 9321
1518 9812 2291 9944
5432 3828 6304 5180
5295 389 5432 8459
0 3075 737 3923
5295 8780 9688 9596
171 9726 1253 9785
5856 5393 6261 6370
3972 0 5295 5922
8642 2609 9205 3012
6304 389 8159 1311
6780 9596 10000 10000
3291 3923 3793 4765
6264 5181 6304 6612
805 2932 3472 3850
3291 5922 5295 8029
5432 6612 6304 8459
8691 5056 9043 5480
3872 0 3972 3877
8620 8542 9585 8780
805 669 2317 2884
6304 4981 7593 7826
0 3923 171 10000
6381 2158 6592 3361
6725 4152 7239 4267
