640 899 1529 1498
7986 7761 8680 8057
4891 899 6001 1773
4061 8916 5208 9146
8680 6438 9133 8020
5840 7835 7384 8109
626 4112 1421 4835
62 1950 339 4943
0 404 640 1773
5704 9059 6618 9871
1426 3874 1625 4123
5208 6438 8656 6564
3014 8872 3661 8892
6513 154 7730 593
1893 2312 2653 2826
354 6737 462 9450
8236 5689 9228 6436
2666 154 5920 244
3392 899 4891 1592
5862 6428 7467 6438
8233 4599 8775 4765
0 1773 2854 1950
6618 9005 9308 9283
1887 7835 2847 8520
5840 8356 8239 8486
3986 9956 9933 9999
0 310 932 404
9228 5689 9852 8057
2444 8597 2547 9066
2731 3549 2976 5005
9398 8356 9829 9188
626 3549 918 3993
2460 6438 5189 6564
5545 2813 5746 3374
1225 4840 2066 4947
8453 1072 9624 1458
6661 2813 7314 3487
640 593 5297 594
3322 4264 7314 4310
0 11 6802 154
1887 7416 5873 7761
8040 2842 8233 6244
801 7295 1178 9268
7384 7835 7986 8356
1517 7967 1619 9618
0 154 2666 310
5873 6931 6216 7761
1426 4123 2727 4840
4051 3031 5545 4226
339 1950 1339 2499
8034 0 8453 1259
5590 594 7147 899
1340 1950 2780 1989
5545 3639 6146 4090
2701 2066 3728 2931
640 594 5590 899
1623 2312 1870 2991
1619 8520 2409 9087
7949 9342 8263 9520
3322 5507 8040 6052
8103 1458 8718 1773
9471 3531 9663 3974
9912 971 9983 8505
801 6912 1887 7295
1887 7287 5133 7416
1647 7308 1882 8520
5920 154 6513 404
1623 1989 2461 2255
339 2500 626 6725
7939 6719 8680 7761
1178 7295 1619 7967
8718 1458 9852 1773
6353 5215 7958 5507
8020 3639 8032 4226
801 9288 1475 9526
7986 8057 9852 8356
6001 1773 9391 1950
801 6737 6216 6912
1902 6912 5264 7157
8233 5615 9318 5689
8648 8356 9394 8999
640 1498 1973 1589
920 5033 1866 5639
7147 1458 8103 1773
3986 7835 5840 8506
4859 404 5069 576
0 9526 1517 10000
9393 1773 9471 4875
6133 6579 6952 6737
1880 5171 2904 5962
3322 6094 7611 6114
6353 4554 7936 4795
3986 8506 6618 8916
6618 8506 7785 9005
2847 8915 3969 9613
6618 9328 7935 9954
1887 7761 7986 7835
1178 8802 1491 8845
9471 1773 9852 3531
1619 9316 2845 9479
5993 1950 7185 1980
626 2500 1619 3031
6001 899 7147 1773
8233 1989 8807 4364
1619 9087 2313 9304
3986 9698 5359 9809
626 6438 1368 6736
1517 9618 3986 10000
7730 0 8010 1379
5840 8109 6277 8348
626 3031 2946 3529
3322 4979 4453 5451
7147 593 7274 1366
7020 6637 7855 6719
4906 4979 6223 5451
1529 899 1633 1386
8889 3024 9341 3781
7785 8506 8648 9005
932 310 5920 404
2409 8520 2847 8597
1370 6438 2460 6736
2460 6564 5175 6727
1816 899 3392 1480
5185 2030 6558 2066
6973 6719 7939 7761
3986 9154 4575 9295
8453 0 10000 971
9911 971 9912 7017
5214 9059 5429 9690
462 6737 801 9526
2847 7835 3986 8872
9852 971 9911 8356
1340 2250 1566 2452
5545 2066 7514 2667
2241 1502 3362 1592
3322 6267 6594 6409
2854 1773 6001 1950
5214 8977 6557 9059
5807 2813 6138 3598
6311 8109 7380 8355
3642 3621 4051 4109
3817 244 4575 305
640 1592 4891 1773
626 5702 1867 6401
5545 2667 6401 2788
3322 4310 6353 4979
6216 6737 6973 7761
2976 3549 3305 6410
8162 9569 8905 9806
7514 1989 8003 2754
