1088 190 2214 766
616 6066 1752 8396
8437 9034 9132 9873
2228 3208 4356 3379
2113 7715 2313 9972
0 0 177 3678
3013 1506 9225 1637
6387 2155 7174 2251
1751 4963 2866 5961
9254 6798 9970 8176
9197 1773 9578 3915
1275 1912 4586 2155
9570 8395 9975 9916
4788 4515 8131 4737
4261 2155 5982 3208
7632 6116 8392 6639
7632 6639 8392 7578
1491 1187 2214 1664
23 4339 435 4679
501 190 1088 1109
0 3678 171 4305
2791 2155 3523 2961
3545 4673 4356 4723
793 8465 1655 9994
2214 1187 3013 1664
4788 4356 7378 4457
6773 5158 7395 5974
7721 5739 8157 6116
9242 6116 9254 8048
4648 7715 5804 8852
2360 8332 2765 9893
5626 5323 6435 7132
1752 3379 2036 4953
2510 5961 2912 7715
7081 6116 7632 7457
7500 4738 7721 5635
2866 4750 4030 5117
415 8396 793 9980
3902 5182 5604 5954
5726 199 6516 883
5982 2477 6296 2736
1088 883 6581 1109
2228 2961 3523 3208
141 8396 399 9913
0 6066 616 8396
1155 4679 1751 5961
2765 8569 3655 9954
8233 4515 9225 5309
177 8 6420 145
3013 1109 4466 1286
2866 5117 3891 5961
3013 1637 4428 1858
8827 8403 9570 8815
2313 7715 4648 8332
9757 1468 10000 4504
3523 2155 4261 3208
501 3379 1737 4603
5024 3208 6387 3726
7661 1637 9197 2272
6517 5335 6743 5973
1275 2176 2669 2329
8720 2272 9197 4356
6581 190 7095 878
4788 4504 8139 4509
5623 9106 7388 9571
4586 1637 7661 2155
4788 3726 8720 4356
6387 3324 8720 3726
2415 190 5726 883
8233 5344 9242 6116
3740 8856 4648 9477
177 983 501 4318
1752 6066 2102 10000
9254 4515 9975 6739
2912 7132 6517 7715
7721 4738 8210 5652
3740 9477 4648 10000
3740 8340 4502 8856
2912 5961 5001 6984
2102 6066 2510 7715
8393 6116 9110 8359
2036 3379 2866 4963
501 2329 1214 3379
7632 7578 7951 8372
2866 3726 4788 4673
3076 1299 4842 1488
4648 8852 6561 8958
6387 2272 8720 3324
5338 1354 7949 1506
9630 0 10000 1468
4717 9034 4877 9687
1214 2961 2228 3379
9630 1468 9757 4504
7957 7578 8393 8356
4356 3208 5024 3726
2765 8332 3740 8569
501 1664 1275 2329
3902 5129 5368 5182
501 1127 2928 1187
5824 9657 7907 9743
177 145 501 983
0 4679 1155 5961
501 1187 1491 1664
9325 521 9630 1635
941 150 8089 190
5804 7715 6095 8728
0 5962 2379 6066
1275 1664 3013 1912
1214 2329 2791 2961
2866 3379 4295 3698
