9696 6550 9965 7533
3784 8186 4294 8469
791 2375 1535 3644
8603 7065 9295 7437
4752 8202 5241 8787
1679 7390 2037 8387
5148 9082 5297 9966
9666 2809 9840 4191
239 8301 1408 8613
6710 5181 7150 7251
5766 6421 6593 6665
1949 9212 2921 9922
9211 289 10000 523
8016 1412 8769 2829
8622 3893 9604 4313
1781 5097 8559 5181
7176 4730 8243 4848
226 5086 375 5191
8342 4633 9666 5058
8858 5656 9882 6152
1720 2442 1989 3059
1307 1875 3166 2279
0 2288 6058 2375
7196 2108 8016 2454
6058 2288 6424 2642
4846 896 5960 1009
6710 7251 7150 9668
6058 2740 6365 3048
6398 1353 7472 2032
3729 1292 4054 1814
4663 4463 6267 4615
1472 7130 1615 7163
9124 8236 9767 8876
6180 8627 6395 9649
6426 2108 7196 3258
2408 2529 2717 2920
1962 3644 6016 3798
4119 3798 4663 4269
0 0 430 1214
2831 4957 8342 5058
6970 4331 8335 4680
3415 924 3492 1292
1951 381 6390 442
8740 380 9211 523
926 5181 4665 5195
1535 3384 4077 3637
5497 7758 5777 8955
3166 1571 3729 2288
7788 847 9965 1009
6594 380 8740 523
2831 3798 3205 4957
2784 1295 3711 1571
8113 3722 8606 4329
375 5090 768 5956
3338 9212 3799 9851
5 7239 151 9458
213 5956 926 7340
1962 4446 2831 5058
926 7005 1472 8301
4413 7758 5187 8157
2587 289 6202 380
1540 2375 1720 3176
213 8301 239 9906
9124 8965 9401 9644
7196 2829 9585 3240
7510 6100 8858 6263
606 955 1675 1075
2285 2375 4981 2529
4981 2375 6058 3059
509 7340 918 7607
1951 289 2587 380
926 5097 1742 5177
8559 5058 9882 5181
9497 7533 9965 8236
6267 3798 7487 4249
8172 8236 9124 8543
7150 5976 7361 8613
4054 1353 5212 1814
1128 3644 1410 5029
1410 3644 1962 5058
3729 2108 6239 2287
5991 847 6713 1001
4187 6549 4727 7138
8110 5184 8846 5976
493 1075 2492 1250
3480 523 4529 614
1535 3258 2257 3384
7710 1353 9610 1412
8622 3288 9610 3893
5214 8822 5495 8878
1720 3059 6426 3258
5351 6333 5766 7058
5766 6665 6710 7138
5299 9082 6180 9668
1135 9212 1949 9601
239 9601 1949 9962
1280 1571 3063 1848
5777 8627 6180 9082
7554 7065 7836 8512
2656 7597 3680 8415
36 3166 791 3877
5367 5181 5583 5967
4663 3798 6267 4463
1679 5195 2046 6549
6202 289 9161 380
5823 7138 6406 7961
3205 3798 4119 4615
7758 1412 8015 2097
8252 7533 8759 8231
4727 6333 5281 7031
9612 1009 9666 4441
1962 3798 2831 4446
8858 5181 9882 5656
6016 3722 7843 3788
4157 4269 4618 4577
7968 3798 8113 4315
0 3877 791 5041
3799 8616 4478 9962
213 9974 10000 10000
791 3644 926 5956
4529 672 10000 847
5823 7961 6406 8627
4161 5247 4647 6104
7836 7153 8179 7712
9767 8236 9965 8876
2046 5583 2269 5910
8769 1412 9158 2475
493 0 700 253
2020 2375 2250 3021
7508 6263 8858 7065
5212 1353 5260 2016
4141 3288 6016 3644
0 2379 747 2886
926 3644 1128 5029
1469 6282 1678 7005
926 5058 8559 5097
7361 6110 7502 6616
9666 1009 9965 2809
2262 6104 5994 6290
7196 2454 8015 2805
6406 7138 6710 9668
5579 7283 5636 7672
2129 5195 3402 5565
4184 2529 4914 3027
5777 7138 5823 8627
2046 6333 3997 6464
0 5041 213 7239
7150 8613 9079 9460
213 9962 5148 9974
4054 1087 9255 1353
2295 3288 4141 3379
4701 8822 5144 9918
5084 4615 5182 4808
4529 523 10000 672
9295 7065 9696 7533
8342 4367 9023 4633
6016 3288 8622 3722
926 6183 1469 7005
1207 5195 1679 6106
493 442 6594 523
8858 6550 9696 7065
1951 0 3232 289
6758 847 7788 1009
4478 8289 4685 8604
7150 5181 7998 5852
9882 2809 9965 6550
239 8633 3289 9212
1679 6549 4187 7138
2972 2529 4180 3055
9483 8876 9965 9974
3246 0 10000 289
8858 6152 9882 6550
239 9212 1135 9601
5606 9668 9483 9689
7836 7712 8252 8236
3729 1814 5212 2108
967 1685 1220 2230
3205 4853 8342 4957
3930 910 4027 1195
9965 847 10000 9974
9151 7533 9497 7922
2257 3258 9610 3288
926 5029 1399 5058
6267 4746 7176 4853
3742 7138 5579 7758
