5795 8034 6599 8327
6014 1520 6755 2431
4913 3963 5800 4006
3238 3127 5334 3565
4320 594 6014 1052
9636 2849 9871 4904
5855 9137 7859 9288
3115 4005 4784 4032
7708 2748 8846 3103
5207 144 5338 244
2952 6564 4860 6920
6014 635 6165 1362
1642 9394 3429 10000
7810 4167 8882 4550
7463 2918 7699 4084
1475 9394 1485 9828
2714 8104 3313 8175
3612 450 4414 585
4915 1604 5178 1675
2034 8120 2114 8949
3560 7567 7264 7901
8938 2398 10000 2551
1037 2823 2552 2976
703 6663 2435 6935
4447 9355 5132 9669
8882 3492 9636 4303
1786 4799 2439 5489
3356 594 4108 1035
392 7056 1262 8743
4136 1052 6014 1352
4613 8707 4709 8930
703 4799 1786 5174
469 3103 1474 3562
9087 6863 9760 6903
6028 5426 9289 5619
2952 5283 4399 5502
5795 8327 6549 8877
9370 0 9643 1361
469 3743 690 6870
9643 0 10000 1362
4523 4032 4858 4135
469 3565 5354 3678
0 9315 3429 9394
1509 3103 3238 3565
4114 597 4320 1052
4613 9135 5237 9279
7142 2823 7449 3261
4097 4589 9636 4717
196 7056 392 7739
138 4892 469 6176
4604 4931 6581 5417
1358 6935 2933 7419
9946 2639 9973 6628
49 718 751 2497
22 708 485 718
49 2551 10000 2639
22 0 1775 659
5210 1604 6014 2431
7264 7567 7539 9116
1358 7493 2393 7866
23 718 49 9059
1869 665 1949 1762
9112 8283 9750 9199
2952 5864 6986 6388
3115 4253 4097 4717
9087 6903 9692 8230
4794 8813 5061 9067
2007 1161 2828 1501
8445 5626 9419 5810
8697 6589 9946 6863
3446 3678 6305 3963
5303 9315 7628 9925
8089 4953 9576 5426
1949 141 3856 365
1037 2639 5198 2823
9813 8308 9892 9773
4266 8725 4425 9173
7539 7567 8477 8247
2569 5283 2952 6629
6590 4719 8424 4893
1949 712 3348 857
6181 594 8766 1362
9502 5626 9941 6578
4447 9669 5303 9963
703 5174 991 6584
8059 1640 8938 2551
8938 1640 9639 2398
7607 5864 7975 7396
3447 8104 4888 8706
5002 450 5634 594
4357 4893 4604 5283
8667 9597 8846 9850
7539 8271 8341 9110
1984 5489 2197 5692
7990 6148 8632 7387
8882 2891 9636 3492
756 691 1369 1960
3429 9963 4827 10000
3356 2431 6755 2551
6599 8733 7026 9092
1949 1624 3330 2131
2483 6029 2569 6526
7142 3270 7456 4361
2569 6629 2952 6935
4952 6850 7034 7117
1037 2976 2552 3103
0 0 22 8607
8882 4303 9636 4589
9639 1520 10000 2398
4952 7134 6201 7342
9924 5398 9946 5490
2952 5561 6024 5860
3398 5119 4353 5280
702 4527 703 6460
703 6584 2417 6662
8228 5921 8390 6148
728 3896 1444 4527
9636 2639 9924 2849
2835 7425 3560 7897
4952 6564 6619 6739
5338 0 7980 450
9066 5915 9302 6589
49 7025 1278 7056
5354 3103 6304 3677
4136 1352 6014 1604
4604 5426 6028 5561
3719 7495 7962 7567
8766 594 9302 1297
6028 5626 8436 5840
9760 6863 10000 8308
8697 6863 9051 8919
5198 2639 9636 2748
1786 5489 1984 6584
5795 7901 7264 8034
6599 8034 7214 8616
6755 1520 9639 1640
6305 3103 7078 3990
8409 0 9368 594
4082 2823 7142 3103
5308 8083 5795 8774
49 2639 187 4882
4097 4337 5974 4358
4295 244 5338 450
3356 1052 4136 1815
2952 6954 4840 7003
7913 9203 8654 9570
2465 7939 4354 8041
2465 9288 7913 9315
3572 4240 5836 4253
756 2208 3239 2544
7980 0 8409 594
3482 7003 3592 7394
3356 1876 3587 2275
6755 1998 8059 2551
6640 4893 8040 5365
1444 3678 3115 4527
7948 3103 8815 3592
5198 2748 7708 2823
8882 2748 9401 2874
22 718 23 5310
3758 9315 3772 9781
991 5174 1786 6584
3115 3678 3446 3963
2828 857 3356 1624
6014 1362 10000 1520
7708 3934 8789 4125
1949 0 5338 141
6755 1640 8059 1998
8387 9136 9087 9203
0 9059 2045 9221
4893 8104 5097 8563
703 4527 3115 4717
8632 5864 8697 8271
3744 1815 5210 2431
703 4717 2569 4799
2569 4717 3398 5283
2552 2823 4082 3103
469 2639 1037 3103
3398 4717 4357 5119
7090 5864 7607 7185
