1280 5156 2414 5381
9049 5283 9319 8357
4413 9129 5273 9866
2555 4798 3886 5391
4413 8412 6166 8855
5555 4079 5937 4383
5895 2426 6460 4079
6314 6468 6515 7041
7795 1974 8401 2581
2959 5391 3659 6006
3676 5391 3886 7370
6697 1269 7742 2776
9329 5919 9940 6078
3886 4417 6697 4803
1842 9269 1927 9482
3087 6027 3676 9940
3676 7370 3743 8697
8036 4803 9049 6388
6297 8496 8036 8724
8579 6388 9040 8440
1846 9482 3087 9995
8674 8544 9247 8835
425 3185 1286 5113
1829 8087 1927 9219
4799 6307 5036 6859
7011 4803 7646 6714
6479 7047 7646 8291
4096 8472 4367 8812
2223 0 5639 196
1997 2430 3086 4082
9329 6788 9694 6827
5528 9874 6297 9921
3134 3946 3660 4210
5063 4885 6159 6963
1473 661 2196 1164
7381 8291 7646 8350
5436 9625 6235 9874
6321 8950 7412 9222
324 5169 1127 5253
6391 8415 7500 8471
7947 9691 9547 9899
2795 6027 3040 9237
406 9178 1387 10000
324 5253 1280 6027
1387 9813 1700 9828
1473 1173 2674 2419
1286 3185 1997 4210
5157 196 5639 1242
8036 6388 8579 8728
7077 6714 7279 7027
5895 1568 6537 2426
6159 4803 7011 5543
6460 2426 6697 4417
7797 2737 8451 3371
5038 1444 5895 3785
4781 7047 5408 8257
2223 196 2631 795
8639 0 9389 1974
5457 7047 6479 8286
0 0 2223 661
2713 196 5157 518
1268 6672 2527 8087
5639 0 8639 359
9389 0 9469 2489
9479 0 9976 1567
7947 8728 8579 9691
5157 1242 6697 1444
9329 9082 9970 9146
4589 6769 4781 8178
9375 4803 9942 5849
746 2430 1932 3120
1286 4210 2555 5156
3728 518 5157 1444
3886 4803 4732 5801
1927 8087 2747 9393
3886 1455 4229 3494
0 661 682 2426
692 661 1369 1949
8451 2727 9990 3430
7646 4803 8036 8496
7795 1283 8372 1922
5639 359 8639 1242
0 2430 324 6027
6310 9349 7947 9939
7795 4266 9938 4610
3886 5828 4096 9940
3134 2430 3870 3849
2754 518 3728 1177
2527 6672 2795 8087
3087 9940 10000 10000
0 8087 406 10000
0 6672 1268 8087
6515 5543 7011 7047
2555 4210 3886 4798
0 6027 2795 6672
3030 6017 3066 6026
406 8087 1829 9178
6787 2905 7795 4527
2713 1500 3592 2430
1280 5391 2959 6027
