8351 566 9542 1438
8094 7273 8282 7993
2959 0 7083 186
878 2608 1352 3935
947 6855 1268 7954
7762 7273 8094 7722
5659 5496 7406 6259
3428 6015 4244 6904
1681 3005 5172 3058
1725 9050 2530 9991
891 4721 1355 5637
2233 5829 2707 6379
8419 3164 8580 4651
104 3552 785 5972
7542 3768 7945 5769
8245 566 8351 1195
5917 2782 7945 3768
2233 7020 2751 8219
917 676 1300 1531
2767 6904 2833 8874
2108 4489 2708 5829
4520 7578 5482 7739
2785 5593 3233 6739
7540 1451 8350 1544
1268 7093 1616 9229
785 3255 878 8359
9166 7854 9960 8279
6015 6259 7364 6859
4037 2596 4744 2797
8351 1438 9542 2030
2146 219 2959 1401
2530 9050 4253 9624
4082 1401 4572 1949
9528 6399 9982 6789
1094 1586 1571 2608
911 1586 1094 2495
4083 1123 5384 1211
0 0 878 1038
7083 0 7965 783
1878 3058 2981 3253
8919 0 10000 222
878 5799 1335 6517
2959 186 6970 248
1629 8633 1724 8865
3238 5593 3428 6630
7707 7993 8282 10000
2108 5829 2233 8271
7945 5116 8616 5769
5172 2892 5422 4408
5482 7578 6775 8127
9193 5599 9542 6399
5487 8127 6061 9067
2362 2866 4829 3003
974 0 1208 196
3122 3122 3530 4335
9079 8625 9150 9869
2708 4489 3230 5495
1878 2434 2489 2866
1571 1401 4057 1437
5711 258 6774 332
5767 1401 7083 1949
8616 5838 8942 8625
1616 7093 2108 8271
8616 2580 8884 5599
9542 4289 9910 6228
3953 4461 4606 4874
6775 9317 6950 9495
1478 219 1571 1586
6061 8127 6775 10000
6563 4726 7394 5412
7945 2782 8419 3756
3187 1705 3546 2365
3428 4408 3953 6015
6015 7144 6951 7578
4829 2866 5172 3005
8616 5602 8933 5838
7965 222 9542 566
7364 6259 7542 8666
785 8359 1268 9226
9166 6399 9456 7618
3632 1705 4082 2444
2108 4426 3375 4489
3546 2463 9542 2580
7181 2030 8391 2398
7542 5769 8615 6351
104 5972 785 8977
1208 0 2959 219
3319 1211 7083 1401
8942 5599 9166 8122
8282 7273 8615 7753
2838 7859 3928 9024
7540 783 7955 1448
7083 783 7540 2030
8282 7753 8615 8625
7542 6351 7694 8125
4082 1949 7083 2463
1268 6664 1878 7093
1355 4707 1878 6664
8499 8625 9079 10000
5357 2580 5904 2878
4244 6015 5659 6904
5422 2892 5917 4390
8884 2580 9447 3936
104 1531 878 3255
4572 1401 5767 1949
5353 4408 6563 5496
1300 219 1478 1586
7965 0 8919 222
1355 2866 1596 4544
1681 3911 1866 4514
7540 1544 8351 2030
8391 2030 9542 2463
4413 6904 6015 7578
104 8977 756 9956
1751 219 2146 1387
1878 1725 2550 2407
1724 8271 2767 9050
4253 6904 4413 9624
2966 258 5711 436
7945 3756 8419 5116
0 1047 692 1069
6156 4344 7285 4408
4743 5496 5544 5997
7707 6351 8615 7273
6563 4408 7250 4648
0 1069 104 10000
8282 8625 8499 10000
5917 2718 8616 2782
1355 2608 1878 2866
8615 6476 8616 8561
2116 3258 3122 3441
104 1069 878 1531
1878 3258 2108 6565
5917 2580 8616 2718
2959 436 3289 1383
3953 4874 4486 6015
4616 4691 4743 4719
6015 6859 7364 7144
2936 1437 3321 1646
785 9229 1616 10000
6951 7144 7364 10000
1613 1705 1808 2367
104 3255 785 3552
7403 8666 7707 9109
5659 6259 6015 6904
3461 9624 4140 9961
4486 5072 4677 5955
4743 4408 5353 5496
8942 8122 9166 8625
9542 222 10000 4289
7406 4408 7542 6259
2838 6904 4036 7783
2233 6379 2595 6891
