4187 269 4306 2573
3036 7990 3742 8755
8942 9137 9526 9824
1703 819 2215 1306
7055 1301 7108 2271
610 4173 2091 4459
8460 2692 8626 3485
0 7691 1389 9504
8505 3546 8674 3774
1623 2807 2400 3501
390 7162 4768 7691
2339 0 3206 1306
1389 7990 3036 8207
0 1306 2486 2540
0 9504 1373 9943
6166 6542 7070 6819
4306 1523 4616 2862
4616 2692 4768 7162
610 2540 1623 3564
4616 1523 5783 2321
390 5992 972 6677
4768 6542 5628 7681
3069 2862 3969 4654
6544 4709 8142 6470
610 3564 2965 4171
0 6699 390 7691
390 6802 1532 7019
0 2540 610 4460
6576 2692 7436 4493
2085 8755 3742 9769
1389 8207 2085 9769
8460 3815 9978 4857
4768 7681 5628 9184
4616 2325 5553 2607
1371 6001 2055 6802
7070 6542 8191 9091
2114 8207 3036 8680
428 4460 2135 5864
8460 4857 9977 5455
7070 9133 7608 9769
3206 39 6871 266
2135 4173 2964 7162
3234 6669 3974 7117
0 4460 299 5931
0 283 1703 1306
9675 1019 9999 2674
9309 5588 9979 7334
2964 4173 3068 6655
7486 2759 8127 4056
3206 266 4139 1082
5575 1235 6684 1439
6166 6836 7070 9769
8942 8544 9773 8837
4768 4747 6504 6542
8929 35 9951 885
2271 7691 4768 7990
1389 9769 7658 10000
3969 2862 4616 4654
7110 1123 7364 1391
8674 3342 9882 3701
3742 7990 3935 9769
8191 7334 8942 10000
3935 9184 6166 9769
8674 2692 10000 3342
7364 1019 9675 2692
8338 924 8844 1019
9979 3342 10000 7334
5575 266 6773 1203
8191 2692 8460 5588
4306 361 5317 1523
0 0 2332 283
1647 7691 2271 7947
3935 7990 4725 8826
7364 0 8290 594
4768 2692 6570 3338
3069 4654 4616 6669
4768 3344 6574 4709
7486 4215 8117 4676
7658 9091 8191 10000
2486 1306 4175 2859
5628 6668 6143 6825
5628 7227 6126 8652
2486 2862 2944 3551
8460 5465 9957 5585
8942 7334 10000 8544
5784 1603 7000 2669
8191 5588 9309 7334
