3134 4677 4192 5412
2179 2357 2525 2833
2200 4876 2248 5938
3019 3784 4218 4677
5756 6016 6690 6594
6613 211 7815 572
5756 9493 6666 9955
5756 6594 6690 8909
5107 3185 5412 3756
8459 5522 9703 5997
118 787 617 3185
3569 1886 4322 3119
0 132 118 10000
559 9572 3894 9937
7911 549 8195 691
118 449 2089 787
4424 2722 5592 2823
5531 203 5675 1366
3019 4677 3133 5784
4883 3885 5759 4957
6814 5834 7391 6941
6794 1261 6955 2582
6015 183 6612 688
7398 6821 7802 8360
118 8209 1224 8546
9758 5997 9924 7196
7357 3070 7718 3141
6955 1261 8015 2181
2693 3784 3019 5396
8015 3023 8329 3153
5756 8909 6689 9493
9974 3158 9993 6006
2200 6016 3309 6932
2729 6934 2814 7692
8736 7273 9301 8370
6013 1261 6090 3575
9742 3382 9840 5840
7143 4834 7398 5121
4218 3784 4883 3842
2911 6934 3018 8018
3585 6016 4826 6930
3325 9152 3764 9551
6690 7250 7243 8206
9650 9020 10000 10000
4305 4499 4883 5136
6012 4038 7387 4099
6690 8360 7802 9502
8459 6395 8664 8802
3298 8208 3836 9149
3134 5452 4204 5801
1383 5764 2200 6934
6205 1261 6716 3990
2103 670 2577 1759
118 132 2620 449
8932 0 8985 1594
6012 4121 7254 4815
8664 6395 8733 7717
3018 6934 4124 7435
3019 5801 5717 6016
2569 2344 2620 3185
902 4876 1524 5509
6716 3153 7505 4038
9858 0 10000 2525
5717 5136 6409 5834
3604 7435 4317 7665
5760 4837 7114 5136
617 787 1947 1135
6409 5136 7398 5606
2620 1051 3569 2569
4770 8769 5176 9521
118 3185 780 3784
1318 7086 1729 7339
8438 3158 8909 4038
3157 7435 3235 8864
8459 4965 9598 5498
8909 3158 9742 4038
4640 2838 5259 3089
2620 179 3206 1051
4883 4957 5668 5135
8440 321 8887 427
6914 9700 8306 9975
4305 5136 5600 5801
118 4876 760 5540
1837 8592 2840 9264
6012 691 8251 1170
118 5764 311 8209
8459 5997 8736 6395
2248 3784 2693 5675
7398 4038 8269 4965
3863 8315 5211 8769
8459 9020 9335 9946
311 7339 552 8209
9841 3382 9967 5889
8985 1672 9858 2132
0 51 5825 132
7802 4965 8316 8360
6409 5606 7398 5834
559 9282 1278 9564
9223 8802 9246 8981
5176 8769 5756 9572
118 5600 1625 5764
5847 3185 6012 4556
568 3784 2248 4130
2248 5675 3019 6016
9657 7566 9962 8942
2089 1759 2620 2344
9858 2525 10000 2933
139 8592 254 9806
1116 2344 2179 2772
8438 2132 9731 2165
3543 7718 3604 8161
8985 219 9739 1672
5133 7117 5548 7780
4218 3842 4883 4499
5710 132 6001 2350
8736 5997 9758 7272
8015 1261 8413 2549
118 3784 568 4876
7829 8360 8316 9363
291 8592 358 9805
1225 3185 1691 3761
8459 8802 9214 8990
2693 5396 3019 5671
617 1153 2003 2302
6955 2181 7357 3153
568 4130 2248 4876
617 2833 2569 3185
6690 9502 8459 9696
8438 2169 9819 2927
8269 4038 9742 4965
4230 4499 4305 5762
1543 8369 2486 8582
4336 7376 5133 8207
3791 132 5531 1886
3569 132 3791 1886
1723 3185 4883 3784
4336 6934 5133 7376
780 3274 1210 3766
2620 2569 3504 3035
9742 3158 9893 3348
5600 5136 5717 5801
8316 4965 8459 9502
1125 5764 1383 6678
552 7339 1475 8135
8438 2933 10000 3158
5133 6016 5731 7063
7398 4965 7802 6821
254 9975 9650 10000
7505 3153 8438 4038
5717 5834 6686 6016
619 5871 1068 6669
4371 1886 5710 2720
