7435 4648 7675 8607
1200 3045 1337 3332
2832 1641 3457 3045
2023 9253 3163 10000
8879 2909 9763 3238
249 4149 2264 4163
7675 6066 9028 6675
376 5866 1510 6758
8384 8655 9388 9253
3422 4163 3488 5104
0 8143 1997 8748
3069 7302 4564 8143
4149 594 5095 894
3163 9253 4307 9576
0 2703 938 4149
7863 6758 10000 7339
4893 5848 5662 6012
7680 7234 7863 8607
2327 0 3679 574
2218 8143 3461 8335
1531 574 3679 1178
1201 5331 1479 5817
2218 8640 3558 9248
6027 8607 7863 8931
7863 6682 9998 6758
3163 9576 3938 9987
4966 3830 6141 5606
1201 4163 2091 5331
1541 5606 2523 5831
3679 693 4132 888
9322 5404 10000 6226
943 359 1266 485
2091 4264 2915 5003
8384 7339 9388 8655
4991 1178 5126 2909
6564 2909 6635 3472
3575 7037 5782 7302
7659 0 9327 989
5821 6626 6027 7205
6123 222 6596 2059
6847 327 7447 1890
6141 4130 7675 4648
3457 1178 4016 3045
0 8748 1997 9253
1200 1208 3451 1641
1266 0 2327 574
4564 7886 4590 8140
2299 3045 4016 4163
408 1233 520 1840
7675 6675 7817 7069
9346 4770 9431 5403
1510 5331 4966 5606
1510 5606 1541 8143
655 1694 837 2703
7108 8931 7863 9253
1997 8143 2217 9245
6027 7057 7333 7858
4564 7302 5999 7865
9388 7339 9631 9683
0 9716 1657 9727
249 4163 1201 5229
8353 4348 9002 5374
7252 9253 9388 9683
1200 1641 2832 2677
6123 2060 9651 2909
3488 4163 4016 5331
4016 3830 4966 5331
249 5229 357 6193
7675 4130 8353 6066
9028 3913 9316 6200
0 4149 249 7736
364 5229 854 5854
5149 7886 6027 9253
5126 2346 6123 2909
3679 929 5446 1177
4149 908 5092 921
7023 9683 9631 10000
895 5500 1117 5858
2196 3893 2299 4126
3679 0 5776 373
9631 7339 10000 7977
9631 7977 10000 10000
0 7736 1406 8098
4307 9253 7252 9683
9763 0 10000 4770
8403 3264 9322 3665
4030 1367 4991 2654
938 1178 1200 3893
6399 8931 7108 9204
7863 7339 8384 9253
2218 8395 3507 8640
6141 4648 7435 5187
9322 3728 9761 4707
8496 1417 9054 2060
0 9253 2023 9716
9431 4770 10000 5404
8393 3668 8856 4094
1541 5868 3069 8143
8353 5374 9028 6066
4016 2909 6141 3830
6141 5187 7435 5606
4143 6032 4820 6203
9028 6226 10000 6675
938 574 1531 1178
1343 6772 1504 7629
1541 5848 4403 5868
6635 3001 8170 4130
5126 1178 6123 2346
3566 8143 5149 9253
4307 9683 7023 10000
3069 5868 4833 6015
6027 7974 7244 8607
6031 5848 7435 7000
9651 1052 9763 2878
2649 5606 7435 5848
1200 2677 2832 3045
560 0 611 2427
