4393 8388 5518 9303
6304 3634 7901 4257
834 2515 2090 3243
4191 3409 5765 4349
7993 217 8807 2732
2119 5460 3323 6746
0 4091 1136 5518
1222 3243 1226 3768
2906 1432 4026 2054
7901 3634 10000 4439
2291 8838 2593 10000
6304 2150 7977 2688
4411 6530 5615 7515
6304 2732 6526 3634
8807 217 9315 839
2090 2049 2906 3243
9318 0 10000 840
8264 7243 9143 8325
3327 5369 3930 8621
4393 7904 5309 8388
4048 6530 4339 8107
6526 2732 9291 3634
7901 4439 8619 6343
4473 2150 6304 2912
233 7948 1823 8273
7901 6343 9366 7243
9679 6943 10000 9360
834 1661 2616 2049
5303 506 6784 2024
0 562 834 2884
0 0 834 562
2906 2150 4006 3229
9065 840 9202 2621
9366 6343 9534 6810
2291 6746 3327 8838
699 5751 1830 7926
4393 9360 4876 10000
6651 4257 7862 4744
3086 1304 3996 1432
4876 9360 10000 10000
4116 2024 6784 2150
834 2049 2090 2515
7150 7779 7231 8932
1862 6832 2119 7768
1136 4349 1819 5154
0 2884 834 3915
834 1303 2806 1643
9679 4439 10000 6943
1818 3243 3335 3911
1632 5520 1830 5751
0 5518 233 10000
7387 4896 7593 5369
3660 4349 6223 4654
5615 7779 7150 9360
1136 4091 3387 4278
8619 4439 9679 6343
6760 5369 7901 7243
8264 8493 9478 9360
4116 0 5303 2024
5303 0 6784 506
2119 6746 2291 10000
233 5951 633 7881
9291 840 10000 3634
834 747 4116 1303
3660 4861 5495 5290
6760 7243 8264 7779
4313 5526 6760 6269
3004 4349 3660 5342
4048 6269 6744 6530
7993 2 9318 217
2593 8838 4393 10000
6784 0 7993 2150
0 3915 4191 4091
233 8273 2119 10000
834 0 4116 747
5615 6530 6758 7717
