5141 3882 5806 8386
7947 5751 8421 7634
5806 6620 6749 7257
3620 3941 5131 4813
4674 9421 5012 9997
1715 3753 2875 4869
5509 8752 6790 9421
9470 2355 9590 5258
7947 7634 10000 8752
647 3499 1164 3753
5709 2355 5917 2797
3620 2234 4317 3021
5796 455 9558 591
1634 2481 2637 3750
1634 978 3620 2481
5806 7257 6702 8282
981 8945 1715 10000
3433 4869 4470 5941
5855 1638 7339 2162
4411 7083 4466 7263
2098 9096 4198 10000
308 978 1634 1719
4232 170 9525 436
3355 5961 4411 7633
6749 6178 7947 7324
3355 8386 6749 8752
5806 4477 6711 6137
6790 8752 8131 10000
5589 2797 6503 3857
1688 455 5796 978
308 1719 1602 2146
6816 3747 7101 4535
6749 5097 9466 5751
3355 7633 4395 8357
1688 0 4232 455
0 7961 981 10000
8131 8752 9266 9074
981 8145 1715 8945
5014 9421 6685 9983
8131 9179 8751 9862
0 6495 981 7961
2176 7331 3217 8535
0 4084 1554 6495
5113 2900 5586 3882
5806 6137 6749 6620
3638 1378 3833 1454
6569 2355 6737 3139
3620 3040 4354 3860
2875 2481 3620 4869
2098 8752 4198 9096
4198 8752 5509 9421
6749 7324 7947 8752
2098 5893 2529 7331
1715 5893 2098 10000
2529 4886 3277 6141
6435 593 6466 770
0 0 1688 978
9651 455 9965 5742
1715 4886 2246 5893
5113 1258 5599 2195
981 6495 1715 8145
308 2190 636 3626
3217 7331 3355 8752
4232 0 9806 134
2529 6141 3355 6607
2660 2719 2828 3136
25 978 308 3716
9368 2355 9401 4628
7101 2764 8022 5097
4470 4869 5141 8386
4198 9421 4594 9907
8421 5751 10000 7634
3833 1035 4684 2234
2556 6607 2737 7173
2737 6607 3355 7331
4373 2234 5110 3863
6749 5751 7778 6142
