7088 1980 8213 3045
4692 5091 6655 6451
9807 3384 10000 6451
1854 1945 3345 2401
6514 0 7638 1293
0 722 3738 1945
5774 2606 6655 3392
7205 4138 8673 5410
7985 3384 9807 4138
7088 5440 8370 6188
0 3676 501 4881
5229 1293 7638 1980
8788 0 10000 1388
6655 1980 7088 6451
8213 1980 10000 3045
4368 7150 8367 7727
3357 8499 8110 8534
3357 8030 4353 8461
8788 1388 10000 1980
4085 8541 7875 9287
1159 7634 1746 8343
2622 2440 4692 3954
3738 722 3821 1945
4108 4784 4368 7620
7088 3045 7985 4138
2622 4784 3906 8020
798 8414 3357 9298
8673 4138 9807 6451
6253 4599 6645 5091
1782 2440 2622 8414
2622 8029 3186 8388
3640 3954 3851 4666
4692 0 6329 1293
2622 3954 3371 4752
5717 4462 6253 5049
554 4917 698 7130
4368 3954 4672 5525
7985 3051 9984 3384
0 0 4692 722
4368 8118 7399 8429
6329 0 6514 1293
4368 6451 8545 7150
1159 3676 1777 4847
3882 1277 4629 1945
4692 1293 5229 5091
8265 8744 8537 8860
2909 9298 9444 9962
798 3676 1155 8383
5229 2110 6434 2595
8545 6451 10000 9298
710 7058 798 7473
3345 1945 4692 2440
0 1945 1782 3676
7638 0 8788 1980
