8951 2262 9109 4275
9123 3694 10000 4277
3608 4463 7299 4808
4812 590 5215 2012
1125 1403 1873 1975
3517 4463 3608 6043
5575 1517 6299 2219
155 6910 674 8313
18 7535 155 8443
3617 6078 4322 7334
1885 6043 2537 9701
0 2534 155 7529
6147 2886 7114 3296
7140 2925 7933 3294
6944 4847 8065 4909
4747 6078 5108 6602
0 907 780 2534
7759 3309 7869 3616
3608 4808 5648 4934
5258 7340 5923 8347
5575 2219 7885 2829
8655 4025 8950 7320
3689 7340 5258 8347
4586 9489 8133 9627
4435 6078 4710 7245
9426 5935 9998 8344
2231 583 2931 1543
1049 574 1868 1392
5293 8837 7720 9411
8951 4277 10000 5935
1885 5342 3517 6043
8577 8347 10000 10000
782 9494 816 9904
8357 4808 8634 7175
8738 0 8841 673
5111 5279 5899 7338
709 7649 885 9494
2160 3330 3517 4188
5648 4808 6828 4846
9258 2262 9650 2483
6299 1905 7908 2184
155 6351 1885 6910
1923 9719 3466 9968
3517 3617 5223 4463
1112 8496 1825 8968
4586 9417 8133 9489
6044 2877 6147 3596
6525 3891 7068 4025
4586 9627 7728 9698
3000 577 3635 1516
8357 7690 8725 8262
8243 9495 8566 9556
8003 2262 8924 3564
9140 6187 9162 7586
8078 0 8733 1111
3333 4188 3517 4436
155 2534 1048 2934
606 4098 1885 5827
4710 6624 5042 7202
1873 574 2231 2016
5223 3625 7025 3891
5575 574 7006 1517
1685 6910 1869 7304
155 5827 1116 6338
2160 2016 3638 2838
0 8988 709 10000
7299 4025 8655 4808
2537 8103 3689 9701
7480 4934 8353 5743
7745 8380 8266 8619
885 7649 1112 9494
9123 2493 9950 3676
2231 1543 3638 2016
2537 7340 3689 8103
4745 2012 5575 3617
6525 4146 7226 4286
2878 6052 3557 6773
8770 8003 9305 8329
8003 1517 9048 2245
2160 4188 3321 5342
155 2934 2027 4010
2537 6830 3543 7340
1954 4098 2099 5037
3608 5279 5111 6072
9229 168 9954 2127
8357 7586 9425 7688
27 8687 709 8988
2537 6043 2804 6735
4586 8348 5221 9157
1159 5931 1557 6351
7006 0 8078 1517
3660 3544 4597 3554
3689 8347 4586 9701
5923 4934 7480 5759
2160 2838 4745 3330
1052 2016 2160 2933
7741 9627 8577 10000
7745 8648 8502 9417
5923 5759 7657 8347
7068 3617 8951 4025
3638 889 3957 2822
709 6910 1112 7649
6299 1517 7965 1822
1524 9526 1881 9807
3484 9701 7741 10000
3969 574 4739 2313
5218 574 5559 1806
3608 4934 5797 5274
155 4098 606 5827
5343 8357 7216 8835
7657 5759 8357 8347
6147 3296 7759 3617
0 0 7006 574
4543 2318 4745 2685
5223 3891 6525 4463
