1009 95 3521 461
3202 4911 3972 8007
1137 8029 2997 9726
0 6727 1112 7303
9392 0 9999 3012
0 8567 1137 10000
7239 3537 8832 5480
0 7603 1137 8567
4007 7947 5295 8458
9043 4506 10000 5480
1137 7140 2899 8029
7239 5480 9718 7636
6931 14 9232 389
3972 9660 6949 9725
7187 389 7626 1786
7774 8459 8486 9726
5899 0 6856 752
9718 5480 10000 10000
6931 2245 8514 3019
8832 3012 10000 4506
6931 3086 8785 3537
7774 7636 9718 8459
4461 9726 5103 9811
0 7303 1137 7603
0 0 807 3004
2186 5143 3150 6296
7341 7636 7774 7897
1009 1591 3823 3153
661 3153 2186 6708
2997 8029 3972 9726
2290 9812 3063 9944
5899 2265 6465 4348
5307 7947 7750 8455
0 3153 641 4128
3972 8459 7774 9660
1137 9726 1678 9844
6249 4521 6463 6370
3972 0 5899 4394
8832 2449 9235 3012
7626 389 8605 2136
8486 8780 9718 9812
3578 3153 3819 4907
6249 6424 6508 6645
2186 3153 3578 4911
3972 4394 5070 7947
5070 4534 5856 6681
8867 4632 9043 5480
3846 1591 3972 4668
8486 8542 9451 8780
1009 461 3972 1591
5070 6681 7239 7947
0 4584 655 6258
6591 2265 6802 3468
6982 4037 7239 4267
