9346 6993 9918 7433
3799 8186 4456 8405
47 3007 1535 3644
6710 7138 9346 7235
4456 8770 5494 9037
1686 8186 2188 8897
4456 9602 5340 9751
9666 2350 9918 3288
150 8202 1676 8441
6011 6338 6772 7138
5077 6657 6011 6871
1686 9413 3698 9756
9342 0 9655 810
7819 2081 9438 2747
8544 3687 9095 4325
8558 4910 9197 5812
7000 4611 7893 4752
0 5190 447 5225
8853 4325 9918 4910
6408 5812 9461 5975
1871 2629 2257 3059
2071 1958 3574 2449
1408 1608 2071 2423
7015 2081 7818 2437
5917 2437 6330 2751
4601 918 5984 1009
6710 7235 7619 8474
6330 2437 6637 2745
6347 1449 7690 1992
3601 1009 3776 2044
5299 4325 5687 5006
1472 7155 1485 7518
8960 8545 9483 9320
5777 8925 7739 9037
4757 2951 9664 3138
2257 2450 3630 2538
0 3644 6016 3798
3587 3924 4269 4325
0 0 430 1214
5690 4325 6408 5635
6408 4349 8418 4586
3380 1039 3492 1292
5341 349 6593 523
9210 0 9309 751
4650 4962 4888 5182
1535 3384 4077 3637
4675 8474 5777 8770
2071 1608 3574 1958
8616 884 9122 1581
8616 0 9210 884
2422 3924 3587 4325
2769 1292 3574 1608
8113 3687 8544 4325
256 5230 396 7568
3559 8186 3799 9412
150 5230 256 8186
396 5230 1329 6250
2285 4754 3637 5207
256 7568 1635 8140
4585 7672 5187 8185
4613 349 5341 897
1535 2626 1868 3059
150 9465 293 9756
8960 9320 9365 9770
4757 2751 9666 2951
8857 5975 9461 6338
1409 1009 1948 1247
3738 2449 4739 3131
4757 2081 7015 2437
398 7340 918 7550
1241 296 2390 347
898 5043 1234 5230
9197 4910 9461 5812
9539 7433 9918 8545
6016 3810 7097 4319
8960 8058 9539 8545
6772 6338 7361 7138
3776 1358 5212 1869
1329 4754 2285 5219
1329 4325 3226 4754
3574 2081 4757 2449
5991 927 7514 1000
3029 6540 4234 6806
6551 5975 8694 6247
1022 349 1406 1260
3480 459 4529 550
1535 3059 2257 3384
6473 1358 7777 1444
9095 3687 9918 4325
5494 8774 5775 8830
2679 3138 9666 3288
5077 6338 6011 6657
2935 6871 6011 7138
5870 9037 7261 9558
1686 9069 2822 9410
150 9756 5870 9973
1220 1292 2769 1608
5777 8799 7756 8924
7619 7818 9319 8058
2935 7672 3447 9308
604 3798 4618 3924
5299 5097 5623 5621
4618 3798 6016 4325
1329 5419 2046 6250
2390 289 6593 349
5580 7138 6090 8186
3226 4325 4924 4754
7777 1598 8143 2079
8229 8058 8960 8474
3063 6338 5077 6530
9317 894 9666 1425
898 3924 2422 4325
9461 4910 9918 6338
6016 3687 7083 3800
4269 3924 4618 4325
7968 3687 8113 4204
0 3798 604 5190
3799 8405 4456 9756
7811 9770 9365 10000
604 3924 898 5230
7777 523 8616 1598
5777 8474 7811 8799
3790 5618 4647 6104
7619 7235 7962 7794
9918 8482 10000 10000
2046 5419 2155 6088
8168 1598 9189 2003
557 0 810 207
1147 2450 2021 2620
396 6250 8857 6338
5212 1358 5280 1826
4141 3288 6016 3644
0 2626 1343 2908
898 4325 1329 5043
843 6787 1470 7028
8338 4586 8558 5812
7361 6447 7488 6993
9666 0 9918 2350
5299 5635 6408 6250
6668 2437 7721 2710
6090 7138 6710 8474
5523 7283 5580 7672
3401 5219 4807 5554
4757 2437 5915 2751
4606 8186 5793 8460
1909 6338 2340 6931
0 5230 150 9973
7811 8474 8960 9770
0 9973 3329 9993
3931 1009 7777 1358
2295 3288 4141 3379
4456 9037 5727 9419
4989 4518 5182 4616
5341 523 7777 847
7361 6993 9346 7138
8558 4325 8853 4910
6016 3288 9918 3687
396 6338 1410 6779
1329 5219 3401 5419
6593 289 8616 523
7488 6550 9918 6993
1322 4 2621 289
5341 847 7760 916
4456 8474 4675 8770
6408 5517 8337 5812
7361 6338 9918 6447
150 8441 1686 9465
2340 6338 2935 9069
2679 2538 3738 3138
9483 8545 9918 10000
2621 0 8616 289
7488 6447 9918 6550
293 9465 1685 9755
9365 9320 9483 10000
7619 8058 8229 8474
3776 1869 6347 2081
967 1685 1220 2230
6409 4900 8338 5515
3834 1009 3931 1294
9918 0 10000 8482
9346 7433 9539 8058
2257 2538 2679 3288
1234 5043 1322 5199
6633 4588 7000 4853
2947 7138 5277 7671
