2568 8691 3006 8891
662 8325 1279 8487
0 13 3476 1060
8945 0 9116 5627
662 9736 8276 10000
5400 6459 6423 7534
1622 6459 2430 9736
3475 5460 6423 6459
6328 2542 7633 3928
3619 6459 5400 7894
1417 1060 3488 1555
3006 6459 3619 9050
1756 2131 2677 5190
6423 6486 9121 6587
0 3105 1741 3156
3182 5537 3441 5716
6423 5627 9510 6486
4732 931 6650 954
0 5190 1622 6157
9510 4603 10000 6486
7633 876 8869 2720
6850 5320 8945 5627
1622 5190 3181 6436
3619 7894 4039 9050
2430 9050 4689 9736
4039 7894 4582 9050
0 6157 1344 7208
9559 6486 10000 8603
2677 2131 5124 2937
5124 4453 8945 5320
6328 3928 8814 4380
4689 9548 7296 9707
6179 5320 6638 5453
4249 0 4555 1553
8276 8603 10000 10000
0 7208 1622 8325
4085 2937 5124 5460
9116 0 9402 5627
7633 2720 8869 3928
3475 4499 4085 5272
1344 6373 1614 6637
7143 0 8945 876
2677 2937 4085 4499
5124 954 7143 1975
6552 7974 6727 8629
1417 1555 4966 1736
9121 6486 9559 7840
0 1740 5124 2131
4555 0 7143 926
6423 6587 8228 7651
667 2270 1433 3041
3496 315 4248 1548
6423 8640 7505 8921
0 8325 662 10000
4582 7894 4684 8569
5124 1975 6328 4453
5400 7534 6423 7894
4555 954 4938 1550
8276 6587 9121 7840
2781 4499 3475 5000
4689 7955 6372 9529
8869 876 8945 4453
7643 9136 8274 9424
0 3156 1756 5190
9402 4603 9509 5612
7143 876 7633 2542
3496 3 4234 315
9402 0 10000 4603
8276 7840 9559 8603
0 1060 1417 1740
6976 7663 8276 8638
6328 2033 7049 2542
6459 5460 6850 5561
