7291 1219 7922 2504
3324 3473 4113 7928
7922 1326 10000 1907
4113 4712 5143 7928
4705 9135 7675 10000
778 9421 1394 9999
1893 4996 3057 5473
1416 7928 3017 10000
1251 4949 1893 6587
1893 5473 3109 6587
6519 333 7922 819
3982 0 5765 2037
3111 0 3982 1449
6894 6926 7493 8636
8364 1907 9980 3505
3109 3473 3324 7928
7291 819 7922 1219
5143 4712 5208 7928
0 3473 3109 4617
0 4949 777 9996
3017 7928 4705 10000
8032 5587 8481 6880
1416 6704 1749 7543
7985 1907 8358 4641
4705 8870 7675 9135
1839 693 3111 1449
957 4949 1251 6427
423 2037 1605 3133
6481 6881 6894 8870
2108 6587 3109 7928
0 3158 4087 3473
5208 4345 6941 4699
8245 8865 8862 9813
5765 0 6519 819
782 6587 1416 8686
6116 2504 7052 4345
4113 2037 6116 4345
4705 7928 5206 8868
8481 5587 9999 7414
5765 819 7291 2037
5208 4766 10000 5587
8716 0 10000 1326
6116 2037 7291 2504
0 4617 3109 4949
778 8691 1416 9421
1635 2037 4097 2621
7052 2504 7922 4766
1839 1449 3982 2037
6481 5587 8032 6881
7675 7126 8304 7320
7675 7414 10000 8865
5208 5587 6481 8870
249 693 1839 1954
1922 2846 4113 2983
7922 0 8716 1326
6519 0 7922 333
139 24 3074 693
4113 4345 5208 4712
