6948 7937 8826 8297
1658 954 2376 2352
0 197 1177 1225
6002 3795 7141 4259
5661 5461 7141 6435
0 7626 594 9273
3984 954 4222 2039
8508 131 9305 568
2871 5469 5661 5878
3250 5998 3372 10000
4440 1870 6002 1965
1474 9372 3250 10000
9708 8090 9953 8485
1417 8601 2371 8778
1687 2352 2333 2745
4440 4468 7129 5318
6850 1152 7551 3081
7613 131 8508 1269
2437 5461 2757 8784
3372 9556 6948 10000
3215 2892 3966 3884
5331 6690 6948 6891
3372 6435 7880 6690
4224 1095 4440 5345
9305 131 9708 6518
4054 6932 4783 7525
2125 5723 2278 6904
4440 3640 6002 4468
8671 8677 8743 9336
1417 5345 7141 5461
0 0 3201 197
1203 954 1658 2734
1417 4653 3215 5345
7613 1269 8081 1883
1133 9372 1474 9972
0 1225 878 5168
6002 0 7613 1152
2004 3271 3215 4653
5331 6891 6948 7275
5331 7275 5871 8974
3844 5998 5311 6371
9305 6518 9695 9047
4054 7525 4783 9286
2826 5878 3250 9372
8508 568 9147 3795
9708 4407 9980 5454
7141 3795 7851 6413
5394 0 6002 1095
2758 5878 2826 9372
8385 7736 8616 7924
1417 2892 2004 4653
4456 1965 4541 2230
878 1225 1100 4142
7880 3795 9305 5071
6948 9567 10000 10000
2037 197 3201 954
8085 1269 8508 3768
3250 5915 5417 5998
4224 0 5394 1095
8826 5071 9267 8532
6002 1290 6845 3144
0 5168 605 7626
955 8997 2758 9372
2004 2892 3215 3271
7880 5071 8826 7736
3372 6690 4054 9556
605 5168 873 9251
2376 954 3984 2045
9147 568 9250 2288
6002 4259 7124 4468
878 4167 955 9344
1177 2892 1417 8997
6264 1152 6512 1267
3966 2045 4224 5345
6002 3144 7613 3795
4054 6690 5330 6932
1238 197 2037 894
7613 13 9780 131
2376 2045 3966 2892
955 4167 1162 8713
50 9372 1064 9914
4783 6932 5331 9286
6948 6690 7880 7937
6948 8297 8671 9567
4541 1965 6002 3640
1102 1225 1177 4167
3201 0 4224 954
7613 2371 8085 3793
4054 9286 6943 9556
3215 3884 3966 5345
6474 7275 6948 9269
4440 1095 6002 1870
