8351 0 9166 1438
8154 7732 8514 8123
1208 0 7275 109
904 3779 1785 4493
336 7732 1724 7958
7308 7134 8094 7314
5261 5360 7101 6240
3297 6431 4883 6881
5061 2797 5700 3086
1606 9298 2683 10000
900 4721 1364 5637
1807 5637 2723 5902
8194 4443 9345 4651
0 4718 741 6881
7285 3695 8194 4737
8245 538 8351 1167
5700 2900 8194 3695
2327 8149 2800 9298
864 1068 1571 1531
2800 8429 3027 8997
1366 4942 3444 5390
5001 7314 5482 7636
1366 5390 3444 5637
7563 1438 7717 1927
960 7958 1702 9109
0 3779 904 4514
9079 7854 9873 8279
7308 6333 8094 7134
4037 2596 4744 2797
8474 1438 9166 2463
2432 520 3320 1438
2683 9298 6707 9554
1573 1438 4572 1531
8646 6333 10000 6459
1093 2208 1562 3520
1093 1899 1642 2202
5368 863 5688 1221
0 0 692 1068
6293 186 8351 538
1846 2866 2949 3061
9908 0 10000 2579
741 4718 900 6708
4517 186 5360 481
1704 7958 1724 9060
2897 6333 4883 6431
3027 8794 9079 8997
1807 6431 3297 6708
8059 5360 9282 5759
5061 3086 5700 3695
5482 7314 7290 7721
9402 5225 9654 6333
4395 8149 6169 8429
4479 2797 4872 3657
767 5 1208 109
3122 3927 4335 4335
9079 9220 9701 9362
1366 4737 3924 4942
1846 2164 2222 2866
1571 1068 1826 1419
5688 186 6293 316
1093 1531 7557 1663
8646 6459 10000 7314
1724 7732 7469 8149
8529 2579 10000 3467
9654 4283 10000 6333
3924 4737 5246 4941
6775 9453 6845 9898
1478 186 2116 1068
6169 8149 8526 8666
5250 5225 9402 5360
8194 2735 8529 4283
3131 1887 3546 2458
2897 5902 4486 6333
4348 7169 7029 7314
4927 2797 5061 3168
8059 5770 9070 5844
6634 538 8181 917
7371 7423 8968 7732
428 7958 960 8745
8968 7314 9854 7713
2350 1663 4082 1855
2536 4334 3051 4489
3122 2463 9166 2579
7557 1936 8474 2327
7101 5360 8059 6072
0 6881 2606 7732
692 109 7275 186
3604 900 5368 1397
8059 5846 9401 6333
7371 7314 8963 7423
3027 8429 6169 8794
4590 1438 7557 1531
5368 1221 8349 1428
8526 7732 8938 8559
7469 7732 8150 8128
3546 1887 7557 2327
741 6708 2233 6881
900 5637 1807 6708
4373 8997 8500 9284
5700 2579 6204 2900
4883 6333 7029 6881
4906 3695 6363 4204
8529 3467 9655 4145
458 1531 1093 3524
4082 1663 7557 1887
0 4514 6563 4718
692 186 1478 1068
7275 0 8351 186
0 3622 2536 3779
1824 4329 2427 4514
7717 1438 8474 1936
3546 2327 8474 2463
2606 6881 5733 7169
10 7732 336 9690
2116 186 2432 1438
2240 1887 3108 2415
1724 8149 2327 9298
2832 8149 4395 8429
5688 316 6229 1219
5250 4737 9654 5225
0 1068 692 1090
6888 4226 7285 4408
3580 5360 5083 5627
8094 6333 8646 7314
6563 4489 7250 4729
0 1531 458 3622
6775 9298 9029 9452
6718 2735 7887 2885
1581 2208 1810 2825
8526 8560 8665 8575
2619 3088 3122 3454
0 1108 863 1531
1807 5902 2897 6431
6204 2579 8529 2735
2432 186 3320 520
2723 5637 5261 5902
4489 4718 4743 4732
5733 6881 7029 7169
3320 1398 5332 1438
606 9298 1606 9971
7029 6333 7308 7314
1146 1704 1808 1899
458 3524 2536 3622
6169 8666 7941 8742
4486 6240 7101 6333
3461 9608 4140 9945
4486 5902 4994 6234
3444 4942 5250 5360
8938 7732 9079 8545
9166 0 9908 2579
7101 6072 8059 6333
2606 7169 4348 7732
2233 6708 3297 6881
