6760 5930 7644 6691
7930 7050 8187 7201
8215 1555 9206 1850
9223 5225 9771 7656
2632 7983 2858 8279
1797 7968 2102 8112
2109 4110 4703 4432
9146 8974 9392 9899
0 8136 1690 8414
2640 5657 4952 6028
1838 268 2076 584
345 2166 993 4000
672 9276 1160 9617
1006 2166 1194 3289
55 6785 1069 8136
7175 1555 7515 2522
1194 1410 1670 3471
4982 1035 6772 1555
2109 5168 4699 5517
7930 8077 9376 8546
1797 7236 2907 7968
1632 3471 2109 5657
4624 1035 4982 1555
1670 2826 2207 3471
2450 268 4624 410
1670 2133 3446 2826
1670 1410 1690 1951
2907 7236 3777 8607
7599 3687 8468 5930
8579 5225 8836 7149
7684 444 9879 535
6587 1555 7175 2623
8836 6859 9223 7658
2504 1410 3496 1454
3777 7236 5575 7781
9484 1218 9739 2720
6274 2717 7690 3687
9392 8279 9541 8730
5441 3322 6274 3470
5968 6691 6424 7765
7690 2717 7928 3212
6423 9395 7972 9979
3922 2133 6320 2594
7644 5930 7930 6198
2450 410 4624 977
2109 4432 2510 4750
2109 5518 4147 5644
6086 3793 7599 4008
6086 3687 7599 3793
7930 5930 8468 6227
0 24 697 473
20 6839 55 6924
3610 4432 4703 5168
6228 4110 6661 5366
6946 268 7584 1014
1069 6785 2359 6984
1160 9434 3061 9617
3386 6028 4226 6607
2076 268 2450 977
993 3471 1632 5657
3952 8607 9392 8974
1069 6984 2359 7236
3061 8607 3952 9395
0 2166 345 6785
5028 8557 9389 8607
4703 4110 6228 5657
1518 9276 2632 9434
0 1471 1194 2166
1160 9276 1518 9434
7542 1555 8198 2281
8836 5225 9205 6442
7930 6227 8454 6884
3446 2133 3893 2541
1069 7236 1797 8136
2504 1456 4555 1811
4561 8974 8006 9395
2109 3471 6274 3687
1690 8136 2632 8414
4624 1555 6587 1811
8215 2002 9127 2688
1194 798 2076 977
8468 3687 8529 7113
9392 8730 10000 10000
2640 6691 5968 7236
672 9617 3061 10000
8003 7945 8599 8019
0 584 2076 798
6219 5657 6760 6691
2109 4965 3606 5168
8545 3215 9217 5223
876 0 1838 517
1700 1410 2504 2133
743 520 1444 552
1194 977 3672 1410
2504 1811 6587 2133
345 4000 993 5657
2640 6628 6202 6691
6772 1218 9204 1554
2109 3687 6086 4008
4952 5657 6219 6628
6760 4110 7299 5681
345 5657 2359 6785
4102 9218 4561 9395
5028 7781 7644 8557
9359 1218 9484 4519
5575 7236 5968 7781
7644 6198 7930 8557
8006 8974 8814 9925
5414 268 6730 1035
7318 4110 7586 5837
2359 5657 2640 7236
6274 2669 7377 2717
4624 268 5414 1035
3446 2623 5437 3471
7690 3215 7967 3631
2510 4432 3610 4750
2207 2826 3446 3471
5437 2634 6274 3291
0 9276 235 10000
3061 9395 6423 10000
2109 4008 7599 4110
3777 7781 5028 8607
0 798 1194 1471
6425 6691 7624 7766
9771 7811 9989 8077
6772 1038 7230 1218
8472 707 9659 812
0 8414 2632 9276
235 9276 672 10000
3672 977 4603 1456
2632 8607 3061 9434
8468 7658 9738 7931
2109 4750 3610 4965
1838 0 10000 268
