1142 9675 2349 9971
8449 0 8639 466
5306 8977 7295 9667
289 8637 10000 8977
318 7290 3037 7630
2396 9237 4619 10000
64 3554 289 8977
4192 7001 6675 7206
596 0 1294 3554
4595 2813 4890 4650
6986 6212 8083 6326
5360 3334 6055 4722
4595 5286 5322 5839
7884 1951 8268 2471
64 8977 5272 9237
9088 6863 9475 8637
2877 267 4267 1910
1713 1910 6722 2136
5470 5535 8063 5586
9595 0 10000 3339
3157 2813 3745 6161
2226 2813 3147 4515
4619 9667 9244 10000
8234 6555 8785 6637
1713 2136 2226 3554
8487 6969 9052 8501
8829 1460 9166 6515
3760 3639 4483 3781
4450 6463 5173 6914
289 3554 2226 4085
8806 8977 9244 9667
9168 0 9595 6555
289 4085 308 6188
0 9237 1142 10000
5362 4882 5470 6222
0 3554 64 9237
1713 0 4267 267
1142 9237 2279 9659
7830 1460 8626 1950
9244 8977 10000 10000
2585 5419 3140 7206
1713 267 2877 1910
6722 1910 7611 3118
7621 1460 7697 2589
1783 5419 1792 6360
9596 3339 9658 5943
4267 0 8449 661
3832 3781 4430 5468
6722 3136 7241 4495
8083 3512 8435 6125
2226 2136 6480 2729
5141 9237 5306 9666
7273 3512 7644 4507
7250 3319 7763 3512
4267 1460 7621 1910
9528 6555 9658 8637
4267 984 9168 1460
4267 661 9168 984
4192 7607 8487 8637
8441 3512 8813 6430
4955 3295 5309 5009
4192 7206 8485 7607
7830 2636 8755 3031
7295 8977 8806 9667
0 0 596 3554
5470 4722 7271 5036
318 4887 1704 7290
318 7882 3147 8622
1704 4899 3065 5419
3157 6347 4192 8636
9658 3339 10000 8637
318 4085 2226 4887
1294 0 1713 3554
