8252 4863 10000 5008
8774 2918 9091 3889
9091 2617 10000 3889
4229 989 5379 2373
2853 7938 3544 8874
3544 7938 4624 8874
7666 2617 9091 2918
0 8645 1701 8932
0 1074 1455 2768
7977 5860 9482 7898
4624 7295 5116 8874
7666 3747 8252 5008
1455 2401 1973 2678
5116 7295 5856 9355
9482 5860 9916 7678
3494 6264 4886 7295
5896 4622 6097 5827
880 53 1211 120
5877 7597 6689 9036
10 7424 1771 8643
6086 972 6446 2060
7977 8003 9216 8582
2150 1074 4001 2401
0 2768 2111 3782
5856 7295 6364 7597
6111 4622 6364 6209
26 4745 2794 6167
3653 0 4001 1074
7219 5860 7977 8415
4886 3965 5862 5198
7215 9155 9950 9350
7666 5008 10000 5750
7666 5750 9912 5856
4001 2617 5862 3965
0 6277 866 7422
4001 0 7893 642
7977 7898 9493 7985
5379 642 6086 2617
0 3782 2094 4673
6446 972 7893 2060
6086 642 7893 972
2111 3635 4001 3965
3439 4745 4886 6264
30 9636 1081 9838
8252 3889 10000 4863
0 120 3653 1074
7666 2918 8252 3747
2853 8874 5116 10000
5116 9355 10000 10000
9578 0 9747 1733
1199 6264 1779 7410
8252 2918 8774 3889
7215 4622 7666 5860
1779 6264 3494 7295
1455 1074 2150 2401
2111 3965 4886 4745
5862 2617 7666 4622
1779 7938 2853 10000
6086 2060 10000 2617
7893 0 9578 2060
5322 5198 5537 6721
2111 2401 4001 3635
4886 5198 5322 7295
2794 4745 3439 6264
6689 7597 7206 8820
6364 4622 7215 7597
1779 7295 4624 7938
7977 8597 9988 9124
