5488 3511 5727 4178
8194 7936 9586 9005
2936 5016 4059 5374
3118 3678 3665 4518
9586 7936 9777 10000
6072 4086 7987 4580
1932 0 2780 4730
3893 5960 5557 6614
5000 3511 5488 5040
5152 9610 8295 10000
4799 7338 4867 9011
5506 8660 6960 9002
9151 4507 9416 4752
790 621 1884 1705
5152 7564 5506 9491
2780 2283 3076 3752
8391 1675 9151 4445
3851 4214 4398 4669
1866 5079 2424 6023
6647 6612 8301 6962
0 8398 739 10000
4867 6614 5152 10000
3710 7508 4762 9187
8326 542 8353 3862
2951 8688 3631 9191
5557 5960 5722 7564
5000 1772 5489 3464
3712 915 3851 2822
9174 1675 9417 4506
1866 4732 3118 4966
7065 7564 8194 9005
6743 3511 7560 4079
6086 0 6254 913
739 8398 1254 9519
8922 4878 9061 5040
5506 7803 7059 8041
1254 5637 1866 7855
5000 5040 8855 5382
7590 3689 7810 4086
0 3273 604 4732
2936 9191 4867 9519
9777 1675 9978 8586
8301 5671 8855 6962
0 7217 1254 8398
8353 750 10000 1675
8855 5040 9777 6264
0 5637 741 7217
4450 6624 4625 7426
8353 0 10000 750
5722 5671 6647 6962
5042 0 6086 905
2947 6278 2951 6717
1254 8448 2936 9006
5000 913 5522 1772
3359 7712 3710 8173
5722 6962 8855 7564
9691 7504 9775 7936
7150 0 8353 542
3118 4669 4400 4966
8855 6264 9777 7504
5152 9491 8295 9610
8855 7504 9686 7564
2996 5671 3893 6982
1866 6023 2437 8448
8295 9005 9586 10000
2437 4966 2936 8448
5522 913 7025 3156
2936 5382 8855 5671
739 9797 4867 10000
5522 3156 7099 3453
5506 9005 8295 9491
8089 5771 8301 6612
9417 3533 9696 4056
0 4732 1866 5637
3851 0 4363 2808
9777 9034 10000 10000
4400 0 5000 5382
1254 7855 1866 8448
1254 9006 2936 9519
3893 5671 5722 5960
0 0 537 3116
7039 8396 7065 8653
739 9519 4867 9797
7150 542 8324 3510
5609 8041 6951 8246
6254 0 7150 913
5152 6614 5528 7530
8194 7565 9577 7936
8089 5671 8301 5771
741 5637 1254 7217
6647 5671 8089 6612
7025 1068 7126 1637
607 2703 1746 3619
