6376 5271 7932 6506
3078 2382 3715 4794
118 258 916 689
2190 2973 3078 5431
7932 3727 7981 4002
3131 4828 3750 5249
3826 2171 4366 2383
0 2332 181 3570
2198 8669 3237 8677
962 4487 2190 6506
243 6506 3905 7330
7972 2111 9781 3048
6846 258 7721 1199
2190 5431 6376 6506
3750 3679 6186 5271
2677 7386 6837 8376
4366 1199 7721 1623
7993 312 9776 749
243 3997 2190 4487
3078 1467 3750 2145
3745 8433 4837 9006
38 855 514 1535
7855 7386 8652 9932
514 855 4366 1467
7932 4002 9716 4312
3863 3048 5182 3649
4366 855 6846 1199
4333 6506 7926 6784
7721 749 8873 2111
8674 6784 9698 9013
1607 7386 2677 8139
0 3570 243 10000
243 7386 1542 7983
4333 6784 4784 7384
3688 9444 7086 9737
4366 1623 5658 1686
6651 0 9442 234
4792 6784 5582 7386
5182 3469 10000 3679
2342 1569 3051 2973
243 5634 962 6506
8873 749 10000 2111
2264 8400 5967 8433
3688 9022 6903 9251
535 1467 1499 2207
9798 4395 9983 8036
1520 2107 2188 2325
1823 9068 2217 9735
4366 1686 5658 3048
6838 7386 7448 8433
0 0 6651 258
1520 1467 2190 2106
7721 258 7970 706
6186 3679 7932 4539
4837 8433 7448 9022
7448 7386 7855 9987
5582 6784 8674 7386
9082 9013 9617 9812
3078 5271 6376 5431
243 2325 2190 3984
6186 4539 7932 5271
5182 3048 10000 3469
7932 4395 9169 6432
5658 2111 7972 3048
916 258 6846 855
5658 1623 7721 2111
243 4487 962 5634
243 3984 2148 3997
9781 2111 9992 3008
