1617 9495 4097 10000
2208 5225 6020 5741
6859 7568 10000 8508
2262 8949 3021 9495
7865 3952 8241 6496
1079 1363 6104 1459
3022 7673 4234 9495
8241 4130 8742 6826
8772 0 10000 3952
7865 6826 10000 7568
6871 5722 6916 7124
6104 0 7214 1459
4234 7506 5255 7807
2154 2729 2515 4512
6442 2729 7828 3814
2271 8246 2930 8782
8241 3952 10000 4130
1079 1702 6584 2156
9104 4130 10000 6826
288 4584 2479 4795
2858 3994 6767 4129
1079 2212 2084 3431
288 9495 1617 10000
552 5224 1492 7673
288 6323 552 9495
2208 5741 6024 6050
552 7698 3022 8246
2371 7334 4234 7656
6772 3856 7336 4195
0 4129 288 5802
5957 8508 7590 9057
3483 2729 5399 3731
1189 8246 2048 9078
4097 9495 10000 10000
2208 6050 3237 6675
2515 4311 6859 5224
5695 0 6104 1363
6916 4246 7865 7568
7590 8508 8107 9057
1079 1459 6822 1670
5957 7673 6859 8508
0 0 5695 902
7214 116 7833 643
552 8412 1108 9443
288 4796 2515 5224
0 902 1079 4129
8209 719 8772 3952
3237 6050 6024 6675
2930 8246 3022 8949
288 6266 463 6323
1492 5224 2208 7673
552 7677 1837 7698
4234 7807 5957 9495
5768 3043 6442 3324
5957 9057 10000 9495
6024 5261 6823 5927
7865 6496 8241 6826
8742 4130 9104 6826
2597 902 4746 1337
7341 3906 7853 4246
6086 5933 6519 6575
2208 6675 5957 7334
8107 8508 10000 9057
288 4130 2136 4584
0 5802 288 10000
7932 0 8033 2308
2537 4246 3595 4310
7440 981 7751 1142
2137 2286 7708 2705
5957 6675 6859 7673
