6606 9017 7177 9788
823 5377 2499 5882
6306 7488 6423 8056
6377 2685 7468 3073
3176 4292 6932 4423
6423 7488 6968 8087
6012 69 6950 1477
2930 4423 6933 4725
597 3073 659 6689
2607 8394 4311 8872
1349 7037 2102 7924
5765 2127 7755 2407
0 8064 598 8677
1661 5129 3256 5282
823 3621 6450 3788
1085 9852 3380 9940
37 8725 1015 9925
4117 7405 6906 7488
1302 6892 3490 7037
3835 8087 4626 8361
9387 9033 9459 9590
2857 4338 3158 4399
2036 69 4529 380
7548 8720 7934 9852
1661 4335 1975 5129
9142 6234 9670 6521
5902 7037 6632 7251
1661 4118 8320 4292
6934 4562 7675 5377
9949 2024 10000 5699
3493 6897 5004 6978
823 5882 5874 6076
4558 1477 5804 2127
6843 8087 9702 8178
9461 1872 9913 1896
1389 9174 2607 9486
5829 69 6012 999
4117 7974 6115 8087
5231 1200 5971 1313
1914 1200 2803 1405
1411 4118 1661 5377
8930 6369 9105 8004
8311 6234 8908 7457
5113 8087 5293 8177
25 69 294 2685
1421 6234 1776 6454
4311 8361 7548 8791
1995 508 4063 909
3452 7268 6906 7405
8320 4067 8462 5170
637 1200 1850 2127
1914 1453 2928 1602
25 2685 1009 3073
4648 4725 6934 5291
1857 6234 2828 6460
8469 7488 8930 8087
4311 8791 6973 8850
7662 3418 9949 4019
823 5101 1377 5304
7662 4019 9949 4067
1850 1968 4213 2127
5874 5922 8080 6226
2224 7037 3005 7911
8462 4695 9859 5161
7530 250 7771 981
294 69 637 2127
1297 4075 8320 4118
9434 5170 9860 5377
4350 6689 5704 6805
823 6076 5874 6234
8134 6405 8309 6762
4558 1314 5743 1475
3400 4779 3987 4832
637 69 1995 999
4268 8872 4390 9679
823 3275 7648 3418
1349 8087 3835 8361
294 2428 2522 2685
1085 9788 7548 9852
4103 484 4529 969
4529 69 5829 999
1085 8376 2656 8394
5293 8087 6718 8176
2833 6405 6906 6689
7270 2024 7701 2092
0 9940 9387 10000
860 4118 1411 4865
6968 7488 8469 8087
1144 9174 1389 9332
0 3073 597 7037
6950 362 7371 401
3380 9852 7934 9940
1850 1200 1905 1828
5713 5492 9179 5882
1085 7037 1349 8361
7548 8361 7934 8720
1085 9679 4292 9779
9422 4364 9512 4633
1279 6689 4350 6892
1009 2685 5306 2886
823 3418 7662 3621
3002 380 4097 507
2901 2127 5765 2428
5859 1595 6872 2122
2607 8872 3765 9486
4150 4725 4648 5070
8462 4067 9670 4316
7270 1595 9449 1982
4940 9358 6606 9788
4216 1314 4329 1927
0 7980 524 8064
7183 8913 7402 9040
1995 380 2947 506
7934 9033 9313 9072
0 69 25 2920
4762 5493 5680 5882
7979 9072 9380 9909
1914 1602 3086 1968
823 3832 6450 4067
4117 7521 6176 7955
2389 4423 2596 5094
2318 3788 6450 3832
5874 5882 9702 5922
1085 9486 3765 9679
9387 9606 9457 9993
6450 3621 7662 4067
1661 5291 6589 5374
2499 5377 4762 5882
9302 0 9615 794
659 3134 823 6689
603 7037 1013 8724
7675 4292 8301 5149
4390 9358 4940 9788
3765 8872 3873 9679
294 2127 2901 2428
597 6689 1279 6892
1440 6460 2833 6684
7468 2428 7634 3064
7771 0 8282 986
0 10 7499 69
6906 6405 8134 6659
3421 7405 3816 8047
6934 4300 7662 4562
9043 987 9900 1185
7675 5170 9434 5377
5804 1477 9461 1595
9702 5882 10000 10000
637 999 6012 1200
973 3788 2318 3821
2833 6234 6356 6405
1009 2886 4680 3033
1995 69 2036 378
2522 2428 7468 2685
676 6892 1302 7031
4390 8872 6606 9358
5306 2685 6377 3073
6906 6659 8134 7488
659 3073 7648 3134
9453 5377 9491 5786
4762 5377 8972 5483
7530 0 7771 246
8134 6768 8310 7488
7648 2659 7769 2800
4626 8178 7934 8361
7934 8178 9463 9033
823 3134 7648 3275
3873 8872 4268 9679
4814 1200 5231 1261
1015 7037 1085 9940
3086 1200 4144 1958
7782 2024 8081 3368
9463 8178 9702 10000
1085 8394 2607 9174
