1227 8786 8766 8939
5414 8294 7119 8786
4457 1218 4809 1931
35 5364 1914 5545
5414 7968 8314 8294
0 6225 7617 6406
7891 2850 7915 4459
9407 5826 10000 6950
0 2009 519 3003
0 6406 7617 6607
9092 5826 9393 6597
1224 1079 1382 3465
1382 1079 2124 3465
3670 1218 4457 1931
3778 8045 4192 8639
3476 5364 7617 6225
7119 8294 7846 8524
7837 6682 8226 6985
8978 0 9299 647
2842 4916 7031 5364
7169 791 7844 1338
7169 1798 8821 2850
8342 1723 8554 1798
1987 5364 3476 6225
7807 5364 10000 5826
2418 0 3670 2434
2124 2434 3060 3465
5944 7269 8766 7535
2539 6607 4192 7903
8821 736 9524 2850
5537 0 5680 614
0 6607 1227 8450
0 9926 6404 9997
0 8450 1177 9429
5680 68 7980 791
9524 1254 10000 5049
2539 7903 4176 8045
3060 2434 3670 3465
5379 1931 5815 3465
7617 5364 7807 6091
9524 0 10000 1254
2228 8939 2299 9616
1224 3465 7169 3629
0 4466 7078 4748
5944 6798 6501 7201
0 4915 2804 5360
2099 3629 7891 4466
8083 17 8969 736
3670 1931 5379 3465
8226 6682 9407 7269
1227 8939 2064 9626
4192 7968 5414 8786
7807 5826 9092 6682
2861 8939 4761 9668
5815 1931 6440 3112
1344 3632 2099 4466
114 5546 1987 6215
9121 7269 9840 9635
0 4748 6697 4912
9524 5049 10000 5364
7078 4466 9524 5364
8083 736 8295 1678
2137 872 2418 1596
1355 9750 6480 9911
9407 6950 10000 7269
5815 3112 7169 3465
5944 7535 8314 7968
8314 7535 8766 8786
4809 791 6440 1931
8299 767 8821 1720
728 1079 1224 4455
4192 6756 5944 7968
6480 9501 9113 9635
4192 6607 7617 6756
6440 1328 7169 3112
1227 6607 2537 7056
0 9916 3843 9926
3670 0 4809 1218
6440 791 7169 1328
6480 9635 10000 10000
6480 8939 8741 9481
8766 7269 9121 9501
7617 6091 7803 7238
0 0 1838 680
7915 2850 9524 4466
1227 7058 2539 8786
0 1138 713 2006
7169 2850 7891 3629
2539 8045 3732 8700
9840 7269 10000 9635
0 864 2072 1079
