6091 0 6630 1287
5267 7958 6134 8158
450 1510 1556 3672
2103 8407 2315 8535
7906 0 8420 804
450 668 1990 1259
8036 2437 8782 3092
6600 5286 8720 5730
3377 3672 4431 4795
4051 254 4083 703
450 0 4044 668
4262 2855 4818 3672
1556 1809 7234 1961
5775 3012 7722 3658
0 0 450 6475
3924 9361 5368 9777
2635 3672 3044 6194
2849 1965 5462 2233
8545 4649 8720 5284
6946 9783 7947 9992
4044 0 6091 254
9657 1763 9902 2786
0 6475 164 10000
3044 5730 3876 6192
3044 3672 3377 4115
8975 1763 9657 3705
1515 1259 4182 1510
8758 6475 9296 7650
3192 6673 5267 8158
5479 1961 8782 2437
1990 940 2573 1225
2778 6475 7754 6673
5057 254 6091 1410
7011 7950 8527 8037
2103 8577 5321 9361
4853 3257 5448 3650
2614 6687 2778 8577
5775 4467 8222 4641
9177 387 9902 1158
6740 8579 7681 9074
6712 8047 8678 8237
2472 6687 2614 8577
8420 0 9177 1008
5479 2437 6337 2958
9657 2786 10000 4135
7754 6633 8758 7437
5996 6673 6891 7238
4262 2233 4931 2564
8782 1763 8945 2827
450 1259 1513 1509
7234 1008 9177 1158
1335 6194 10000 6475
4818 2564 4931 3156
4635 8158 4880 8557
4631 3672 5479 4477
9902 161 9999 2661
5389 9361 6699 9782
1556 1510 4137 1802
164 7713 751 7884
5267 6673 5994 7958
5775 2958 7722 3012
4262 2564 4818 2855
5775 4653 8392 5286
1751 9361 3042 9755
2472 6475 2778 6687
6363 5866 8720 6194
2849 2233 3409 3167
4931 2248 5472 3227
6337 2437 7722 2958
6712 7835 7481 7943
8720 4467 10000 6194
9296 9415 10000 10000
1556 3167 3432 3672
164 7911 1427 8151
3432 2233 4262 3672
1506 8407 2073 8670
450 3672 782 4277
164 8151 1506 9361
7243 1158 8197 1875
1990 678 3828 833
5321 8158 6712 9361
1506 7338 2279 7593
2598 9783 6925 9998
8036 3092 8975 3705
4411 756 5057 1045
3963 4795 4420 5613
3044 4115 3377 5730
4431 3672 4631 4795
6630 1008 7234 1809
1177 9783 2583 9967
6630 381 6932 440
164 6475 2472 7338
5775 4135 10000 4467
3409 2233 3432 3167
5822 5286 6600 5699
2799 6673 3192 8066
1860 5008 2012 5917
5996 7437 6384 7944
9296 6475 10000 9415
5479 2958 5775 5730
9177 0 9902 387
7754 6488 8598 6633
6712 7437 8375 7632
3882 5730 6363 6194
7722 2437 8036 3705
6363 5730 8720 5866
1335 4617 2086 4876
785 3672 2635 4617
4182 1410 6091 1809
8950 7650 9005 8191
785 4617 1335 6475
164 9361 1169 9397
164 9398 1177 9999
450 4897 785 6473
5775 3705 9657 4135
2778 8158 4453 8540
1556 1961 2849 3167
4631 4477 5479 5730
3570 4795 3915 5584
5775 3658 7692 3705
7947 8246 9296 9987
8782 1158 9902 1763
493 4527 785 4867
