1144 95 3656 461
3140 4433 3794 8052
1138 8052 2940 9812
1102 6717 2195 7303
8983 0 10000 1798
0 8331 1102 10000
7800 3360 9243 5366
382 6703 1102 8331
5099 4687 5295 8045
9243 4173 10000 5366
1102 7303 3140 8052
9110 5366 9733 9281
8594 0 8969 2301
6779 9660 7624 9889
7187 1357 7626 2754
7800 8416 8847 9281
5899 705 8282 1007
9733 5366 10000 10000
5899 2818 8441 3300
9243 1798 10000 4173
5094 3506 7800 3815
7800 5480 9110 8416
4933 9660 5103 9981
0 7348 382 8331
382 0 1133 3228
2203 4213 2685 6519
7773 3829 7800 8015
1144 1806 3972 3360
382 3686 2179 6703
2940 8052 3794 10000
1518 9812 2291 9944
5072 3829 7770 4266
5295 7541 7772 8042
3 2274 382 3923
3794 8045 7800 9660
1103 8052 1138 9876
6126 4331 6261 7262
3972 0 5899 3360
9047 1798 9205 3234
5899 0 8367 693
7800 9281 9733 10000
3140 4214 5070 4433
6267 5065 6304 6612
2203 3360 5072 4213
3794 4433 5072 7989
5295 4534 6081 6681
7800 5366 9109 5480
1370 1645 3972 1794
8847 8416 9110 9281
1144 461 3972 1645
6313 4331 7757 7499
0 3923 346 7092
5072 3360 6995 3492
6093 4266 7378 4312
