0 1458 10000 1498
0 8032 9805 8057
0 1727 10000 1766
0 8890 9771 8917
0 7921 10000 7984
0 8057 8893 8109
0 4176 8981 4240
0 2668 7469 2779
0 1143 10000 1251
220 9347 6618 9463
161 4122 1465 4160
0 6498 10000 6529
3014 8853 3661 8873
0 246 10000 284
0 2563 6621 2622
0 7984 7325 8024
0 6263 9623 6340
0 154 10000 240
0 981 10000 1143
6008 6418 7467 6429
5608 4599 8607 4629
0 1806 10000 1882
0 9005 10000 9058
0 7835 2596 7921
0 8328 10000 8357
1221 9956 7614 9996
0 377 6007 392
0 6979 10000 7009
0 8597 6901 8604
0 3974 9641 4011
0 8357 10000 8391
0 3871 1752 3945
0 6463 9825 6498
0 3167 10000 3178
0 4812 3103 4841
4232 1374 9613 1458
0 3330 8464 3382
0 593 4657 594
0 4309 9665 4328
0 55 9825 154
0 7611 10000 7687
0 6195 9800 6262
0 7234 9855 7330
2596 7835 9800 7919
0 9570 10000 9627
0 284 10000 319
0 7752 10000 7777
0 4240 10000 4309
0 4011 10000 4042
0 2189 8321 2255
0 392 10000 404
0 704 8059 770
0 1967 2809 1987
0 4042 10000 4065
0 2066 9656 2158
0 770 10000 891
0 2811 3646 2857
0 8967 10000 9005
2869 9509 7950 9520
0 5962 10000 6094
0 1706 9977 1727
9211 3531 9654 3723
6200 5350 9967 5492
0 6888 10000 6928
0 7330 4869 7416
0 8506 10000 8529
0 360 9729 376
0 1989 5866 2027
0 3045 9940 3167
1063 7074 8510 7213
0 7687 10000 7752
833 1639 9535 1694
0 5492 6995 5559
989 3838 8032 3839
0 9520 8912 9538
0 8200 10000 8328
0 1766 10000 1806
0 6760 8029 6888
0 6928 10000 6979
5641 5688 9132 5711
5632 8633 8649 8792
0 1498 5274 1521
0 5100 7747 5174
2093 1592 9433 1639
0 8391 10000 8506
2661 404 5069 419
0 9746 9918 9859
165 3945 9471 3971
482 6736 6952 6756
0 5736 3584 5962
0 6094 8578 6104
3057 4699 7031 4795
0 8529 10000 8557
0 8928 10000 8967
0 8917 10000 8928
0 9861 8865 9954
0 7777 10000 7835
0 8844 4486 8847
0 3382 10000 3531
0 9280 5401 9317
4950 1950 7185 1966
0 2992 9949 3045
0 891 10000 981
0 2857 10000 2992
0 9059 5193 9088
0 9698 4119 9735
0 6429 7132 6460
0 9627 10000 9698
0 0 9653 40
1790 8109 5968 8134
0 3178 9960 3294
0 5041 9048 5100
0 678 9817 688
1008 6709 7855 6719
0 4871 5703 4980
0 1342 5065 1352
2237 3780 9220 3829
0 8808 10000 8844
0 319 10000 360
0 8557 10000 8597
0 6593 3123 6697
0 6562 10000 6593
0 1251 10000 1342
1615 2056 6558 2066
0 7554 10000 7611
3030 9118 4487 9175
747 420 9721 589
3866 5026 9912 5027
0 9331 8479 9347
0 7427 8200 7554
0 8792 10000 8808
0 6529 10000 6562
0 2451 7609 2457
0 2255 9188 2394
994 1533 2704 1592
0 6346 7375 6409
0 1882 9348 1950
5214 9058 9619 9083
0 3294 9623 3321
2094 8147 7055 8200
0 4105 10000 4122
0 240 7706 246
0 1592 2093 1639
0 6107 9857 6195
3725 2624 6079 2668
0 4344 9682 4584
0 7009 10000 7074
0 4065 10000 4105
2616 9542 8905 9570
0 2409 9592 2448
