7675 8533 10000 8706
9685 3275 9993 7376
3631 4026 5025 5418
5025 5320 7622 5667
7622 4684 8514 7155
9444 3462 9462 4453
4653 2269 5250 2589
0 6577 973 8366
1942 1625 2786 2780
4263 3275 9637 3451
4573 1511 5524 2198
3780 9056 3975 9800
8385 2589 9820 3261
3714 871 4026 1710
7664 1631 7858 2103
7031 3527 8939 3858
3862 7157 5719 8315
6186 516 8587 1254
4135 6879 6064 7157
7149 1335 7343 1631
1252 402 1304 2841
2679 5816 5003 6140
537 4164 803 4355
487 8781 6321 9056
6819 9056 7320 9800
973 6577 1646 7383
7738 105 9312 445
5253 4182 7327 4679
7031 3462 7539 3521
8941 3527 9092 4621
9779 516 9970 1870
9685 7647 10000 8315
8514 5202 9353 7157
0 8366 2079 8781
1879 9373 3116 9783
2094 4508 3631 4639
0 366 1231 1058
6551 7629 9685 8315
4567 2589 8385 3221
487 9056 3780 9373
9222 3527 9420 4951
4263 3462 4504 3988
354 6140 7622 6418
2799 338 3204 2126
5232 3462 7030 4150
7031 3859 8514 4174
2816 2133 3217 3158
354 1058 1252 2841
4263 3221 7957 3251
6064 6418 7622 7157
5588 628 5797 1274
8305 1820 8693 2201
3331 446 3707 1225
8514 3859 8941 5202
1646 6577 5853 6608
7320 8706 9005 9800
2410 7543 3862 8781
1646 6879 4135 7157
9197 8706 10000 10000
5025 4684 5974 5301
2058 7157 2410 7835
5719 7157 9685 7629
0 0 997 338
973 7383 1646 8366
5025 5667 7622 6140
6321 8706 7320 9056
7327 4182 8513 4684
0 1058 354 6418
5018 8315 7675 8706
2351 338 2508 904
682 9800 9197 10000
6879 0 7738 370
2871 5547 5025 5700
1646 7835 2410 8366
6003 4707 7610 5320
4546 8384 5018 8747
8742 1524 9779 1782
1306 1625 1942 5418
4381 0 4567 3221
2679 5418 5025 5547
3779 3221 3949 3237
354 2841 1306 4164
5719 7629 6551 8315
2410 7157 3862 7543
5721 1866 7270 2011
997 10 3196 338
5018 8706 5963 8778
1306 361 2289 1581
9353 5204 9653 6483
7589 2230 8230 2534
0 8781 487 10000
1942 3237 4263 4026
803 5418 2679 6140
4997 9056 6819 9800
0 6418 6064 6577
682 9373 1761 9800
4945 9056 4997 9795
2508 339 2799 1625
370 4387 780 6098
1761 9421 1864 9621
2079 8366 2410 8781
487 9373 682 10000
1646 6612 5805 6879
1942 2789 2557 3227
5588 1631 7573 1865
1646 7157 2058 7835
3217 1710 4381 3221
803 4164 1306 5418
9005 8706 9197 9800
3975 9056 4945 9800
7675 8315 10000 8533
