924 0 1567 930
924 6355 1761 9107
8822 8091 9148 9880
3999 2391 4391 3379
2228 5961 2369 9107
0 554 205 3465
3788 1364 7948 1869
6543 2051 6794 2352
2228 4810 3132 5961
8822 6975 9875 7912
9024 3868 10000 4649
2371 1869 8678 2051
9148 8091 10000 8814
4391 4674 6228 5078
1751 2051 4391 2391
7649 6136 8393 6666
7649 6666 8369 7657
1633 0 2371 2051
256 4638 715 4941
0 0 924 554
0 3465 205 3982
1157 2707 2902 3009
4355 4624 5166 4674
732 9132 2261 9994
2951 703 3507 1545
3718 4356 5439 4508
6686 5352 7502 5974
7649 5454 7890 6136
9070 7939 9243 8073
4808 6506 5804 8304
2620 8760 3178 9893
6151 6506 7289 7792
715 4638 3132 4810
2620 7501 4808 8304
6292 5974 7649 6506
7649 4676 8040 5183
3718 4510 4355 5181
715 6355 924 9107
3718 5348 6107 5898
6035 753 7648 1088
5982 2680 6241 2994
4150 674 6035 1277
1784 3009 2902 3379
256 9107 717 9956
0 4638 256 10000
715 4810 1365 5980
3186 8304 3925 9972
8678 0 8822 5454
2371 8 8614 145
3788 674 4150 1364
3132 4638 3718 5961
2951 1545 3788 1869
9148 8814 9891 9226
3966 8304 7937 8850
9630 1634 10000 3868
2902 2707 3999 3379
0 3982 1784 4638
5705 3705 6996 4381
8822 0 9024 5454
6292 5521 6611 5973
1157 2051 1751 2391
9024 2184 9630 3868
6035 145 6617 753
5705 4490 6822 4505
5067 8852 5874 9869
4391 2051 5982 3110
3718 3379 5705 4356
5705 3110 7393 3705
2371 145 6035 674
7890 5454 9024 6136
3966 9314 5035 9867
205 930 532 3982
1761 6355 2228 9107
9024 4649 10000 6136
2620 6506 4808 7501
8048 4468 8537 5382
3966 9884 8605 9991
3966 8852 4834 9305
2620 5961 6292 6506
2369 5961 2620 10000
8393 6136 8822 9884
1365 4810 2228 6355
532 2051 1157 3982
7243 7860 7937 8225
1784 3601 3718 4638
4150 1277 7948 1364
6040 8852 6244 9846
7393 2051 8676 4464
7948 1277 8637 1853
9095 493 9708 1468
4839 8852 5067 9310
1157 3009 1784 3982
9708 0 10000 1634
7993 7860 8219 9361
4391 3110 5705 3379
2620 8304 3178 8759
1053 930 1567 2051
3718 5181 4451 5287
1567 0 1633 2051
7624 9025 7907 9658
205 554 924 930
256 4941 715 9107
532 930 1053 2051
9024 1634 9630 2184
6624 145 8195 327
5804 6847 6095 7860
715 5980 1365 6355
2371 674 2951 1869
1157 2391 3999 2707
1784 3379 3718 3601
