865 3200 6653 3404
6415 0 8937 1262
865 3404 5329 4709
6415 1566 6541 2585
0 3200 270 4709
5538 7647 7535 7813
592 226 870 2233
7957 8940 7994 9035
6044 9441 7026 9642
1345 2288 2735 2848
7143 1264 8684 2011
270 3200 865 4709
2378 8441 3125 9379
0 4911 2075 5054
0 0 377 3200
870 906 2172 2233
5093 2233 6415 2684
5538 7418 7629 7635
2172 1931 6415 2233
7284 5171 7390 5780
7216 5890 7893 7135
377 2848 2735 3200
149 6205 1315 7415
1837 8441 2378 9379
3328 1229 5218 1931
3328 336 3825 965
8516 5734 9085 7479
1315 5094 1980 5717
0 5054 1315 6205
8006 8623 9991 9281
8980 0 9334 1116
4735 4709 5329 6608
6653 5920 7179 6568
2075 5181 4220 5573
1345 2233 4477 2288
2075 5573 2888 5884
3981 6608 7198 7413
5218 965 6415 1931
6678 1264 7143 5146
4820 7813 5918 9719
0 8441 1837 9379
0 7813 2351 8441
9107 7482 9982 8604
7997 2461 9690 2497
9338 1616 9752 1997
9780 1616 9996 4569
7360 2082 7553 4645
2267 226 3328 1802
8006 5171 8403 8420
4107 5901 4168 6478
0 9379 662 10000
2735 2288 4477 2684
2267 1802 3328 1931
9511 4654 9995 7273
377 226 592 2233
2901 5573 4176 5851
2351 7935 4820 8441
6653 5253 6856 5824
7143 2082 7341 4431
0 4709 4731 4911
7143 4654 9499 5171
5918 9642 7384 10000
4423 8939 4692 9471
2735 2684 6653 3200
377 0 4797 226
377 2233 1345 2848
0 7415 5538 7813
3125 8441 3773 9680
0 6205 149 7415
3328 965 5218 1229
1516 5901 3981 7415
5918 7813 6041 9583
6044 7813 7957 9281
8439 5561 8512 7168
4797 0 6415 965
2172 226 2267 1931
7575 2082 7962 3684
4251 5181 4735 6560
9338 0 9972 1159
4477 2233 5093 2684
662 9379 3125 10000
3798 8504 4391 9719
8439 7482 9107 8512
2075 4911 4735 5181
3125 9719 5918 10000
870 352 1989 906
5329 3404 6653 6608
2351 7813 4820 7935
1315 5901 1516 7415
7384 9281 10000 10000
