9516 6551 9917 7185
3784 7904 4294 8187
814 3384 2543 3762
9122 7185 9515 7721
5139 7759 5339 8897
918 8208 2912 8387
5139 9733 6023 9882
9556 1449 9730 2831
918 8387 2953 8564
6563 6498 7361 7404
3384 6608 6180 6677
918 9604 2835 9964
9342 450 9610 1396
7978 1712 8990 2720
8684 3910 9505 4395
8380 4933 9917 5172
6603 4611 7496 4752
226 5086 375 5191
8853 4395 9917 4933
8858 5610 9122 8222
1664 2988 2007 3384
2950 2230 3542 3258
558 2230 2838 2467
7697 1712 7978 2720
5977 2504 7682 2580
5468 780 5983 1017
6563 7404 7736 8222
4979 2720 9482 2741
5977 1456 7051 2135
3532 1466 4057 1811
5182 4508 5520 5257
692 7162 5411 7163
9122 8619 9515 9643
6180 8717 6910 9018
6522 3085 7493 3910
348 2487 2717 2538
5520 3723 6226 4858
3886 3384 4164 4269
217 0 432 2428
5520 4858 7105 5257
6522 4395 8846 4600
1603 1277 3492 1292
5468 289 5983 780
9210 180 9539 406
4650 4625 4744 5182
2543 3384 3886 3762
5339 8201 5903 8601
1731 1811 3542 2105
8915 450 9306 1352
7104 180 9210 450
2999 3762 3886 4269
1274 1456 3273 1584
8113 3910 8684 4395
217 5362 575 6250
3598 8387 3804 9817
150 1929 211 7240
575 5362 1737 6250
2004 4269 2680 5175
918 7163 2241 7759
4585 7246 5187 7759
4971 289 5468 1017
217 2905 1954 2988
192 7797 217 9466
7197 9643 9136 9740
4979 2741 7493 3085
7736 6084 8858 6274
1301 732 1675 1075
3729 2449 4757 3085
4993 1600 5977 2418
708 7163 918 7683
2007 289 2390 442
604 5109 1184 5219
7105 5172 9917 5257
9515 7185 9917 8604
6226 3085 6522 4752
9122 8031 9515 8619
6762 5257 7361 6414
1220 1292 4971 1449
1184 3762 1410 5043
1410 3762 2004 5219
3729 1811 4290 2449
5983 289 6132 1017
860 6504 4234 6599
7736 5610 8858 6084
639 311 1023 1222
3480 549 4529 640
919 2988 1664 3364
7697 1358 8915 1449
7493 3615 9505 3910
5339 8829 5620 8885
2203 2538 2950 3258
4234 6498 6563 6608
5580 6677 6180 7672
5139 8897 5903 9733
918 9385 2695 9603
217 6429 692 9973
1220 1593 3496 1810
5903 8799 6171 9722
7736 6274 7933 8222
2953 8387 3568 9749
604 2988 814 4682
5421 5257 5583 6305
4650 3085 5520 4508
1737 5362 4650 5583
6132 289 6475 1017
5903 7672 6180 8799
3569 4400 4650 5362
7697 1449 8382 1706
7085 8222 8253 8525
692 6429 5993 6498
9665 378 9842 1425
2004 3762 2999 4269
7736 5257 9587 5610
5520 3550 6217 3723
3569 4269 4650 4400
7100 4115 8113 4189
375 2988 604 5219
3808 9208 4965 10000
5139 9899 9069 9993
814 3762 1184 4682
7697 450 8915 1358
5339 8601 5903 8829
1794 6103 4647 6249
7933 6274 8047 7925
9515 8604 9965 8876
1737 5583 3560 5623
8990 1449 9379 2512
459 0 558 529
2007 2538 2203 3258
8047 6274 8858 7925
1220 1449 6524 1455
4164 3384 4650 4269
217 2604 1560 2886
604 4682 1184 5109
692 7004 3343 7061
7105 4933 8380 5172
7361 6615 7643 6868
9730 1449 9917 4395
5993 5257 6615 6373
4979 2580 7436 2697
6180 6608 6563 8613
5523 7283 5580 7672
3140 4269 3569 5362
4757 1456 4979 3085
5339 7672 5903 8201
2339 6294 4290 6425
0 0 150 10000
7031 8613 8960 9460
150 9973 2924 9997
4971 1017 7104 1449
3729 3163 4514 3377
4663 8187 5139 9207
4989 4518 5182 4616
7266 450 7697 2504
9122 6551 9516 7185
7496 4603 8720 4751
7493 2741 9505 3615
217 6250 2339 6429
217 5219 3140 5362
6475 180 7104 1017
9122 5610 9587 6551
558 201 4765 289
7104 450 7266 1449
3808 8523 4613 8604
7361 5257 7736 6615
9917 1449 9964 8451
918 8564 2953 9385
692 6608 3384 7004
3542 1811 3729 3384
9515 8876 10000 10000
558 0 9965 180
9587 5257 9917 6551
692 7823 901 9755
9268 9643 9504 9988
7933 7925 8858 8222
4290 1456 4757 2449
1105 1031 1220 2230
7105 4752 8853 4933
3646 1098 3931 1195
9965 0 10000 8876
9122 7721 9515 8031
2007 3258 3542 3384
1184 5043 1383 5112
6226 4752 7105 4858
3384 6677 5580 7162
