6063 7176 6389 8124
5836 1621 6566 2636
5097 3127 5140 4014
4538 3127 4857 5266
4626 752 8766 1052
8588 2849 9925 3103
6315 8412 6537 9775
3384 3682 3458 4291
7391 2849 8588 3103
5076 194 5338 244
2952 6560 4676 6954
3366 1361 6693 1394
1307 7001 1759 9397
6991 4410 9901 4548
7391 3435 7815 4084
1079 9793 5418 9794
3312 7779 3383 8378
3211 450 4414 540
4538 1627 5182 1656
2110 7176 2150 8834
2166 7176 5440 7706
8737 2395 9254 2636
926 2850 1662 2893
702 6584 1932 6967
1759 9645 5027 9710
8456 3383 9072 4410
2006 5266 2326 6584
3366 752 4319 1020
433 7523 1079 9794
4319 1052 6901 1361
4613 8412 4661 8858
25 4714 1564 5000
553 3069 1662 3419
8970 6863 9697 6903
9225 4784 9901 5619
2952 5266 3952 5561
4416 8124 5866 8410
9642 0 9876 1588
341 5987 702 7001
9953 0 10000 8240
4857 4035 5372 4102
3878 3385 4538 4275
1759 9173 3988 9645
1662 2991 3464 3419
4319 752 4626 1052
4894 8774 5022 9476
6991 2849 7334 3241
6836 4548 9901 4784
196 7523 392 8206
23 5345 685 5987
3952 5266 4665 6560
1759 7001 2110 9173
9925 2726 9953 5619
23 1394 690 2893
192 255 202 718
6157 2636 9254 2791
202 244 2276 801
5210 1621 5713 3047
6550 7632 7539 7991
2166 7779 3285 8124
19 5987 341 7001
1665 1453 1949 1762
9087 8615 9860 9371
6117 5309 7507 6544
2725 4358 3572 4772
9087 6903 9658 8309
5027 8774 5116 9536
2059 1394 2828 1757
8390 5619 8632 6148
8632 6589 9953 6863
23 3419 3464 3682
0 9794 6315 9963
8390 4913 9225 5619
202 122 8458 173
3878 1621 4538 3385
9697 8240 10000 8615
4385 8855 4609 9173
7539 7632 8545 8266
2326 5266 2952 6389
6836 4784 9225 4913
1029 809 2428 954
3366 594 8766 752
9424 5619 9900 6497
1358 9712 4757 9786
702 5001 969 6584
7802 1621 8737 2636
8737 1621 9254 2395
7507 6148 8632 6544
3559 8124 4385 9173
2496 563 5634 592
4357 4275 4538 5266
8667 7881 8690 9850
6550 8271 8228 8672
1972 5266 2005 6576
7962 6544 8632 7632
9072 3383 9925 3953
690 1394 926 2893
2032 9963 3430 10000
3464 1621 3878 4358
6550 8697 6909 9124
2828 1394 3285 2721
2326 6389 2627 6531
7077 3247 7391 4338
2326 6598 2917 6805
2110 7082 7962 7176
553 2893 1662 3069
0 122 19 9794
9072 3953 9682 4397
9695 1621 9953 2726
5497 7176 6063 7635
9902 5402 9925 5490
2952 5561 3896 6534
3572 5062 4341 5262
702 5000 2635 5001
1937 6584 2287 6966
7709 6094 8390 6148
23 4358 1529 4658
9254 2726 9925 2849
3559 7779 5270 7979
5289 5143 5464 6810
5634 244 7872 594
8830 6252 9302 6589
19 7025 1248 7056
5909 2636 6157 4835
3366 1020 4319 1361
4665 5266 4857 6331
6673 7330 7962 7567
8766 594 9596 1048
5836 5309 6117 7082
9697 6863 9953 8240
8746 6863 8970 10000
9254 1621 9695 2726
1796 5266 1972 6584
6389 7176 6550 8412
6550 7991 7539 8271
6901 1052 8088 1621
6157 2791 6427 4913
8458 122 9642 594
6427 2791 6836 4913
4894 8473 6012 8774
23 2893 553 3419
3878 4275 4353 4358
2428 248 5219 325
2428 594 3366 1394
702 6978 4724 7001
8552 7632 8667 9997
3559 8002 5448 8104
3988 9173 4553 9451
5732 3970 5836 4253
1662 1762 2754 2526
7872 173 8458 594
2810 7001 3592 7056
3334 1621 3464 2330
6566 2010 7802 2636
5836 4913 7505 5309
23 3974 3384 4358
8456 3103 9925 3383
6836 2791 6976 4394
7770 2791 8959 2846
19 3197 23 4345
1248 9710 4510 9712
969 5001 1796 6584
23 3682 3384 3974
3285 1394 6639 1567
8088 1052 9642 1621
7729 4124 8456 4408
0 8 5199 122
6566 1621 7802 2010
9006 8624 9087 9203
1079 7523 1241 9568
4732 8412 4894 8990
1564 4358 2725 4772
8632 6863 8746 7632
4538 1656 5210 3127
1564 4772 3572 5000
1796 5001 3572 5266
1662 2721 3464 2991
926 1394 1662 2850
3579 4358 4357 5058
6117 6544 7919 6923
