9178 1191 9415 3506
3250 9007 6551 9436
6987 4540 7351 7585
7110 1977 7165 4404
8757 9239 9893 10000
7112 9239 7639 9872
0 4587 1227 5729
1203 736 3823 759
8424 1718 8441 2667
6843 9010 8577 9061
3823 191 4034 1203
7820 5347 9702 5452
9489 6745 9696 7106
7727 4975 9702 5242
1758 6141 5693 6377
8635 8687 9443 9061
7165 1977 8424 2765
7351 4540 9398 4819
8362 9239 8757 9992
4106 1546 5692 1958
7759 7450 9321 7643
5875 2818 6215 3235
2869 3975 3291 4587
7431 6117 7820 6435
0 9808 792 9992
2469 3773 2821 4587
2240 1045 3253 1401
9702 1191 9867 8000
6358 2145 6811 3235
6843 9061 9867 9239
6138 1834 6477 1966
4039 191 5040 613
283 2998 2673 3066
2240 1401 3253 1630
8489 1047 8671 3838
2341 6377 2971 6742
8635 8000 9443 8687
3291 4515 6414 5046
5991 5734 6838 5930
441 5729 497 6676
792 9876 2679 9992
1878 1630 1914 2100
6838 8000 8073 8290
4241 6845 5065 7736
3250 8949 6838 9007
57 1045 267 1494
2679 9956 5632 9992
7639 9239 8362 9992
3291 5046 6414 5409
18 1560 283 3738
0 87 624 1045
3274 9444 6843 9682
139 7912 1227 9444
6838 4540 6873 7745
7820 5452 9702 6745
5113 7545 5684 8088
2113 3066 3171 3731
923 9444 3274 9876
8697 2492 9161 2510
7759 6745 9489 7450
2146 6377 2272 8803
5991 7909 6838 8536
6875 5460 6946 6653
4546 2375 6358 2818
6838 2145 7110 4404
4330 2375 4546 3631
1892 6377 2125 8475
497 5729 1071 7198
6838 4404 9262 4535
4241 8108 5991 8536
2673 2145 3069 2843
624 87 1203 759
2821 3773 4314 3975
5221 1047 7210 1546
3369 6506 3796 6547
4314 3905 6414 4515
93 7198 1045 7621
9867 87 9887 8104
3250 8536 6838 8949
2826 4082 2869 4252
5113 6845 5684 7503
5211 3404 6143 3905
5221 720 7472 1038
1758 6377 1892 9004
283 3066 2113 3773
0 9992 8757 10000
2341 6751 2911 8474
0 0 9893 87
139 9444 792 9808
624 759 3823 1045
6844 9239 7112 9673
6875 7670 9476 8000
3374 2375 4290 3762
7165 2765 8413 3564
5058 351 5221 1510
3015 6377 3250 9444
1227 6141 1758 9004
6414 3905 6838 5409
3274 9682 4902 9872
8328 640 8347 1047
1878 1045 2240 1630
8073 8000 8635 8290
5221 416 6518 720
5991 5930 6838 7909
9178 748 9641 1191
283 1045 1878 2998
3823 1211 4028 2080
9443 8000 9867 9061
3662 2362 5575 2375
3374 2145 6307 2313
3186 2145 3355 3543
1227 5409 6838 5734
4241 6377 5691 6837
5058 87 9321 344
5707 1546 7210 1834
792 9444 923 9876
1227 4587 3291 5409
2094 2987 2348 2998
1227 5734 3860 6141
4039 1977 7001 2137
139 7663 1007 7912
7351 5242 9702 5347
9435 1191 9671 3780
5693 6141 5991 8108
93 7636 139 9808
1227 9004 3015 9444
17 5729 93 9578
7210 1047 8424 1977
3823 87 5058 191
6838 8290 8566 8992
1203 87 3823 736
0 3773 2346 4583
4613 3279 5211 3902
1071 5729 1227 7912
6261 3279 6761 3894
3253 1045 3823 2145
3291 3975 4314 4515
8697 1047 9178 2433
9893 780 9994 7109
7406 6745 7759 6916
