3475 2913 3639 3782
1472 3822 3411 4049
2467 8303 3396 8448
4676 9315 5568 10000
0 236 288 1675
5011 1477 7946 2010
3802 947 9333 1240
3857 5800 4208 6276
1649 9080 2602 9586
1318 1833 1472 8448
5297 1240 8074 1466
2610 1955 3262 3774
8523 5565 9394 7085
3512 9080 3647 10000
283 6468 863 7725
2610 236 7232 357
9473 1426 9899 1963
9398 748 9473 7085
505 1093 1222 1833
4095 9315 4575 10000
5525 3523 6584 4243
8145 1598 9321 2457
1597 6982 3397 8303
3639 1114 3787 1958
2390 5997 3780 6331
0 7532 278 7745
5897 542 8811 669
3639 690 9473 748
793 8448 2959 8747
1472 5555 1597 8448
1597 6454 4674 6980
3639 3523 5525 4049
5780 5800 6294 8661
6584 3523 7494 5555
2610 690 3573 1812
3397 6982 5087 8448
2602 9080 3278 9490
4677 6414 5079 6982
8798 7682 9845 9317
6492 7085 10000 7483
283 3444 869 6467
1597 6331 4658 6453
793 9080 1649 10000
1978 5555 2390 6295
7494 2010 7943 5554
3639 1958 5011 3523
5011 2010 7435 3477
8136 2490 8834 2826
1472 4801 5525 5555
8701 2826 8834 5043
0 7745 871 8448
2390 5566 4867 5800
1472 1276 2574 3822
871 1833 1318 8448
6492 7483 7884 9315
5568 4243 6584 5555
1597 8303 2054 8365
6492 5971 8475 6974
2535 4049 3930 4801
7884 9790 10000 10000
7946 2826 8701 5555
6294 5555 6407 9040
793 8747 2959 9080
3802 1240 4254 1888
2959 8448 4095 9080
9473 2405 9898 6894
1472 4049 2535 4801
3639 748 9398 947
9903 236 9998 1448
5525 4744 5564 5535
4365 1521 4865 1744
3930 4049 5525 4801
4095 8448 5780 9315
6422 5555 6491 9039
9333 947 9398 2481
0 1833 856 3443
7946 1477 8123 2801
8834 2490 9396 5550
8136 1240 9271 1594
5011 1240 5296 1477
7288 406 9790 503
1649 9586 3512 10000
3210 575 5847 690
5568 9315 7877 9922
7884 7483 8798 9790
5087 6331 5780 8448
4575 9315 4676 9998
0 9350 793 10000
3647 9080 4095 10000
0 55 9203 140
0 3444 283 7329
0 8448 793 9350
1172 591 1380 1057
5780 8661 6294 9315
