7114 6640 7908 7148
2396 2631 3409 5192
0 1830 3084 2631
7334 245 8025 3001
5783 245 6490 5792
2643 5236 3872 5264
9366 1473 9609 2865
1157 6555 2595 7147
0 5192 2595 6555
1157 9360 8791 10000
7984 8796 10000 8967
2595 5831 5577 7246
8025 245 9366 4258
6906 3001 7056 6427
2595 7246 6163 8286
5577 6427 6931 7188
7056 3001 8022 4255
9366 245 10000 1473
6163 7246 7908 8245
0 6555 1157 10000
3409 0 4276 2741
6490 245 6906 4613
2595 8286 6106 9234
1157 7147 2595 9360
0 2631 1847 3831
7984 8256 8658 8377
6525 4636 6906 5896
2983 0 3409 49
2595 5264 4548 5831
8284 5601 9366 8245
9366 2865 10000 8796
6163 8245 7814 8964
4276 245 5132 3117
1847 2631 2396 5192
0 3831 1847 5192
41 0 2933 526
3409 3362 4826 5156
4276 0 10000 245
7908 5601 8284 8245
3603 2741 3978 3211
7056 4258 9366 5601
0 1259 3084 1830
4548 5192 5783 5831
5577 5831 6305 6339
7984 8446 8561 8793
6929 245 7334 1179
6485 8967 9883 9356
5285 245 5712 4038
8791 9360 10000 10000
9609 1473 10000 2865
3084 531 3349 2438
0 878 2823 1259
