6824 4409 7478 10000
38 509 154 8697
8729 9157 10000 10000
7478 3467 8058 5522
2209 1036 2656 1922
1880 7565 2652 9772
2125 3359 3251 4235
5783 6239 6824 6722
535 509 735 8762
2656 350 7607 971
2678 6722 2911 9491
7478 5522 8058 8372
988 5720 6818 6229
2656 1123 4628 2301
1555 5093 4530 5347
0 55 2602 509
2656 0 7782 289
9062 3849 9856 8372
8058 0 8119 6769
4768 3467 6159 5240
1555 4235 4768 5093
1555 2301 3238 3358
1607 3359 2124 4217
9401 580 9731 3087
988 6722 1755 9614
5053 8483 5779 9017
3745 6722 4672 9299
2739 5356 6183 5418
8898 615 9067 1063
735 5720 982 9772
1560 509 2105 2009
8608 3087 9731 3849
510 766 531 3819
8608 1063 9401 3087
5053 9062 6824 10000
1258 509 1555 5418
2911 7526 3477 7739
3251 2301 4768 2690
3251 2690 4768 4235
8729 8372 10000 9157
8119 1063 8608 5649
2188 9818 2669 9943
4672 8483 5053 10000
4768 2301 8058 3467
2656 1072 4365 1123
6183 3467 7478 4409
8058 6769 8895 8372
1954 6722 2678 7522
6183 4409 6824 5418
191 6596 496 9813
154 872 333 2094
8119 5649 9062 6769
988 6230 5782 6720
735 5418 6783 5720
8119 0 9731 580
9731 0 9842 3374
4628 971 8020 2264
8340 8372 8729 10000
8895 6870 9047 7264
6023 6722 6824 9062
735 509 1258 5418
9856 0 10000 8372
4672 6722 6023 8483
7484 8372 8340 9633
8608 3849 9062 5649
2911 9299 4672 10000
