0 3845 246 4908
528 3614 1206 4332
3396 1759 6673 2037
816 6994 1377 7941
8222 5557 9076 6121
634 6348 2008 6931
2523 8184 3148 9706
3619 8856 5769 9450
9378 510 9874 1133
521 3224 3604 3614
3148 7907 3220 9451
4829 7949 5785 8699
3220 7907 3619 9451
8029 98 8389 488
4941 4288 5513 7949
1838 636 2092 2089
8180 512 8392 2613
521 4379 3038 4911
5785 7949 9874 8348
6584 6139 7961 6691
2016 5214 3762 6281
4188 3137 8222 3403
9351 1347 9824 3137
257 0 419 4911
3038 3614 3745 3997
9386 3137 9874 5852
4014 3614 4077 8699
911 2400 1838 3137
8123 3403 8222 6914
2016 6375 2861 6602
3846 2261 5575 2557
5728 3403 7701 4288
5785 9208 9756 9691
5785 8348 9591 8525
5906 9136 8641 9205
3396 2757 8812 3046
7701 3403 7867 4133
5513 4288 7961 4733
2480 8184 2523 9698
667 8349 2480 9114
1206 3614 3038 4379
8392 0 10000 308
1667 9114 2245 9282
288 5214 634 6772
4188 3403 5728 4288
2822 7491 3148 7550
3762 3614 4014 6281
4077 8496 4826 8699
5384 966 7115 1687
17 2434 257 3296
3396 96 8029 512
4206 512 5384 794
634 5214 1039 6347
3396 809 5240 1013
7114 7095 9874 7949
3551 9451 4309 9675
5513 6691 7961 7095
0 5214 288 6772
8392 438 9351 2757
667 9301 1316 10000
5513 7095 7114 7949
2955 636 3396 3135
5513 4733 6899 5598
7115 636 7556 2076
1377 6994 2718 8184
1039 5214 2016 6348
808 0 911 1493
3619 8699 4257 8821
3396 2613 8392 2757
8311 3137 8346 4948
5785 8525 9591 9136
4378 4288 4829 8132
1436 9301 1447 9794
4188 4288 4359 5047
3148 6281 3554 7412
7961 3403 7986 6624
0 6772 634 6994
3396 10 8305 96
3038 4258 3704 4875
911 1191 1838 2400
0 4911 3762 5214
2718 7550 3148 8184
1436 9903 7436 9988
7988 3403 8119 6789
6718 1687 7115 2261
4077 3137 4188 8496
7616 636 8180 2461
419 3137 521 4911
9591 8348 9817 9204
5513 5598 6584 6691
6584 5598 6886 5855
6899 4733 7961 6139
667 8290 1408 8349
8222 6121 9386 7022
1838 2099 2915 3133
9874 308 10000 9903
4242 2037 6718 2215
5384 688 6905 966
5766 2289 7524 2613
8388 7022 8694 7081
6722 512 8176 587
3619 6281 4014 8699
3396 1018 5371 1687
3148 7550 3619 7907
9386 5852 9835 6910
87 6994 667 9837
4829 4288 4940 7948
911 0 3396 636
911 711 1731 1162
2092 636 2955 2093
8392 308 9874 438
2480 9706 9874 9903
