26 7733 1164 7938
4341 475 4669 1107
1948 3788 5100 4261
116 836 1356 855
1623 8815 3315 8817
3411 3256 5238 3784
4348 9573 6057 9594
1532 341 2472 1513
5995 4439 7226 4480
2621 2214 3681 2701
3411 3106 9037 3256
5160 7866 6194 8852
116 164 1524 431
2406 4447 3872 5261
7701 2299 9558 2519
2303 7351 3490 7561
6194 8255 7406 8740
1321 8442 1622 9106
26 9707 1501 10000
6290 3256 6355 3973
748 7939 777 8711
8009 5584 8843 5772
7782 7378 8060 8740
4232 6963 4924 7201
9778 0 9964 7219
9503 4386 9673 9700
6306 5181 7739 5759
7781 157 8046 798
2323 4424 5454 4447
959 6677 1616 7124
4311 9237 6033 9560
2323 4342 7922 4386
1682 9882 3367 9995
116 5458 1728 5655
1728 2926 9037 2979
8715 9700 9673 9980
1441 2039 2270 2214
1519 9335 2665 9710
442 6694 903 7090
1948 2979 2780 3625
9122 4386 9355 6302
1441 1997 3845 2039
2472 583 3512 1701
5440 7322 6776 7866
7101 3675 9673 3845
9778 8823 10000 10000
4139 9160 4311 9713
2323 4386 5450 4419
7664 3845 8958 4129
2382 2789 6309 2844
3490 6977 3781 9100
3490 9100 4139 9713
1728 2867 9037 2926
2303 6653 3916 6670
5864 5894 6572 6088
1959 157 7701 324
8046 157 8094 2263
1623 8817 3490 9082
6334 1915 7636 2192
6306 4640 7983 4995
1441 1701 6383 1774
586 3542 1728 3828
3562 6803 3759 6977
2041 5779 6776 5825
6218 2979 9037 3106
2606 5552 3996 5754
9673 5555 9773 8271
8541 5963 8965 7378
8071 7378 8795 8386
6306 4480 8271 4640
4232 7365 5440 7866
8541 4168 9673 4386
3411 2979 6218 3106
4311 9160 8715 9237
7018 5977 8287 6062
8715 9100 9503 9700
2041 6611 2303 8288
3681 2214 5000 2472
6355 3256 7101 4168
532 2880 1688 3542
6776 6309 8248 7378
116 4517 1728 5458
6316 5112 8009 5181
4556 5892 5864 6146
3512 341 4341 1113
116 145 8094 157
3829 6146 5440 6611
7406 7378 7779 8737
8965 8314 9098 9100
5864 6088 6584 6410
9037 2702 9594 3200
6402 4168 8541 4261
3845 1809 4963 1895
586 3828 1728 4517
6776 7378 7406 7866
2548 1832 3174 1997
8009 5199 9122 5584
3781 7737 4168 8985
3829 5892 4556 6146
2041 8288 3490 8815
3179 68 5314 133
5864 6410 6584 7322
3872 4447 5995 4836
26 8711 940 9193
8009 4640 8271 5199
2406 5261 5166 5539
239 855 408 3892
8094 1914 9093 2073
8071 8396 8956 8887
8326 2173 9429 2176
6194 8740 7718 9090
6194 7866 7406 8255
6776 5779 8563 5940
116 133 5314 145
6751 5039 7686 5112
5314 68 9673 145
8271 4480 9122 4799
26 9271 1475 9696
6057 9237 7862 9713
5109 341 6568 455
1532 324 6981 341
6981 324 7197 1063
3781 8985 4232 9100
1441 1777 5791 1794
2323 4448 2394 5418
4139 9100 8715 9160
408 1513 2436 1692
1626 172 1959 322
2031 4342 2072 5778
6776 6062 8248 6309
4885 475 6424 1044
9638 2173 9669 3636
8271 4799 9122 5199
6047 4480 6306 5258
7922 4270 8515 4288
7214 3845 7569 4039
1948 4261 7922 4342
1519 9713 7862 9882
2820 9305 3490 9667
1772 9273 2776 9334
9479 4386 9498 8642
6584 5892 6776 7322
7862 9237 8715 10000
2072 4342 2323 5778
3829 5825 6776 5892
7206 2784 8901 2860
408 2494 2621 2702
470 855 1532 1453
8094 1508 8641 1774
2896 2979 3411 3182
959 5778 8929 5779
116 0 9673 68
1623 9103 2746 9271
3512 1113 6525 1701
1123 2702 7184 2773
1192 7419 1623 7551
1623 8129 2037 8802
5305 8852 6194 9078
6649 401 6976 522
5440 6146 5864 7322
2798 3200 3406 3746
4168 7737 4217 8222
4232 7866 5160 9100
7101 3256 8387 3672
3781 6963 4232 7737
3781 6670 5440 6963
8248 6062 8541 7378
8094 264 8978 1508
4669 475 4882 1090
31 3829 116 6193
8394 3256 9394 3563
116 5655 1599 5765
9401 264 9666 1904
9162 264 9401 1878
2472 341 3512 583
2303 6670 3490 7351
4924 6963 5403 7192
2070 5825 3829 6611
408 1701 1432 1791
2270 2039 3845 2214
3681 2525 9612 2702
2776 9082 3490 9305
959 5909 1617 6677
5 7532 26 9709
1728 2844 7206 2867
2303 7561 3490 8288
4232 7201 5440 7365
116 431 1517 833
614 1795 1441 2187
3845 1895 6334 2214
8978 264 9145 1768
415 4294 586 4511
9398 3276 9616 3675
9089 167 9551 264
408 2214 2429 2494
1751 3813 1948 3981
2429 2214 2621 2494
1623 5779 2041 8129
3872 4836 5955 5177
1728 4342 2031 5778
