3821 269 6255 554
5947 7652 6355 8077
801 616 1174 6199
1751 8450 2263 8503
6367 269 8682 439
1174 638 5056 832
7846 2112 8912 2555
6587 5699 9483 5979
1875 4477 3534 5344
3185 616 4083 632
316 0 3821 616
4164 2886 4479 4477
1943 1530 3960 1961
6252 2555 7369 3633
0 0 316 7824
5281 8221 5710 9621
1872 3730 3173 4477
4904 1225 5373 2708
6985 5209 9455 5254
0 9920 8369 9945
3821 0 9720 80
9428 1068 9679 2097
0 7824 164 9920
1335 5699 6263 5777
3173 3730 3376 4477
7369 2555 9834 3011
1943 1240 4429 1510
8629 5979 8967 7898
3192 5979 4798 7824
5758 1649 9001 2112
1943 1168 4858 1225
4798 6474 5947 7824
3821 80 9426 269
8526 6521 8613 8037
2710 8221 4879 9392
5394 3614 5662 4467
2497 7884 2689 9514
6387 4467 6985 5179
8682 269 9426 1045
7186 8221 7681 9162
8312 6474 8526 8048
2538 6649 2927 7338
6570 588 8451 1015
5758 2112 6251 3043
9081 3011 9834 3633
8058 6791 8312 9368
5947 6519 6704 7187
4330 1985 4881 2405
8912 2172 9444 2498
316 791 771 1375
9001 1138 9392 1891
6713 6474 7934 8103
4592 2991 5035 3142
4879 8221 5278 8466
5394 4467 6180 5384
9834 2555 10000 3633
6698 9368 8949 9613
1335 1045 1943 1985
164 7827 1925 7884
2710 7824 5947 8103
7369 3011 7539 3633
4330 2417 4904 2708
6985 5254 9483 5699
2710 9412 5279 9610
2538 6476 2914 6649
6571 5979 8217 6468
1474 2708 4592 2886
4592 3142 5662 3614
6252 2112 7846 2555
6605 7265 6713 8034
6985 4467 10000 5205
7193 9712 9688 9878
1474 2886 1872 5411
164 7911 1427 8151
1872 2886 4164 3730
1506 8145 2073 8408
316 4262 792 4684
164 8151 1506 9361
6766 1171 8197 1649
1490 832 3328 987
5710 8221 6698 9920
1399 7338 2172 7593
2497 9625 5683 9917
8173 3011 9081 3633
5056 722 5634 1045
3582 4477 4470 4898
3376 3730 4136 4438
4479 2886 4592 4898
1943 1053 7644 1138
2313 8493 2497 9899
6754 439 6905 557
316 6199 2538 7338
6813 4077 10000 4467
2909 2665 3416 2708
3877 5411 6600 5529
2927 5777 3192 7824
1670 5777 2012 6181
5947 7265 6483 7632
9483 5205 9989 9419
5662 3142 6252 4467
9426 80 9720 1045
7934 6474 8312 6791
7934 6791 8058 9368
4798 5979 6571 6474
7539 3011 8173 3633
4225 5777 6587 5916
1335 2897 1443 4698
316 1375 801 4262
5373 1138 5758 3142
9004 7110 9059 7651
1174 832 1335 6199
164 9361 986 9405
164 9409 1389 9906
316 4897 776 6045
6813 3633 10000 4077
2710 8103 7934 8221
1335 1985 4330 2644
4592 3614 5394 4898
3582 4898 4943 5098
6280 3633 6813 3802
8312 8048 9004 9368
9720 0 10000 2555
316 4688 791 4897
