762 0 1462 927
467 6172 1627 8396
8491 8952 9231 9740
4227 3220 5093 3706
2102 7875 2561 8855
1 0 177 3707
3930 1364 7948 1770
3682 2155 7879 2173
1012 5313 2531 5961
6978 7561 9789 7912
7690 3706 9630 4125
1640 1803 2792 2883
9317 7912 10000 8814
5181 4674 6292 5342
3682 2173 7948 2663
7690 6120 8393 6666
6151 6666 8133 7026
1640 322 2325 1803
414 4678 454 8180
177 0 762 926
0 3770 161 4436
2431 2883 2792 4443
4219 4378 4356 4674
0 9436 2362 9994
2867 674 3219 1803
4356 4356 5179 4674
6783 4356 7055 6222
7690 5586 7998 6120
9242 7912 9309 8258
2561 7801 5705 8216
1627 8952 5870 9101
6151 7131 6960 8940
1760 4443 2218 5313
2561 7446 6151 7801
7262 4356 7632 6353
7690 4943 7998 5586
3682 4729 4783 5117
467 8396 1404 9035
3682 5348 6071 5898
3219 694 6078 883
4227 2699 6425 2736
3219 883 8558 1109
2792 2455 3219 3379
0 8285 406 9249
0 4678 414 8285
1012 4443 1760 5313
2561 8372 4149 8855
8624 4943 9616 5737
1462 8 7705 145
3682 1109 3930 2146
2531 5313 3682 5961
2792 1803 3219 2455
9317 8814 9729 9557
4149 8216 5705 8855
9757 1468 9982 5606
3682 2663 4227 4356
1012 3713 2431 4443
5093 2736 5962 3706
8558 674 9428 2017
6151 5654 6603 5973
177 2176 1571 2329
7948 2017 9630 2663
2470 236 6582 322
5488 4490 6605 4505
2809 9465 5860 9734
3930 1770 7948 2155
4227 3706 7690 4356
5962 2736 6962 3706
2325 324 8880 674
7998 5740 10000 6120
2809 9332 7254 9465
177 2329 467 4678
1627 5961 2102 8855
7690 4125 9630 4943
2561 6755 6125 7446
7998 4943 8583 5707
2809 9759 5184 9968
1627 8855 6095 8943
2561 5961 6019 6579
2102 5961 2561 7875
8393 6120 9998 7122
2218 4443 3682 5313
467 2329 1157 3713
7207 7912 7937 8259
3219 1109 3682 4443
3930 1140 5420 1364
5705 8422 6151 8855
6962 2663 9630 3706
7948 1109 8480 1855
9630 0 10000 1468
4224 9148 4877 9308
1640 2883 2431 3713
9630 1468 9757 5740
7993 7912 8336 8901
4227 2763 5049 3220
2561 8216 4149 8372
177 1670 1493 2151
3682 5117 4415 5223
1462 229 1614 1187
7624 9025 7907 9658
177 927 551 1670
467 3713 1012 5961
555 960 1457 1664
9432 145 9630 1861
1640 150 8788 190
5705 7801 6151 8422
467 5961 1627 6172
2325 674 2867 1803
1157 2329 1640 3713
2792 3379 3219 4443
