7247 281 7838 1632
3324 3480 4009 9116
9005 0 9766 1833
4009 4345 5036 7928
1220 9634 8126 10000
342 9357 1219 9763
2504 4851 3086 5805
1838 7146 3102 9634
862 6091 3102 6556
862 4965 2465 5810
5810 44 7099 616
4112 0 5802 2504
3747 0 4112 3171
4018 8452 6895 8808
8268 1833 9766 3480
3102 4851 3324 9116
7838 388 8146 1215
5036 6553 5147 8443
0 3480 3324 4541
0 4851 862 9357
3102 9116 9766 9634
8116 6560 9129 7133
862 7210 1701 7543
8116 4345 9766 4953
4009 8808 6813 9089
0 1018 3354 1339
862 5895 3079 6091
29 1469 1605 2291
5157 7979 6895 8452
862 6556 3102 7146
0 3171 4112 3480
5218 4345 5620 5871
8126 9634 9733 9998
5802 616 6436 1612
1220 7543 1838 9634
4519 2504 6420 3434
4009 3480 9766 4345
4009 7928 4980 8413
8116 4953 9766 6560
6436 616 7247 3480
5620 4345 8116 5872
9766 0 10000 10000
5802 1612 6436 2504
0 4541 3324 4851
864 7837 1220 9146
2294 2037 3705 3056
7247 1632 8268 3480
1606 1372 3747 2036
5218 5872 8116 6553
8116 7319 8310 7948
6895 7979 9766 9116
5157 6553 8116 7979
0 0 1892 1018
4112 2504 4425 3463
8268 281 9005 1833
7247 0 9000 281
1892 0 3747 1018
5036 4345 5218 6553
