7118 7545 7759 8588
1658 1408 3696 2345
0 0 2334 453
6122 3825 6857 4559
5698 5073 6857 6331
12 1152 124 9887
3944 0 4192 987
9203 131 9708 829
4806 5073 5698 6331
1658 6956 4041 7162
5228 1790 5281 4559
124 9780 5354 9994
9779 7538 9954 8091
1615 8588 1933 9119
1658 2345 2333 2721
2930 4559 6857 5073
7118 1790 7568 4795
7613 131 9185 918
2731 5458 4427 6085
1064 9201 4635 9647
3696 2502 4541 3345
6282 6819 6857 7382
1658 6596 6857 6819
1090 1152 4509 1408
9203 830 9708 5958
4114 6897 5002 7382
1658 6897 4114 6956
5281 1790 5737 4559
8619 8637 8672 9532
1658 5458 2731 6086
2334 0 2928 987
1122 1408 1658 2919
1658 5073 4806 5458
7579 1219 7658 4856
836 9700 3564 9775
124 1152 740 5930
6023 0 7613 925
2930 2345 3696 4559
5002 6897 6282 7382
5116 8074 6962 8571
4806 6331 6857 6596
9203 5958 9672 8061
4114 7382 5116 8588
1658 6086 4684 6577
7658 2785 8692 4893
9708 1266 9776 5454
7118 4893 9203 5764
5394 0 6023 987
2469 7912 2826 8582
8615 6813 8662 7737
1658 3414 2326 5032
4509 1790 4541 2494
740 1152 1090 2987
8692 1152 9196 4766
6298 9535 9353 9968
0 675 2334 987
8066 1152 8692 2785
4488 5458 4803 6029
4192 0 5394 987
8672 5764 9113 9225
6247 1790 7102 3618
124 5930 543 9771
1064 5930 1262 9201
1658 2721 2333 3414
7759 5764 8615 8588
1262 7162 3912 7902
547 5930 833 9756
0 987 9203 1152
6040 925 9148 982
5737 3825 6114 4447
740 3083 1028 4467
1262 2987 1654 6823
5415 1152 6512 1178
3696 1414 4508 2502
5737 1790 6247 3825
1658 6819 5618 6897
0 453 2334 675
7613 1 9580 131
2333 2345 2930 5073
740 4467 1262 5930
895 6292 1064 9544
5116 7382 7032 8058
7118 5764 7759 7545
6298 8588 8615 9535
4541 1790 5228 4559
1068 2987 1247 4222
2928 0 3944 987
7658 1152 8066 2785
4743 9201 6298 9700
3696 3345 4541 4559
6857 3825 7118 7382
4509 1219 7426 1787
