4824 12 6292 384
2014 4704 2663 6240
7947 841 8471 2070
0 1609 2394 1705
3122 7122 3366 9583
6895 7963 7313 10000
3802 841 4943 1684
1602 8893 1933 9527
3662 3384 4917 4184
4043 7122 4934 9602
946 8454 1394 8973
8705 3514 9663 3783
4330 4184 6425 4636
3856 2732 4802 2971
1451 4184 4330 4636
0 8423 481 10000
1451 7438 2072 7964
6460 7140 9648 7486
7313 7963 7908 10000
67 239 510 859
6499 841 7947 1705
2619 841 3348 4180
924 8402 946 9492
1109 4184 1451 8292
8471 1360 10000 2070
8303 3394 8705 5854
6460 8665 6895 10000
903 1716 1081 7644
2241 1716 2252 4157
3366 8853 4004 9556
0 3595 92 8423
8705 3155 10000 3514
3366 8483 4037 8849
1451 6240 2076 7428
5697 8628 6460 10000
1451 6045 1800 6231
4934 7122 5697 9603
4801 4636 5931 5494
3662 841 3802 3384
6312 841 6499 2070
946 9032 1597 9595
5697 7141 6410 8628
1803 4645 2014 6141
6527 743 8471 841
510 689 6527 841
1985 9914 5116 9915
5392 6279 7134 6420
3802 1684 3856 3122
5541 841 6021 3257
4917 3609 6425 4184
8303 5854 9712 6438
3856 1684 4917 2732
9710 2070 10000 3155
4943 3257 7773 3609
7773 3394 8303 6438
2679 4645 3122 7370
3590 841 3662 2871
6425 3609 7773 4636
92 3595 481 8423
6460 7486 6895 8665
2475 2815 2614 2994
6021 841 6312 3257
3802 3161 4881 3384
9327 7976 9683 8367
3168 4645 4801 6130
481 3595 843 6821
9327 8367 9685 9034
7908 7994 8959 9197
2191 6240 2679 7255
4917 1684 4943 3609
1451 4636 1803 6045
2191 7255 2679 7370
8471 743 10000 1360
1505 9603 5629 9913
6312 2070 9710 2604
510 841 2501 1607
3387 394 6527 689
2088 6378 2191 8048
6312 2604 7773 3257
7773 2604 9710 2673
3122 6930 9712 7122
7908 9197 10000 9715
3366 7122 4037 8465
4943 841 5541 3257
3122 6438 9712 6930
8705 2673 9570 2954
7773 2673 8705 3394
8705 3812 9620 4700
4801 5494 5002 6279
5931 4636 7773 5494
6499 1705 7947 2070
481 9915 5697 10000
6895 7486 9712 7963
9712 3514 10000 9197
0 1716 903 3595
2191 7370 3122 9603
7908 9715 8746 9922
1803 4636 4704 4645
6527 0 10000 743
3353 972 3585 4142
5002 5494 7773 6279
