7717 714 8969 1597
8281 7355 8614 7776
0 0 8969 57
948 2550 1453 3795
130 7644 1268 7954
7645 7274 8094 7606
4523 5874 7018 6179
3787 6371 5319 6826
4829 2923 5224 3386
1723 9316 4717 9569
495 5604 2259 5845
2261 5604 3356 5842
7945 4490 9432 4651
104 1345 369 7144
7457 3386 7945 5403
8041 642 8967 714
5871 2736 8564 3386
2423 7643 2800 8997
1094 1495 2147 1806
2800 8450 3038 8996
784 4791 2600 5305
5110 7234 5482 7643
495 5445 3724 5604
7563 1438 7717 1927
104 7954 1467 8359
784 3795 1452 4790
9300 7485 9725 8279
5319 6752 8281 6981
3417 2739 5867 2797
8474 1936 10000 2463
2146 436 2959 1244
1723 9060 5747 9316
4082 1438 4799 1807
9977 2463 10000 10000
1094 1899 2925 2221
791 1496 1094 2045
4083 1123 5384 1211
369 57 495 6179
7138 57 7713 1317
2115 3058 2800 3372
8969 0 10000 231
369 6371 3787 6452
5359 172 5635 1073
1723 8864 1913 8980
3427 6334 8752 6371
3038 8782 8946 8997
2157 6452 3787 6713
3788 5408 9166 5496
5224 2797 5871 3386
5482 7234 6742 7643
9166 5555 9612 6181
4263 8314 8260 8449
4184 2797 4829 3321
767 57 1208 161
3122 2736 3417 4410
9060 8997 9300 9365
2706 4900 3712 5422
1453 2865 2857 3053
1094 1410 2147 1495
6185 172 6275 1046
4799 1438 6847 1807
8616 6371 8946 8782
1968 7643 2423 8864
8564 2586 9977 3467
9654 4217 9977 6414
2706 4791 5350 4893
6601 9386 6776 9564
1570 172 5359 436
5014 7731 7661 8314
6715 4583 7406 5408
7945 3386 8564 4217
3074 1949 3546 2451
495 5845 3926 6179
6742 7234 7629 7643
4829 2797 5224 2923
8805 5496 8916 6170
8041 57 8969 642
2800 7643 8281 7731
104 8359 1267 8719
9166 6414 9300 8997
2783 1551 4082 1807
2536 4410 3051 4565
1094 2463 9323 2550
7557 1936 8474 2331
7542 5496 8656 6143
104 7234 5110 7643
1208 57 7138 172
495 1333 7717 1410
8946 5496 9166 8347
8281 6837 8616 7355
3038 8450 7541 8732
6847 1438 7557 1807
495 1244 7138 1333
8281 7776 8614 8782
7662 7731 8166 8266
3546 1949 7557 2331
582 6854 1711 7102
369 6452 2157 6854
6014 8997 9059 9386
2877 2563 9964 2586
5319 6371 8616 6752
3417 3799 6104 4075
8564 3467 9690 4145
495 1410 784 5445
2925 1807 7557 1949
3417 4075 6458 4718
495 172 1570 1244
7717 57 8041 714
1453 3391 1894 4308
1453 4410 2008 4611
7717 1597 8969 1936
3546 2331 8474 2463
2157 6826 5319 7144
104 8864 1723 9247
1575 436 2146 1244
1094 2221 2925 2463
1467 7643 1968 8864
4263 7731 5014 8314
5638 172 6179 1075
7945 4651 9654 5408
356 57 369 1228
7221 3386 7285 4515
3788 5496 7504 5604
7629 6981 8281 7274
6458 4075 6715 4717
0 1345 104 9247
8440 9386 9297 9791
3122 2701 8132 2736
1453 2550 2070 2779
8614 7518 8616 8561
2939 2696 3122 3702
0 57 283 1345
369 6179 3427 6371
2877 2627 8288 2696
2959 436 3906 766
3926 5607 7201 5874
4616 4718 4743 4746
5319 6981 7629 7144
2184 1419 6419 1438
0 9247 1723 9624
104 7144 7629 7234
1094 1821 2749 1899
784 2550 948 3793
7706 8450 8149 8754
3655 6179 5837 6291
3461 9624 4140 9961
3926 5874 4490 6173
3788 4959 5683 5360
8946 8347 9145 8923
8969 231 10000 1936
7018 5874 7542 6334
2800 7731 4263 8450
2157 6713 3787 6826
