2003 3781 5170 3826
655 3976 4636 4086
3212 8283 3502 8748
4095 9257 7380 9482
0 337 449 1260
655 1477 7970 1743
3234 694 6080 1240
3212 5903 4759 6011
1606 8748 2321 9572
116 7346 1498 7645
6080 1154 7970 1477
2003 1958 6694 2203
8348 5638 9263 7085
3357 9572 3645 10000
434 4047 655 7346
800 177 5422 298
9369 1613 9906 2039
9369 713 9927 1571
505 329 655 3792
4095 9482 4675 10000
6266 2203 6694 3976
9146 503 9353 5383
1498 6797 3212 7645
2182 1874 3669 1958
2389 5900 3084 6568
117 7645 162 8961
7836 0 8275 843
4298 340 5330 694
650 8273 1606 8951
655 6797 1498 7346
1285 5424 2389 6797
2003 3543 6266 3781
3502 8283 7380 8748
6694 1958 7593 3976
2271 329 3234 1451
3404 6011 4837 8229
2321 9257 3387 9517
4861 6580 5429 6982
8796 8283 10000 9630
8348 7085 9780 8149
655 4086 1285 6797
3215 6011 3404 7987
162 8951 1606 9572
2389 5424 3103 5851
7593 1958 8368 3976
2003 2203 3756 3543
3756 2203 6266 3543
8368 1958 8618 2898
1285 4851 7078 5424
8701 503 8786 3972
162 7645 650 8951
3114 5424 4574 5821
655 1958 2003 3976
650 7645 3212 8273
6295 5556 7706 8283
2392 4566 7088 4850
1606 8273 1666 8745
7706 5556 8348 8283
2392 4086 4636 4566
8796 9630 10000 10000
7101 3976 8615 5421
6146 5556 6295 8199
1666 8273 3212 8748
3234 1240 5213 1388
2321 8748 3813 9257
9369 2402 9863 6264
1285 4086 2374 4837
6080 0 7836 1154
9938 503 9998 2422
5187 5444 5526 5535
3669 1743 6262 1786
4636 3976 6882 4525
3813 8748 5981 9257
5526 5429 7419 5556
9369 2053 9733 2327
0 1260 505 3792
7970 1154 8372 1737
8789 503 9142 5375
8376 503 8671 1865
3234 1441 5112 1477
9208 86 9790 503
1437 9572 3357 10000
5500 7 5944 690
4808 9482 7380 10000
7380 8283 8796 10000
5526 5556 6125 8206
4675 9482 4808 10000
0 9572 1437 10000
3645 9257 4095 10000
0 0 4548 172
116 3792 428 7316
0 3792 116 9572
914 849 1380 1057
5981 8862 7192 9145
