49 1136 128 4446
1205 3118 1763 3973
3927 1694 6583 2037
1089 7828 1390 9593
8454 5909 9874 6216
844 6430 1427 7804
1437 9599 10000 9726
4529 8383 5525 9599
9785 379 9874 3851
1763 3133 3028 3973
3204 8211 3340 9055
4109 7918 7154 8168
2522 9115 4413 9451
8180 200 8538 570
5488 4132 6898 5598
459 708 3785 819
8180 570 8416 2567
459 1367 1205 4953
4529 8168 9874 8383
7154 6279 8424 6956
1437 4953 3028 5809
3028 3133 8260 3354
8346 3133 9386 3873
257 385 419 4953
3349 3354 3874 3870
9386 379 9778 3804
3875 5598 6746 5747
1205 1926 1763 3118
1437 6173 8454 6216
2563 6513 2790 7358
3607 2037 5575 2297
3874 3354 8237 3822
5525 9178 9874 9599
5525 8383 9874 8525
5525 9130 9814 9174
3607 2757 7967 3116
3874 3842 7783 3873
6898 4132 9874 4543
2382 9134 2522 9599
1437 7981 3204 9079
1205 3973 3028 4953
5205 0 9874 200
1437 9079 4109 9115
128 4953 1437 5644
4423 3873 9874 4132
2856 7491 3182 7550
3875 4565 4423 5598
4413 8168 4529 9451
3607 1131 7115 1675
137 1572 257 3296
6038 200 8111 1131
5205 200 5563 1128
128 5644 1437 5986
4034 385 4915 812
7154 7061 9874 8168
2793 9451 4309 9563
5364 6216 6048 7847
128 5986 1419 6430
8538 379 9386 3133
844 7828 1077 9775
6313 6216 7154 7918
3060 1131 3607 3133
6898 4593 9446 5084
7115 1131 8089 1783
1437 6249 2561 7836
1437 5809 3875 6173
459 1134 1119 1367
4109 8423 4390 8700
3607 2297 5575 2757
8260 3133 8346 3870
5525 8525 9435 9130
4423 4132 5488 5245
1435 6624 1437 9335
4195 3944 4404 4565
2563 6216 4109 6513
7154 6216 9391 6252
128 6521 699 6773
0 10 4909 96
3028 3354 3349 4565
1205 1329 3060 1926
3028 4565 3875 5809
2563 7622 3347 7981
0 9903 8644 9962
6898 5909 8454 6173
6718 1675 7115 2407
3349 3873 4195 4565
7115 1791 8180 2757
419 385 459 4953
9435 8525 9775 9094
3875 5747 6743 6173
6753 5598 6897 6137
6898 5084 9526 5909
667 8102 844 8349
8428 6279 9873 7031
1848 1962 2799 3133
9874 0 10000 9599
5575 2037 6718 2407
5568 200 6028 1119
5575 2407 7115 2757
8428 7043 9431 7061
8111 200 8180 1780
3228 6513 4109 7621
459 849 5144 1131
3347 7622 3480 8941
9526 4543 9874 5908
139 6773 667 9896
4423 5245 5488 5598
257 96 5205 385
1205 1131 3060 1329
459 385 4034 708
8538 200 9865 346
1089 9726 9820 9903
