5167 4086 5611 4445
7065 7936 9778 8675
2780 3752 2959 5998
2994 2875 3274 4516
8701 9610 10000 9902
5613 4086 8204 4449
1235 1897 2740 4562
4690 6023 5211 8135
5167 2086 5549 4041
5482 9610 8701 9902
4628 8535 4867 9011
5482 8675 7722 8878
9064 4322 9413 4508
350 1158 2518 1705
5050 8136 5482 9743
2780 814 2928 3752
7445 1658 9151 2892
3860 4122 4315 4669
1034 5669 2522 6023
6537 6759 8196 7113
0 8870 1034 10000
3122 9252 5050 9743
4166 6023 4624 9252
8220 2939 8353 3613
3122 8678 3701 9252
5434 6023 5722 6945
4376 2086 5167 3132
3712 2086 3851 3993
9416 1658 9985 2867
0 4736 2769 4842
5482 8878 7722 9443
7331 2939 7790 3950
350 429 7782 450
1034 6023 1185 9902
9007 4623 9061 5040
5211 7936 7055 8136
1420 7371 3844 8136
3851 5285 7924 5611
5167 4060 8526 4086
350 3726 1226 4732
2488 8678 3122 9743
9778 4055 10000 9610
8712 4192 8902 7936
344 5666 754 8870
7331 894 9977 1615
8902 5040 9778 6270
0 5666 344 8870
4624 6023 4690 8136
8372 0 10000 771
5722 5612 6537 7113
778 123 6086 301
1420 6716 3176 6717
1420 8296 3701 8678
4597 1222 5522 1707
3701 8136 3844 9252
5722 7113 8712 7765
9733 6641 9762 7891
1532 316 8109 428
3274 771 3367 4877
8902 6270 9733 7563
5482 9443 7722 9610
9009 7563 9157 7900
3844 6023 4166 9252
1420 6023 3844 6716
1034 9902 10000 10000
1420 6717 3844 7371
5789 1222 7025 4055
8204 4086 8712 7113
1185 9743 5482 9902
5551 2086 5789 4054
7722 8675 9778 9490
8118 4449 8196 6759
8712 4055 9777 4192
0 4842 2780 5666
3375 894 7331 1222
7888 9490 9778 9604
4315 4449 8118 5285
1420 8136 3701 8296
1185 6023 1420 9743
3248 5612 4662 5987
0 0 350 4736
7055 7985 7065 8653
1420 8678 2488 9743
350 450 8372 771
6341 8136 6951 8587
3375 771 10000 894
5211 6023 5399 7855
5722 7765 8712 7936
8196 4449 8204 7113
754 5666 1034 8870
6677 5612 8089 6600
7025 1222 7126 1791
384 2393 1235 3619
