1491 3636 3577 3783
605 5666 3355 5800
5462 2812 5846 3005
4418 8335 8194 8398
9434 8627 9653 9850
8647 3744 9434 5476
1241 3636 1491 4727
605 6348 1694 7295
605 776 3949 1202
5462 0 10000 660
1503 2948 3386 3072
605 2273 950 4281
3577 1202 3949 3029
605 6129 1694 6348
3974 9029 5183 9127
1995 7996 6199 8317
605 9505 3544 9953
1241 4727 3780 4824
1096 7325 6487 7996
3183 4039 3326 4488
605 7996 892 8727
0 7722 605 10000
5878 4727 6373 7291
8463 6497 9135 7709
4418 8398 8194 8804
605 9356 3974 9477
605 8804 8194 8996
1491 3783 3183 4727
984 1202 3567 1419
3692 6151 5057 6709
6781 3744 7054 5299
8249 1042 9528 2583
1241 3072 3577 3636
1503 1419 3481 2868
7405 9282 7620 9409
6550 8996 7405 10000
7878 5299 8647 5445
6781 3594 8133 3744
7992 1604 8236 1980
6778 6497 7055 8335
6781 2305 8133 3594
605 7295 1096 7996
3577 3029 5909 3315
7055 6497 8194 8131
3974 9127 6550 10000
7209 5476 7714 5759
9860 779 9994 9665
5909 660 6487 3754
9135 5476 9434 10000
3908 8335 4418 8646
6613 5299 6778 7996
9707 966 9858 9900
6487 966 8249 1604
0 201 373 7668
1004 7996 1995 8804
605 9477 2909 9502
7717 8996 8191 9999
1335 4872 3736 5648
4222 3791 4755 3802
8194 7709 9135 10000
9704 2716 9707 3246
391 776 605 7534
8133 2305 8249 3744
4755 3754 6487 4727
605 5800 5142 6129
1694 6129 3597 6970
4402 4843 4996 5632
1009 277 1836 313
4755 3315 5909 3754
3949 2392 5458 3027
988 1419 1241 5654
1264 1419 1503 2739
7058 8131 8194 8335
1096 7295 5690 7315
3597 6129 3692 6970
7054 3744 8647 5299
605 8996 3974 9356
9434 2583 9704 8627
6496 5299 6613 7744
391 7568 602 7722
8249 2583 9434 3744
3692 6709 5062 6960
5462 660 5605 2041
605 1202 973 2257
3949 972 5462 2392
5142 4843 5664 7295
6778 5896 9118 6497
8194 6497 8463 7709
3949 776 5459 972
5664 4727 5878 7295
6487 1604 7992 2305
0 0 5462 201
904 7996 1004 8748
6487 2305 6781 5299
1694 6970 5142 7295
1836 201 5462 776
6487 660 9860 966
