4752 9372 7451 9406
2497 7576 5493 8239
5806 3462 7952 4069
9033 0 9517 1534
1985 1034 9033 1360
1685 5356 3923 5641
7511 1817 8749 3013
0 6102 322 9663
0 0 1985 1686
5130 8239 6973 9372
3169 4378 9398 4728
1685 6221 4789 7576
3836 1360 6992 1493
2794 1534 9517 1771
6185 6713 9138 6788
0 1686 1985 3840
5283 4747 8449 4792
9437 1955 9514 4571
1685 7576 2497 8239
1985 0 4215 1034
2794 1817 6493 2767
0 5662 1190 6102
9497 8092 9885 8388
1685 4998 9071 5354
6493 1817 7511 3352
0 4378 1190 5662
4095 5461 4592 5610
8975 1771 9503 1904
4789 5465 5474 6346
9138 5354 9291 6786
322 6102 1190 9663
1757 4448 1780 4495
8975 1910 9437 4374
9517 0 10000 4792
6185 6788 9291 7280
4789 6346 9138 6713
5248 0 5641 690
2794 1771 8975 1817
1685 8239 3055 10000
2794 3352 5712 3764
9935 6570 9978 8061
2794 2767 4700 3319
687 3840 5806 4378
4789 7280 5123 7471
3055 8239 4707 9953
393 9663 1174 9949
9291 5354 9497 9372
5458 6713 6185 7084
5557 5354 8696 6243
5493 7280 9291 8239
1685 5641 4789 6221
4752 8239 5130 9370
1985 1360 2794 3840
5641 193 7758 728
0 3840 687 4378
4215 757 8894 1027
1190 4929 1685 10000
1190 4792 9935 4929
9497 4929 9935 7922
