2959 3203 9358 3391
6140 838 8558 2103
1048 3904 6552 4995
5504 2584 6523 2710
0 1738 71 7547
5193 7812 6043 8202
618 1738 2181 2104
7899 8998 7994 9035
6580 9281 7025 9721
1048 2246 1529 3904
8558 685 9358 2103
718 3541 1048 6260
2508 8441 3108 9785
1048 4995 1623 5511
80 1738 377 6068
0 0 1115 1738
5258 194 5504 2773
6191 7077 6580 8227
3019 1640 5062 2312
7360 5171 8651 5221
6985 6311 8016 7077
1529 2246 2267 3391
189 6260 1133 7812
1963 8441 2508 9379
3019 965 5062 1640
3019 781 4718 965
8978 5465 9471 7479
1048 5518 2429 5818
1048 5868 4734 6250
8439 7815 9330 9281
8558 194 9358 685
4734 5357 6552 6260
6552 6311 6985 7077
1644 4995 3252 5518
1048 2104 2267 2246
2531 5518 3253 5868
3468 6260 6552 7077
5504 194 6140 2103
6654 4518 7360 6311
4023 8583 6571 9420
194 8441 1963 9379
194 7908 3103 8441
9331 7814 10000 9281
8955 2103 9014 3136
9358 194 9427 2480
9432 2209 9991 3350
7360 4144 9629 4362
2267 0 2959 3391
8016 6311 8439 9281
1048 6250 4568 6260
0 7898 194 10000
2959 2312 4440 2773
2959 0 3019 2312
9505 5171 9999 7737
377 1738 618 3541
3253 5070 3720 5829
3515 7812 5193 8583
6573 4130 6654 5561
6654 3904 7360 4518
377 3541 718 6260
7360 4620 9689 5143
7025 9281 7717 10000
4023 9420 4555 9689
2959 2773 8769 3203
3019 18 8956 194
618 2104 1048 3541
3468 7077 6191 7812
3125 7898 3511 9978
72 6260 189 7808
5062 194 5258 2773
1329 6260 3468 7812
5193 8227 5926 8524
6580 7077 7836 9281
8439 6311 8518 7796
6140 194 8558 838
2189 0 2267 2078
5974 2103 7576 2490
4734 4995 6552 5357
9491 194 9885 2059
4440 2312 5058 2770
194 9379 2508 10000
3515 8583 4023 10000
8518 6311 8977 7810
3910 4995 4734 5867
4023 9721 7025 10000
1115 221 2020 906
1529 3391 10000 3904
0 7812 3515 7898
1133 6260 1329 7812
7717 9281 10000 10000
