2826 7984 9708 8074
2284 741 2763 2352
927 360 5970 544
6177 3715 8057 4004
4798 5459 7105 5873
12 0 124 8735
2806 741 3985 960
8590 45 9708 360
4798 5873 7105 6125
2826 6956 4425 7263
4242 1870 7692 1913
1454 9701 1932 10000
9779 7538 9954 8091
1932 8460 2463 8778
1454 2352 4242 2443
3702 4259 6027 4985
6603 1915 7648 3209
5970 360 7657 973
2004 5459 3099 6352
2826 9499 9691 9731
2004 2822 4242 3144
5729 6813 9499 6897
5311 6352 8010 6782
4242 973 6511 1383
9499 360 9708 7276
2826 7276 5116 7437
2004 6897 9499 6918
3702 3715 6177 4045
5881 9319 8672 9336
2004 5338 7574 5459
770 58 8590 130
1203 544 1658 2324
2004 4985 5870 5327
7657 1270 8271 1738
1454 9261 1919 9701
124 45 770 5919
770 45 8590 58
2004 3504 3001 4985
2004 6918 9499 6956
3486 8074 5332 8571
2202 6352 5311 6528
9347 360 9499 6813
3835 7437 5116 7984
3099 6125 7105 6352
8272 1270 9147 3715
9708 1266 9776 5454
7105 5459 8073 6352
4433 544 5970 973
2112 7578 2826 7913
8615 7276 8681 7934
1646 2443 2004 5462
4488 1915 4541 2340
770 130 880 5919
3702 4045 9347 4259
2826 9733 7799 9999
1658 741 2284 2352
7657 538 9101 1270
3885 5801 4798 5998
880 162 8590 360
8826 4259 9347 6813
4242 2430 6431 3144
124 7318 818 9637
927 7682 1412 9076
2004 3144 6603 3216
8073 4259 8826 6813
2826 7437 3835 7984
124 5919 880 7318
2763 973 4242 1629
9147 360 9319 1390
6027 4259 6270 5224
880 360 926 9025
1187 2352 1454 7670
6511 1127 7608 1153
2004 2443 4242 2822
3702 3504 8272 3715
2004 6813 5681 6897
1658 544 4433 741
880 130 8590 162
2763 1629 4242 2352
939 544 1146 5090
880 9076 1454 10000
5116 7276 6948 7983
6954 7276 8614 7979
5460 8076 9741 8589
2004 3216 8272 3504
1146 2352 1187 7670
124 0 10000 45
7761 1915 8272 3216
2826 9336 7612 9499
3001 3504 3702 4985
4468 7012 8048 7276
4242 1383 7644 1870
