8181 696 9970 1436
3741 7768 8282 7799
3553 0 5350 294
948 3762 2710 4119
878 7579 1759 7954
6951 7255 9066 7291
5979 5270 7406 5954
3098 6394 5319 6663
5060 2953 6670 3058
81 9315 2693 9605
878 5217 1890 5637
1447 5660 2980 5830
8419 4525 8627 5676
81 1807 157 8679
3947 4719 7945 4873
8181 567 8810 673
5616 2586 6670 2953
1658 8213 6061 8271
1299 1496 7425 1543
2581 8668 2801 9259
986 4525 2396 5187
4631 7397 5482 7579
1940 5210 3277 5594
6148 1543 7717 1591
878 7954 8615 8003
785 2681 948 4334
9300 7429 9697 8279
7210 5954 7406 6811
4543 2245 4744 2952
8450 1807 8884 2120
1572 534 7425 692
2712 9315 6736 9571
576 1438 4572 1496
9980 1436 10000 10000
1094 1899 1808 2602
791 1899 1094 2448
5383 692 5597 1227
0 155 1570 337
7138 294 10000 534
2799 3058 4169 3215
8717 75 9988 269
878 5676 1335 6394
5350 0 6185 294
1658 8633 1753 8865
2818 6014 3428 6337
6817 8667 8175 9623
1711 6394 3098 6663
8059 4525 8296 6584
4257 3230 5260 3621
1759 7579 7316 7662
9437 3522 9542 6181
1772 8324 6061 8438
4744 2245 5060 3058
211 63 1208 109
157 4334 3796 4470
9079 8740 9221 9362
2422 4525 3428 5047
1567 2681 1879 3527
1469 542 1572 1411
6185 0 6461 285
5064 1610 9678 1806
6951 7291 9587 7292
157 8032 8183 8156
8796 2120 8884 4525
9587 1807 9709 7292
3947 4873 4127 6289
6775 8605 6810 9495
1570 155 3553 419
6061 8213 6775 8668
4786 5011 6987 5270
7587 3230 8394 3875
1808 2150 4136 2245
3428 4525 3947 6289
6505 6394 6951 7292
5060 2797 5529 2903
8469 5837 8806 6059
7436 534 8181 1321
7316 7383 9079 7662
157 8213 1061 8676
5319 7292 9300 7354
2350 1615 4082 1807
157 4473 5146 4489
8450 2463 8796 4525
7940 2073 8450 2735
7542 5270 8029 6750
157 4510 878 8003
0 109 3553 155
4572 692 5383 1496
9066 6181 9587 7291
1967 7354 8394 7381
1772 8438 6061 8668
7425 1436 9709 1543
6163 692 7084 1362
8282 7662 8615 7954
157 8003 8615 8032
1808 1807 4136 2150
1463 6394 1711 7523
1711 6663 2233 6904
8441 8032 8615 9624
5616 2149 5989 2586
5319 6394 6505 7292
5422 3230 6068 4378
8884 1807 9066 5837
342 1496 1299 1807
4136 1807 5616 2245
3947 4525 8059 4718
0 337 1570 469
6554 0 9526 73
948 3615 3699 3762
878 4510 8315 4525
7940 1807 8450 2073
8450 2120 8796 2463
1797 6904 5319 7235
81 8679 1061 9315
1572 469 7138 534
1808 2245 2799 2602
1772 8271 6061 8324
157 8156 6775 8213
3553 294 7138 419
7945 4718 8059 4873
342 981 515 1069
7221 3279 7285 4408
4492 5270 5083 5949
7210 6811 8419 7255
157 4489 7587 4510
0 469 81 10000
8214 8032 8441 9561
7386 2735 7887 3085
1094 2602 2799 2681
8615 8560 9032 8565
2799 3230 3610 3457
81 469 342 1807
1447 5830 2798 6393
6670 2586 7940 2735
1570 419 7138 469
4127 5270 4486 6289
3947 4718 7503 4719
6951 6394 7209 7255
3200 773 3321 1438
1061 8213 1658 9315
7209 5954 7210 7255
307 1813 1808 1899
169 3221 785 3552
7403 8224 7707 8667
3428 6289 6237 6376
3461 9624 4140 9961
4486 5954 7163 6017
5083 5270 5979 5954
8772 7693 8947 8348
9709 1436 9980 9624
7406 5270 7542 6811
1759 7662 8282 7768
2233 6663 3257 6844
