3507 7890 8969 8278
9481 0 9588 3254
2 404 41 7573
2623 745 3569 5314
4355 5692 5788 6763
2460 577 2479 7813
8917 745 8969 7890
4355 5219 7560 5692
7830 3796 8221 4270
2231 577 2460 7890
1865 801 2058 1922
2284 227 9481 404
8230 4268 8855 7738
3569 6763 6874 7194
2481 7327 8198 7883
7198 4033 7420 5219
2484 9197 8969 9372
1502 4345 1670 6202
9839 558 9976 6417
3611 5438 4355 6562
3976 3095 4448 4461
9146 577 9277 5600
8230 1452 8917 4268
845 4398 979 6095
5482 745 8917 1452
8969 745 9146 9528
1360 577 1497 8435
8167 9538 9386 9977
5788 5692 6407 6388
9338 404 9456 4067
1670 1922 2231 9372
2484 7890 3507 9197
345 2695 845 8648
41 404 9338 577
914 0 2284 373
7420 2648 7830 5219
4878 8387 7731 8488
845 9372 8969 9528
7560 5219 7830 6763
3569 1790 7830 2648
2325 7890 2484 9347
845 9528 9338 9538
8229 2203 8230 7517
2481 577 2524 7292
2284 0 9481 60
3569 2648 6936 3088
3507 8278 4878 8928
41 9538 3294 9721
3569 7241 6630 7245
9677 0 9832 7899
9338 4171 9638 8809
3569 745 5482 1452
3569 1452 8229 1790
4878 8488 8919 8709
2284 60 9481 227
7744 8928 8166 9143
2524 577 9146 745
