1973 8154 2182 8919
2182 8154 2744 8919
9595 5916 9673 7578
4132 1180 5783 1463
3530 767 4132 1161
631 1463 5783 1578
60 71 178 8956
907 7701 9883 7721
5783 188 9942 360
5303 5469 8939 5606
7425 8367 9354 8562
1267 4069 1348 4238
8397 9227 9000 9656
5150 3844 7952 3980
8722 5946 9123 7518
834 9077 7010 9158
2002 0 2767 66
1381 9287 1778 9336
1973 8919 6918 9071
1559 5011 1839 6224
4699 6818 7680 6883
8346 2227 8666 2761
3687 3803 8093 3835
6813 1751 9942 2012
834 5824 907 9077
468 9158 7425 9227
9354 9294 9883 9656
9942 0 9986 9756
1973 7721 8963 7930
749 2576 3217 2708
3805 5 7138 71
5237 5946 5569 6202
7711 2965 8249 2997
2562 5945 9595 5946
2090 5768 2562 7221
6565 4501 7982 4731
3316 2137 4633 2577
2132 1695 3010 1986
468 5824 834 9158
1839 5631 1908 7245
5783 407 9942 567
907 5824 1559 6224
5793 5916 8719 5939
2562 6600 2826 7619
2744 8154 7009 8269
178 408 3803 571
3203 7518 9123 7640
749 2858 8403 2909
9674 2012 9883 7640
548 1249 631 4330
7009 8140 9354 8367
4746 6202 7105 6757
5793 5606 9674 5916
468 9227 8397 9287
5783 360 9942 407
2744 8269 7009 8367
3819 3007 3911 3116
5030 767 5783 1180
2562 5606 5793 5945
1921 4748 4788 4813
9000 8562 9354 9656
914 571 2234 1046
1778 9287 8397 9382
1173 3153 7965 3217
7372 2227 7646 2704
2234 571 3530 1046
2688 3226 6533 3276
548 4330 8020 4501
5783 1326 6813 2715
761 3323 1173 3797
178 9756 1911 9767
2744 8367 6920 8793
911 7744 1485 9077
4212 4821 5303 5093
3803 408 5719 568
631 1249 4132 1463
9354 8040 9883 9294
8020 3980 8294 4748
1485 7721 1973 9077
2744 8794 6667 8887
1559 4748 1839 5011
468 1249 511 5824
2577 369 3336 408
647 1578 749 2667
1173 3358 6378 3425
1973 8040 9354 8140
914 1161 4132 1249
749 2082 3316 2292
9986 0 10000 10000
8500 3730 8555 4193
6813 1572 7588 1751
7372 2012 9376 2202
7239 6160 8722 6638
4552 3835 4924 4297
357 571 468 9635
1973 8140 7009 8154
283 1751 357 4192
511 1249 548 4501
7325 5397 8347 5460
1017 188 4122 355
8625 3659 8872 5469
7010 8367 7228 8944
5783 567 8084 1326
907 6224 1386 7701
749 2292 3316 2576
7560 8562 8741 9173
1921 7640 9883 7701
4699 6899 7818 7028
511 4637 6448 4670
178 9656 9942 9756
511 4501 5045 4609
9573 2012 9674 5536
8294 3425 8500 4748
511 4670 6565 4748
5303 4748 8198 4910
9123 5946 9595 7640
8939 2227 9557 5606
1173 3425 6922 3756
914 1046 3530 1161
686 5750 1559 5824
4924 3980 8020 4330
1973 7983 8654 8040
1353 1578 5783 1695
832 1609 1276 2082
3203 6229 4662 6278
749 2722 7311 2848
178 97 7331 188
9883 2012 9942 9656
468 9382 6873 9635
357 9635 8238 9654
6813 2012 7372 2715
3316 2715 5370 2722
1173 2909 8939 2965
5303 4921 8212 5387
8084 567 8112 1586
3530 644 4731 767
1386 6224 1839 7701
581 571 914 1129
1173 3791 3668 4050
4132 767 5030 1180
