5433 6071 6845 6556
7808 7050 8065 7201
7130 1451 8509 1663
9196 1419 9381 8621
1964 8278 2751 8363
1865 7556 1925 8278
3657 4008 4403 5059
9146 9278 9873 9591
432 6711 578 8949
1717 5557 4952 5832
1444 438 3357 637
567 1419 1193 3348
232 9357 3911 9403
1193 1419 1342 2836
578 6769 1023 8949
5242 1811 7176 1981
870 3348 1394 5423
4299 989 6059 1217
1394 5059 6133 5246
8599 7556 8918 8598
1295 7210 1831 8171
1394 5246 9097 5331
1394 1419 5147 1470
1817 1663 1919 5059
3357 255 4781 481
1394 1663 1817 5059
1592 1489 1671 1626
1925 7556 5221 7781
6960 5423 8918 5930
6134 5063 8836 5246
9659 255 9771 813
3736 1695 7176 1811
7747 6769 8918 7033
1932 1410 7388 1418
1865 7405 8918 7556
9664 2483 9766 6238
7176 3223 8468 4082
9512 8279 9661 8730
5374 3293 6274 3430
578 6711 8918 6769
7745 1716 7844 2906
6423 9357 9146 9677
3736 1811 4437 3388
4713 6045 7661 6071
1932 875 6059 989
2470 4622 2940 4896
870 5431 2908 5557
4653 3838 6695 4000
6695 3444 7166 3791
6179 5930 8080 6014
55 0 605 569
53 5437 55 6924
4403 4506 5973 5041
6099 4506 7355 4939
1932 813 8167 875
1295 6769 1831 7210
232 9455 1725 9692
432 5930 5064 6035
304 768 9659 799
1394 5355 9016 5423
1865 8629 9091 8914
1831 6769 1865 8171
232 9212 10000 9278
55 3348 326 8949
1865 8598 8899 8629
1394 5331 9016 5355
1774 9405 2346 9716
55 637 304 3348
232 9405 1422 9453
3657 1663 8707 1695
8918 5423 9016 8598
7930 6075 8815 6464
3657 1695 3736 4004
1023 6769 1295 8949
1919 1663 3013 2017
4561 9357 6423 9677
4653 3430 6695 3838
1295 8171 1843 8656
1671 1489 5265 1637
9097 1663 9195 8047
995 813 1932 984
8468 3907 8651 5049
9381 2505 9504 8800
1865 6769 4867 7405
0 9956 9146 10000
8451 7648 8599 7946
304 637 3357 768
4869 6579 8918 6711
2026 3585 2246 4966
8707 1663 9097 5059
773 255 3357 438
1919 2017 2659 2807
1318 438 1444 616
1932 989 3384 1410
5748 1987 6840 3280
432 3348 867 5926
2583 6579 4569 6692
8167 813 9650 1364
3736 4000 6695 4008
4952 5557 6960 5930
4403 4082 8468 4177
326 3348 432 8949
4424 9357 4561 9950
5221 7946 8599 8278
9381 1419 9771 2477
4867 7314 7288 7405
6845 6071 7930 6579
232 9278 9146 9357
6059 875 8167 1217
6112 4177 7586 4491
1693 6044 2583 6559
6853 1987 6901 3090
3357 630 9184 734
3013 1663 3657 3999
7176 3015 7730 3223
3013 3999 3657 4548
2470 2824 2964 4455
4653 2727 5628 3291
55 8987 232 9956
4561 9677 9146 9956
4403 4008 6695 4082
1925 7781 4383 8202
304 799 567 3348
4867 6769 7450 7268
9771 7811 9989 8077
6315 1217 6773 1397
756 799 9659 813
232 8987 9771 9212
232 9729 1659 9956
3384 989 4299 1410
55 8949 9507 8987
9016 5331 9097 8598
3013 4548 3657 5059
773 0 10000 255
