154 9547 8135 9794
38 0 154 8188
3965 9823 10000 10000
7967 2237 8364 5311
1707 1891 7895 1955
154 8413 2126 9277
3250 2446 3606 5217
2247 6721 6508 6839
531 880 1292 3049
531 509 8683 880
2154 8912 4923 9145
2883 5502 8364 5649
1340 5094 2883 5883
2752 1123 7967 1406
1775 4412 2883 5094
531 200 4354 509
531 4 9848 163
9742 913 9858 9817
7967 1161 8364 2227
4957 3873 7967 4617
2883 3143 3250 5357
1707 1961 3212 3143
1707 3702 2830 4097
9314 913 9702 3171
154 7285 2131 8407
5291 8358 5606 9547
154 9277 5291 9547
3250 5312 7995 5357
9066 913 9094 3617
531 5883 2770 6330
1707 1123 2752 1891
9314 3171 9683 5735
318 3518 531 3819
8752 913 9066 7263
5606 8358 6823 9547
1340 880 1689 5067
3054 7313 3337 7739
3443 1964 4670 2446
3717 3467 4957 5311
9096 913 9286 9188
8364 880 8608 9599
0 9817 9858 9823
3291 8427 4673 8846
3717 2490 7863 3467
1707 1083 3886 1123
4957 3467 7967 3873
8683 913 8752 7263
1078 6904 2678 7266
5706 4617 6676 5284
0 9794 9066 9817
154 0 248 2327
5137 5649 8135 6029
531 6330 6932 6697
2883 5357 8364 5502
8683 163 9858 913
9702 913 9742 9817
2752 1406 7967 1891
8135 9599 9066 9794
8683 7263 8987 7460
6823 7285 8019 8887
531 3073 1340 5883
9858 0 10000 9823
2154 7739 6222 8325
8135 5649 8364 9599
8608 880 8683 9599
0 9823 3965 10000
