3470 6180 7669 6553
1204 2988 1341 3275
2952 3019 4337 3662
896 9253 3211 9411
9743 2048 9767 9253
662 2889 667 8530
8354 5948 9028 6728
1504 5881 1537 8059
3842 9182 9723 9253
3422 3949 3488 4890
1202 8640 5141 8778
1504 8059 7316 8245
4240 162 4885 602
2162 9411 3211 9715
708 1641 1200 2804
7435 6728 9418 7224
5258 5828 8334 5869
7316 7759 7867 8215
1266 163 3350 561
1504 8245 3005 8404
2026 808 3414 2292
924 5648 1202 6134
896 8931 3627 9182
7272 8564 9665 8858
9418 6728 9521 8245
3211 9253 3986 9664
896 5546 8354 5604
1021 5139 6440 5331
896 5604 5258 5648
3414 748 4045 888
8354 5546 9723 5948
1164 86 1266 485
1021 5002 6712 5109
7316 7224 9418 7759
5124 1178 8639 1245
3304 2988 6635 3000
3884 7224 7316 7388
5124 602 8091 1158
4656 6553 6027 6640
3414 2048 7532 2259
5124 1502 7541 1890
7015 4251 8518 4844
3414 888 4149 2048
1202 8778 5141 8858
520 912 1857 1641
2026 561 3414 808
4552 7551 4565 8059
2299 2988 2952 5002
408 1233 520 1840
6579 6675 7676 6726
9119 4846 9591 4960
896 5467 9723 5546
1537 5926 2702 6013
561 1641 708 2804
7108 8931 9723 9027
896 9182 3842 9253
5911 7388 7316 8059
4670 7388 5911 8039
5141 8423 9665 8564
520 9715 3558 9721
757 2945 1021 5373
8554 4251 9115 5438
8396 9253 9892 9883
1200 1641 2026 2804
6124 2804 9723 2889
3488 4251 4463 5002
4463 4251 7015 5002
141 5144 285 5867
7669 5926 8354 6675
9028 5948 9665 6728
0 561 128 8843
671 2945 757 6506
3757 8245 9521 8423
561 2804 6124 2889
4149 929 5110 1385
4149 610 4190 909
326 9883 10000 10000
785 5467 896 6183
2196 3893 2299 4126
1266 54 8860 157
9521 6728 9665 8423
9767 2048 9892 9253
1202 5881 1391 8574
4976 9260 8275 9683
9892 1252 10000 9883
9119 2945 9334 4659
2108 2292 4991 2721
1021 2945 1204 3893
3882 8967 7108 9027
3627 9027 9723 9182
1405 8498 3629 8640
6873 5002 8513 5460
9381 2974 9629 4707
7738 2048 9667 2234
561 9411 2162 9715
9723 2292 9743 9253
8521 3023 8734 3949
1537 6553 3884 8059
5258 5604 8354 5827
1204 2945 9119 2988
757 5373 6873 5467
2789 6032 4820 6089
9665 5948 9723 8858
326 573 1895 819
1417 5984 1504 7570
1202 5867 5258 5881
3488 3949 9119 4251
4991 2345 9434 2610
1202 8858 9723 8931
520 9721 8283 9883
1537 5884 7711 5926
5141 8564 7272 8858
4001 6728 7435 7199
5642 2292 9652 2343
1202 5648 5258 5867
667 2889 9381 2945
544 1641 561 8922
