2186 2957 9482 3025
2568 5452 3276 7209
372 8588 5278 8660
2186 2095 7366 2153
965 67 9669 143
4920 7178 8634 7249
1087 4955 1177 5497
309 2835 1315 2893
7551 4530 8644 4823
3276 5452 4920 6271
1495 1124 1623 4266
9145 3025 9305 9087
4120 8087 4909 8434
9877 67 10000 9906
1940 7713 8387 7964
1623 2095 2186 4503
4067 179 4706 734
0 10 6505 67
1506 5957 1708 8074
0 67 965 461
1087 4890 8320 4955
7863 9276 9514 9708
1940 5957 2527 7112
1506 4955 5703 5452
3088 9906 10000 10000
4170 9087 9305 9276
0 9578 2628 9769
192 702 4067 988
2186 3567 6622 3660
2628 9708 9463 9768
1315 1124 1495 3512
3276 6271 4565 7209
72 7713 309 9482
4565 6271 4906 6717
1708 5957 1940 8074
372 3512 1495 4266
2740 4530 7551 4816
0 9769 9877 9906
1940 7993 8039 8062
8644 5027 8925 5964
2360 9276 5769 9442
4166 2240 5283 2678
0 461 72 9482
6972 9276 7863 9578
9482 2095 9514 9276
372 8434 9145 8588
3475 3660 5962 4130
374 4266 444 7355
5733 4823 6264 4885
4909 8240 9145 8434
3475 4212 6206 4353
6668 734 7312 940
1940 7209 4565 7251
965 219 2446 637
1623 2080 9437 2095
72 702 192 7713
1244 4955 1506 6590
1623 1748 9514 2080
9669 1181 9856 5964
1315 988 7038 1124
4909 8074 9145 8240
444 4266 1623 4823
1940 7251 6177 7713
2429 9963 3088 9972
309 2893 372 8660
2186 3999 3475 4362
5278 8644 8669 9040
192 1981 1315 2835
6177 7251 9145 7713
4594 8660 4833 9084
1623 4503 9145 4530
769 1410 905 1981
72 461 965 702
5703 4955 6748 6906
2438 3708 3393 3999
8592 3025 9145 4362
1506 5452 2568 5957
192 2835 278 7469
1623 1124 2419 1524
372 2893 1315 3512
583 4823 1087 8192
9305 3025 9482 9276
1623 1738 9514 1748
7038 992 8350 1738
0 9482 6972 9578
8230 3127 8592 3567
7312 734 9514 988
3393 3660 3475 3999
2628 9578 7863 9708
2186 4362 8545 4477
9669 67 9877 1181
965 143 4067 219
323 9087 4170 9253
9514 734 9669 9769
6623 3567 7086 4306
2186 2153 4166 2957
4920 5452 5703 7178
