2368 8668 8969 8849
2760 8320 6073 8576
2824 1458 9858 1494
1913 1303 1985 5459
2763 8074 6073 8169
2101 1303 2193 8320
7914 2190 7952 3206
9874 4783 10000 9949
21 417 234 2839
2193 4928 2367 8226
9040 4428 9094 8668
1147 1181 1363 2940
1534 1303 1832 7396
4310 1494 9330 1610
2193 8226 5267 8306
3529 5492 5073 7813
7119 7904 7416 8467
8154 6821 8226 8458
8452 70 9099 391
2367 4928 5287 5492
7509 893 8570 1241
5475 2190 7914 2915
8289 1738 8554 1798
2367 5492 2763 8226
7968 4428 9028 5478
2824 1494 4310 1729
2193 1303 2417 3535
5787 6176 5975 7813
2763 5492 3529 7904
9230 2190 9416 8668
2303 391 5680 417
947 2940 1223 8096
643 9949 9737 9999
751 2572 947 8451
1534 736 9858 803
9663 1729 9858 8668
3529 7813 5975 7904
2453 2756 3468 3389
3548 2232 5475 2588
7668 4931 7922 5478
9874 0 10000 4783
2158 8734 2229 9411
2193 3535 7821 3629
2193 4428 7968 4748
5975 6798 6532 7201
1837 1303 1913 4916
2193 3629 7821 4428
6086 508 8880 736
2417 1798 9416 2190
7635 6176 8846 6794
1777 8096 1837 9778
2763 8169 6073 8226
7668 5478 9040 6176
2101 9438 9874 9601
3468 2915 7914 3084
1985 1303 2101 5459
1913 5459 2101 9601
2409 8885 9286 9238
2193 4748 7968 4928
9858 0 9874 9420
9416 1729 9638 8668
6697 810 9103 893
2417 1303 2824 1798
1777 9778 7390 9925
9638 1729 9663 8668
2417 3389 7821 3458
6073 7904 7119 8590
2101 8590 9040 8668
2824 994 6697 1458
4310 1624 9492 1720
1223 2940 1534 8096
5287 6176 5787 7813
5510 9601 7503 9778
5073 5492 5287 7813
3468 3084 7914 3389
1837 4916 1913 9778
1943 9925 3773 9946
1534 803 6697 994
6697 893 7411 1451
7503 9601 9874 9925
2368 9280 9858 9438
9094 3389 9230 8668
7493 4928 7668 6147
234 0 3910 340
7821 3389 9094 4428
947 8096 1777 9925
320 391 643 2307
2417 3458 7821 3535
2763 7904 6073 8074
9286 8668 9858 9280
1534 994 2824 1303
