6655 2141 8261 2821
5201 2883 6075 7201
9860 510 9923 10000
3150 1733 3505 2322
3150 1065 9860 1232
3150 1421 5794 1733
6393 2027 6655 4670
8672 4432 9382 7062
8982 1404 9324 3583
8126 2821 8261 9298
0 2797 501 4002
3505 1945 5794 2027
2834 510 9588 831
6655 2027 8261 2141
9923 0 10000 10000
7875 2821 8126 9298
7056 8413 7301 9092
2496 8112 3358 8610
8452 1421 8982 2887
7301 8413 7875 9298
607 8083 1316 8670
4548 2322 4867 7358
3150 1404 8982 1421
3150 7358 4568 7878
6655 2821 7466 4078
2489 1065 3065 8055
1673 1065 1832 9298
8672 3583 9324 4432
6326 2027 6382 5471
1832 1065 2489 9298
2489 8056 6105 8112
3150 3777 3994 3955
3150 1232 9324 1404
3065 1065 3150 8055
6252 2027 6319 6723
626 1343 698 5769
4244 4451 4548 6022
9324 1232 9494 4432
1023 104 9852 510
3358 8112 6326 8413
4658 926 6463 1065
8266 3583 8672 9298
1593 1065 1673 9298
3505 1733 5794 1945
4867 2322 5201 7358
8261 3583 8266 9298
2909 9298 9444 9962
794 0 1023 7338
5201 2322 6252 2878
9494 1232 9860 10000
715 7472 798 7912
3505 2027 6245 2316
1023 1065 1593 7472
5794 1421 8261 2027
