2520 9372 5219 9406
2546 2451 2965 7579
5582 2768 6184 4739
8606 1393 9244 1876
1985 1034 9936 1345
2421 1791 2505 9335
7339 2918 8535 4156
56 4003 284 9557
0 0 1779 1843
5098 7393 5582 9212
3438 3511 3871 8546
1351 1843 1779 7231
1985 1345 9936 1393
1985 1393 6065 1784
7339 6507 8418 6714
953 1843 1351 7231
8448 4791 8538 6374
9244 4570 9546 5237
1780 7259 2379 8175
1779 728 4215 1034
2505 1791 8606 1876
286 3841 426 7735
9350 7317 9498 8093
1780 1034 1985 7259
7339 1920 9100 2874
431 4608 907 8546
4162 5358 4311 5855
7339 1876 9237 1913
5128 5358 5556 6768
9244 5570 9471 6535
284 9335 9927 9372
1779 3414 1780 4495
9244 1393 9658 4143
9936 415 10000 10000
6219 5437 7339 6865
4311 6361 5128 7393
4986 1 5641 415
7679 1478 8606 1791
953 8198 2421 9335
3494 2768 5209 3469
9927 1393 9936 8517
2965 2216 4871 2768
426 3841 953 4608
4623 7393 4790 7775
3354 9212 6184 9335
393 9557 1174 9843
8678 8122 9409 9266
6184 6865 6911 7236
3887 3688 5558 5358
5582 4739 6184 9212
4311 5358 5128 6361
4403 8471 5098 9086
1985 1791 2412 6772
1779 583 9590 728
85 2258 320 3841
4215 796 9684 1027
953 7231 1779 8198
3079 2768 3354 7126
9660 1393 9908 6679
