115 389 4041 566
1201 7842 7946 7930
382 8124 3292 9076
919 6681 1201 8044
4041 389 9532 518
382 9076 3292 9660
7946 3503 8932 6774
401 5292 919 7604
919 8044 9043 8124
9236 3012 9364 9456
1201 7990 9010 8044
9532 389 9761 9456
3576 229 8969 389
733 9660 6780 9692
7283 1357 7626 3145
3763 8260 8486 8460
3517 705 5900 1007
9761 0 9946 7569
7946 1560 8720 3143
9364 566 9532 9456
7642 1560 7946 4266
9043 3012 9236 9456
0 9806 9095 9812
115 4517 243 7450
281 1846 1895 3348
1600 5143 2564 6296
4007 7796 7774 7826
2480 1846 5751 3190
1201 6681 6303 7093
3292 8780 5451 9456
1518 9812 2291 9944
5494 3350 6289 4833
1201 7930 7946 7990
281 3350 382 9538
5451 8780 9043 9456
281 9715 1363 9774
919 6299 6492 6370
4041 518 9532 566
9043 2294 9359 3012
7642 566 9363 1560
3292 9456 9761 9660
1419 4432 3632 4623
6303 6391 6562 6612
631 3350 2917 4421
1201 7826 7946 7842
919 6370 6303 6681
9010 3503 9043 8026
281 1569 4158 1669
7606 8617 9015 8780
115 566 7642 705
1201 7093 7899 7776
0 389 115 9806
6591 2960 7224 3361
7238 4266 7752 4381
