2154 978 7065 1077
90 2178 331 3910
1198 9664 9776 9804
7960 2781 9066 4329
1476 5369 4958 5598
3879 4230 7931 4306
3649 6327 5080 6434
9776 2722 10000 8680
1476 5598 7744 5753
6026 5369 7744 5598
6533 6976 6666 7797
1476 5753 2589 6072
9278 2722 9776 6719
1669 3227 6501 3401
1950 8765 6144 9127
1198 8055 6876 8599
1198 9503 9776 9664
8200 7042 9776 7521
2154 1077 7065 1164
664 4209 1033 4701
9273 7521 9732 8834
3380 6434 6949 6655
4958 5369 6026 5598
1331 8920 1950 9132
9274 2722 9278 6261
1518 2139 4112 2266
6667 7042 6876 8051
1198 9804 9776 9893
8003 7897 8123 9149
843 2781 7960 3227
7065 780 10000 1164
843 1366 1315 2781
4005 6719 9010 6956
5453 1628 6444 1845
7744 4306 7960 6434
7693 3227 7852 4194
582 9893 2237 10000
843 1164 5453 1366
5522 4306 5954 5192
331 684 6344 780
1476 6072 2469 7873
1669 3401 4686 4209
5453 1164 9647 1227
1033 4209 3879 5014
582 920 843 4209
1518 1366 2190 2139
1315 2722 9141 2781
2237 9893 10000 10000
6344 0 9720 546
621 352 3688 684
1315 1366 1518 2722
2190 2067 9647 2139
2589 5753 3591 6434
4681 1366 5453 2067
5954 4306 7587 5342
1198 8599 6876 8661
3591 6029 7744 6327
843 3227 1629 4137
7960 4745 8747 6305
843 920 5643 978
3591 5753 7744 6029
527 920 582 6157
843 978 2154 1164
1950 8661 6876 8765
584 8994 1198 9518
1033 5014 3879 5369
2190 1366 4681 2067
8804 7521 9271 7688
6666 6986 9668 7042
5453 1227 9647 1628
1198 9132 6876 9271
6344 550 9952 772
3295 2275 8396 2559
1033 5369 1476 8055
9647 1164 10000 2722
6876 7042 8200 7521
4690 3405 7526 4209
1198 9271 9776 9503
5643 780 7065 978
331 780 5643 920
