1167 1343 1776 2064
7384 8056 9835 8156
3910 1343 6950 1770
4259 8811 5208 9089
7384 7921 9843 8056
3933 7949 7384 8083
744 3839 1013 5962
222 154 339 7240
70 154 207 8389
5208 9361 6846 9698
1013 4122 2252 4162
5714 6511 7942 6706
3660 8587 3680 9234
6348 243 7730 593
1623 2445 3830 2622
362 5055 462 7985
5714 6259 9228 6428
339 154 7730 243
3553 981 7730 1343
6008 6428 7467 6439
8606 4058 8772 4600
800 1343 1167 2069
5583 8811 6846 9361
2307 7790 7298 7921
6846 8200 7023 9698
1653 9956 8046 9996
55 0 70 6007
9228 6103 9648 7786
1435 8587 2547 8628
1702 3839 2976 4119
8904 8156 9766 8572
670 3839 744 5591
2345 6286 3967 6498
2729 3170 5548 3210
1986 4249 2138 4841
8820 888 9613 1458
644 3381 7213 3448
599 593 5256 594
4355 4049 4846 4423
70 11 6872 154
644 7626 7298 7737
5714 6103 9228 6259
1115 7087 2303 7350
7298 7786 9663 7921
0 9526 1686 9618
462 250 6348 318
2307 7737 7298 7790
1013 4162 1986 5099
4050 3839 8606 4049
800 2069 1118 3381
8452 52 9999 393
6383 688 7730 981
1776 1955 2306 2061
5193 4049 5644 4650
1118 2069 3827 2387
800 688 5018 981
1623 2765 3446 2857
1686 8628 2547 9316
7947 8838 8012 9698
744 5962 9219 6093
8513 705 8718 1727
9648 2677 9663 7786
9912 393 9983 7927
1115 6888 2345 7087
2303 7087 2958 7554
70 8506 3956 8557
4780 318 6348 404
2452 1955 5385 2031
462 318 599 8109
7953 6511 8840 7678
644 7737 2307 7921
8718 1505 9911 1882
4955 5172 6354 5507
989 3838 8032 3839
1435 9088 1686 9526
7023 8200 8615 8838
1776 1770 8452 1882
1115 6103 2345 6888
5162 6103 5714 7029
9094 3810 9132 5923
8615 8156 8904 9698
599 594 643 3351
1013 5099 2432 5503
6950 1343 7730 1770
339 8235 5463 8506
4859 404 5069 576
0 9618 1653 10000
9379 2902 9556 4269
6305 6718 6952 6918
1013 5706 4177 5962
744 6093 9322 6103
6935 4554 8518 4795
3956 8506 6846 8811
7023 8838 7947 9698
2547 8587 3121 9618
3956 9812 9762 9954
7298 7554 7854 7786
1392 8587 1435 8900
9663 2069 9843 7921
1686 9316 2418 9589
1776 1950 8928 1955
1118 2387 1538 3170
5018 688 6383 981
1538 2902 9240 3079
1435 8628 1686 9088
3956 9698 8075 9735
599 3381 644 8109
1653 9618 3121 9956
7730 0 8062 1163
1790 8109 5968 8134
643 594 800 3381
2690 5099 4106 5476
4865 645 7148 688
7854 6718 7936 7553
1986 4979 7689 5088
800 1318 2826 1343
9219 3223 9370 5489
8012 8838 8615 9698
599 318 4780 593
0 8557 3956 8587
2345 6498 2905 7078
2958 6498 3863 6987
800 981 3517 1318
1167 2064 9843 2069
644 7554 7298 7626
3956 9174 4545 9315
9613 393 9911 1505
9911 393 9912 6439
5342 8811 5583 9361
744 7350 2303 7554
3121 8587 3660 9956
9843 1955 9911 8156
1538 2387 1623 2902
3827 2069 7514 2387
2013 1446 2704 1592
4594 6103 5162 6921
1776 1882 9911 1950
5208 8811 5342 9361
3991 3223 5808 3366
642 8159 7055 8200
4050 4049 4294 4867
339 243 6348 250
1776 1592 3910 1770
744 6103 1115 7350
3725 2624 6079 2668
2274 4122 4050 4979
3987 7029 7600 7320
2976 3839 4050 4122
8904 9333 9647 9570
7514 2069 8279 2558
