0 285 2714 321
793 7672 2102 9030
9080 2124 9152 9657
1546 3219 4356 3367
2102 7875 2499 9012
66 1128 177 6731
1710 1561 9152 1637
6793 2124 9080 2157
470 5187 2229 5813
9571 2258 9658 8398
9152 1506 9241 9657
2747 1804 4608 2157
9454 3131 9571 8396
5384 4356 6228 5182
2053 2157 9080 2272
7899 6514 8622 7064
6400 6514 7899 6990
2053 1637 6793 1701
395 4674 5384 4701
0 7 1949 285
3 2069 66 3771
2053 2740 4830 2961
3545 4624 4356 4674
470 9681 4472 10000
1710 1506 9152 1561
3841 4356 4851 4615
4206 5973 7123 6147
7721 5182 7908 5973
9241 7939 9414 8073
4151 7446 5804 8354
1204 9030 2765 9435
6151 7131 7910 7963
395 4701 2218 4888
2517 6514 2912 8371
4801 6157 7632 6418
7330 5182 7721 5689
470 5059 3915 5183
474 7672 793 9549
3620 5187 4206 6514
5799 548 7412 883
5724 2422 5983 2736
66 941 8247 1100
2053 3170 8115 3219
395 4888 470 10000
0 6731 395 10000
470 4888 4206 5059
3165 8371 4151 9557
8821 3219 9032 6952
2714 8 8957 145
66 1101 9591 1128
3030 5187 3620 6065
2747 1719 6426 1804
9453 8398 9658 9657
2912 7446 4151 8371
9757 362 9902 6783
2053 2961 5072 3170
395 3517 1418 4674
5573 3219 6228 4356
6793 1637 9152 2124
5880 5747 6518 5973
1418 1781 1546 3367
8115 2272 9080 3219
0 321 9306 359
6604 4490 7721 4505
470 9557 8931 9654
4608 1804 6793 2157
4356 3501 5573 4356
6228 3219 6604 5182
0 362 4750 845
8449 3587 8757 6116
4151 8354 4334 9557
177 1781 395 6731
863 6532 2102 7672
9241 2258 9453 7939
2912 6555 5676 7446
7908 3685 8263 4944
4472 9681 6277 9956
4334 8504 5451 8856
2229 5187 3030 6065
2102 6514 2517 7875
7908 4944 8449 6514
2218 4701 5384 4888
395 2328 1418 3517
7936 7239 8283 7969
2867 3367 4356 4356
2756 1239 4842 1399
6040 6940 6146 8853
5072 2736 8115 3170
177 1459 8621 1506
9658 1128 9708 9681
4334 9133 4987 9293
1710 1637 2053 3219
9708 941 9757 9681
7768 7969 7994 9470
4356 3219 5573 3501
2648 8371 3165 8862
395 1781 1418 2328
4206 5076 4939 5182
177 1128 1795 1218
470 9657 9427 9677
0 861 3972 931
470 5813 2229 6065
177 1506 1546 1781
9241 1506 9658 2258
4947 145 8089 236
5804 7446 6028 8762
470 6065 1837 6246
2053 1701 2747 2157
1546 1506 1710 3219
2340 3367 2867 4232
