9483 7006 10000 7442
4039 7621 4294 8187
642 3288 2476 3705
8588 7163 9483 7442
4656 8298 5241 8787
2003 8010 2361 9007
5139 9733 5735 9954
9729 2334 9995 3238
189 8216 1810 8441
6591 6447 9483 6550
6010 6447 6591 6780
1687 9449 3935 9756
9342 289 9610 1235
8213 1377 9000 2645
8902 4243 9965 4631
6086 5166 8853 5358
7182 4744 8699 4827
226 5086 375 5191
8853 4633 10000 5144
6086 5812 9706 5975
1720 2562 2007 3138
3165 2230 7055 2375
189 2230 3165 2375
7055 2230 8213 2449
5880 2449 6588 2632
5959 1008 6156 1647
918 7280 8588 7442
5880 2645 6613 2774
6159 1458 7266 2108
3775 1571 4258 1946
4605 4464 6267 4615
1470 7162 6189 7163
9124 7905 9504 8875
6180 8799 6610 9310
2007 3028 9342 3138
1720 2449 2789 2562
5050 3723 6267 4464
4119 4044 4605 4615
0 452 860 1059
3731 4744 6086 5154
6970 4244 8335 4593
2494 1277 4383 1292
2390 384 5892 452
9154 289 9342 672
3537 5164 4651 5211
2476 3381 4212 3705
5245 8147 5777 8777
1220 1702 3708 1916
8886 672 9342 1377
7693 289 9154 672
2576 4044 4119 4315
1274 1443 3273 1571
8335 3723 8900 4243
212 5612 390 7524
2743 9014 3830 9285
150 1702 189 9973
390 5646 2784 6250
2285 4744 3299 5348
189 7568 2191 7962
4598 7672 5624 7973
2390 289 5892 384
1471 2449 1720 3028
189 9446 311 9788
7197 9643 9136 9740
4757 2797 9000 3028
8857 5975 9509 6312
1023 1074 2092 1194
2796 2449 4757 2797
680 2375 7055 2449
509 7163 918 7430
2007 289 2390 442
671 5109 927 5364
8853 5144 10000 5358
390 7442 10000 7568
6267 3723 6888 4609
8785 7568 9124 8380
3056 6365 9706 6447
4529 452 4978 1975
1399 4744 2285 5109
1410 4633 8853 4744
1220 2108 5582 2211
5959 452 6159 1008
3081 6447 4234 6725
6551 5975 8694 6247
112 1074 1023 1458
4388 452 4529 1129
375 3138 2477 3261
7693 1377 8205 1596
8900 3705 10000 4243
5139 8802 5701 8830
2477 3138 9729 3261
5215 6447 6010 6780
5539 6780 7362 7162
5139 8830 5893 9733
189 9341 3914 9445
346 9756 5139 9973
0 1571 3770 1702
5893 8799 6180 9643
4942 7979 7836 8120
2743 8187 3878 8925
642 3705 2021 4044
4287 5219 5583 5350
2021 3723 5050 4044
642 5364 3401 5583
5892 289 7126 452
5996 7600 7658 7961
1410 4315 4119 4615
7712 1598 8015 2179
8252 7760 8785 8380
4234 6447 5215 6780
9655 289 9722 3055
642 4044 2576 4315
7736 5358 9612 5787
2021 3705 8720 3723
4605 4044 4970 4433
7100 4115 8113 4189
375 3288 642 5583
3937 8187 4520 9756
5893 9885 9823 9979
642 4315 1410 4744
7693 672 8886 1377
5777 8380 7625 8799
4421 5583 5045 6250
7836 7568 8785 7760
9250 8875 9965 9056
375 5583 4021 5603
9000 1377 9291 2798
351 0 558 253
2007 2562 2653 2792
3056 6250 8857 6365
5145 1449 5213 1917
4212 3508 10000 3705
189 2375 680 3138
642 4744 1399 5043
1304 6250 1470 7160
8338 4853 8853 5166
6856 6550 7362 6691
9729 21 9997 2334
5045 5583 6086 6250
6651 2645 8620 2791
918 7163 8588 7280
5191 7615 5580 7672
3401 5361 5880 5551
4757 2449 5862 2778
5777 8147 7507 8335
1470 6262 3038 6425
0 1702 150 9973
7625 8380 9124 9374
0 9973 3329 9993
4978 452 5959 1449
2476 3288 4212 3381
4629 8799 5139 9751
3831 4615 5182 4629
7266 289 7693 2230
7362 7031 9483 7162
8335 4275 8841 4633
4212 3288 10000 3508
609 6250 1151 7075
927 5109 2285 5364
6159 452 6962 1218
7362 6550 9483 7031
1322 4 2621 289
7126 289 7266 1458
4520 7659 4589 8604
6277 5422 7736 5812
9706 5358 10000 6447
189 8441 2003 9341
1470 6425 3056 7162
2007 2797 4757 3028
6180 9374 10000 9643
2621 0 9729 289
9483 6447 10000 7006
346 9446 1657 9754
9475 9643 9820 9879
7836 7760 8252 8380
1220 1975 5831 2095
675 1977 1220 2230
6086 4853 8338 5166
3646 1098 3931 1195
9504 7568 10000 8875
9124 7568 9504 7905
375 3261 10000 3288
642 5043 1239 5066
6091 4746 7000 4853
3056 6780 5539 7162
