8474 534 9657 1640
8075 7732 8282 8412
0 0 9544 57
785 3762 2532 4112
1170 6416 1341 8479
6951 7181 8150 7291
5120 5838 7532 6150
3925 6333 5140 6904
5061 2586 5308 3315
2106 9316 6218 9494
785 5169 1355 5868
2158 5466 2448 6333
8389 4549 9657 4737
0 3811 785 6416
7285 3374 8007 4737
8302 534 8474 922
5308 2586 7003 3315
2106 8205 2662 9316
0 1347 1571 1535
2662 8540 2992 8934
2158 4921 3835 5466
4884 7320 5482 7579
2448 5466 3785 5850
7716 1419 7984 1700
1355 7034 1806 8559
785 4112 1355 5169
8946 7816 9590 8340
7096 6395 9267 6811
4441 2407 4744 2876
8474 1640 9657 2348
2341 534 5084 885
2662 9021 6154 9316
4085 1397 5081 1677
9981 534 10000 9853
554 2151 1325 2937
554 1936 1325 2151
5368 1017 5532 1715
369 155 939 1347
6753 57 8021 534
2681 2937 4051 3094
9544 0 10000 534
785 5868 1355 6416
939 155 6753 196
1723 8575 1799 8865
2158 6333 3842 6450
6218 8752 7892 9494
1923 4598 2158 6453
7285 5444 8633 5806
2681 3315 9328 3374
5482 7314 8238 7581
9541 4737 9655 7186
3429 8324 6061 8529
4221 2903 5043 3314
740 57 1208 155
2681 3927 3894 4335
7892 9361 9389 9420
2158 4573 3667 4921
1325 2620 2171 2932
1571 1397 2440 1500
5102 199 6413 259
5532 1017 6800 1719
8616 7291 8946 8752
2106 7732 6218 8205
7003 2820 9340 3315
9340 2407 9657 4549
3692 4557 4437 4919
6426 9494 6776 9583
939 196 5102 427
6218 7732 7662 8752
6356 5230 7285 5838
8007 3374 8389 4737
1751 2188 3546 2320
2448 5874 4370 6289
2437 7181 6951 7279
4898 2598 5061 2903
8639 5501 8861 5838
6800 534 8302 922
4495 7581 8210 7714
542 8359 1074 9146
8946 7291 9646 7796
3469 1397 4085 1936
2532 3762 2635 4537
5916 2407 9340 2586
6842 1936 8474 2188
7532 5838 8863 6289
0 6416 1170 8359
1208 57 6753 155
2203 1120 5368 1397
8863 5444 9541 6333
8282 7291 8616 7792
3462 8540 6141 9014
6800 1419 7716 1719
6800 922 8031 1419
8282 7792 8610 8752
7662 7732 8058 8413
1325 1936 6842 2188
1355 6453 1806 7034
1806 6453 3925 6793
7892 8752 9657 9361
4810 2437 5904 2586
5140 6333 7096 6904
4742 3566 6199 4075
8389 3374 9067 4500
0 1535 3320 1898
4085 1719 8031 1936
4756 4492 7285 5230
939 427 1571 1347
8021 57 8764 349
785 3321 1702 3762
1492 4179 1825 4514
8031 922 8474 1936
3662 2188 8451 2347
2106 6904 5691 7181
0 8359 469 9720
1571 427 2341 1017
1325 2351 9509 2407
1806 6793 2106 9494
2662 8205 6218 8324
5102 259 6753 534
7285 4737 9541 5444
356 57 369 1228
6156 4344 7285 4408
4756 5230 5120 6289
8150 6811 9541 7291
4756 4412 6817 4492
0 1936 554 3811
7892 9420 9958 9588
7052 2586 7887 2796
1325 2543 3160 2620
8611 8144 8616 8561
2681 3120 3687 3303
0 112 296 1345
1355 5020 1918 6371
7887 2586 9340 2820
2341 427 5102 534
3835 4921 4742 5874
4742 4465 4756 4719
5691 6904 7096 7181
3320 1397 3469 1936
1170 8559 1723 9624
7096 6811 8150 7181
0 1898 3320 1936
554 2937 785 3811
7662 8417 8105 8721
2448 6289 8002 6333
3461 9624 4140 9961
4370 5874 4756 6289
5120 5230 6356 5838
8946 8347 9601 8522
9657 534 9981 9361
5275 6150 7532 6263
2106 7291 4494 7732
2106 6793 3791 6903
