750 5655 4373 5732
6727 8000 9157 8095
6891 1831 6913 2724
6884 1565 8709 1784
7276 5260 7782 8000
110 1565 4790 2161
6727 6158 7276 8000
6019 6158 6727 8102
9268 2372 10000 2728
290 2301 4219 2463
6996 8425 7342 9290
7258 4619 9534 4985
9169 7463 9942 8088
2614 8508 4079 8968
750 5190 4241 5655
0 379 110 9584
6012 3141 6883 3970
9206 4316 9459 4601
4333 162 7061 1340
4333 1340 8800 1565
7061 162 7111 1315
6659 5260 7276 6158
110 6870 450 9415
6484 3978 6876 4619
457 6870 626 9545
7001 3790 8338 4466
7342 9719 8501 9954
269 2301 290 5378
7477 1800 8572 1831
290 4858 552 6291
7156 4530 7797 4619
110 379 1644 1565
9169 5031 9993 7463
6012 1565 6884 3141
5620 5092 5972 5649
2677 2960 2994 2996
5972 5031 6659 5749
2319 6251 5964 6392
3320 2808 3582 5190
8999 2728 10000 4316
8967 39 9259 1340
8800 1340 9268 2728
290 2474 3973 2626
9157 8486 9785 10000
2319 7931 4729 8102
7342 8486 9157 9719
7112 1130 7622 1131
2295 8440 6054 8508
4241 2301 4328 3987
8800 2728 8999 4619
4079 7092 4729 7931
7782 5260 8612 8000
2837 8102 8966 8103
3127 0 7112 162
711 5749 2319 8067
750 2808 2101 3110
4079 6392 6019 7092
2295 8103 10000 8425
110 2301 259 6481
9268 0 10000 2372
8612 5260 9169 6347
2319 6392 4079 7402
4729 7092 6019 8102
4795 2624 5423 5749
1828 9050 5111 9213
9534 4316 10000 5031
750 3110 2101 5190
7258 4985 8958 5024
2101 2996 3320 5190
6012 4619 7258 5031
5111 9050 6996 9290
0 9584 5278 9915
8156 0 8967 1317
825 169 1048 379
4377 2162 4711 5606
8612 6347 9169 8000
626 9326 5278 9584
6917 1831 8800 3100
7342 8425 9785 8486
2 0 2258 156
3582 3505 4241 5190
2319 7402 3623 7903
6012 3976 6482 4616
626 8103 2295 9050
0 9915 5059 9987
5423 2624 6012 5031
9785 8425 10000 10000
626 9295 4881 9326
2319 5749 6659 6158
4079 8508 6996 9050
290 2637 2298 2808
5073 1757 5302 2624
626 4675 750 4894
290 2808 750 4530
3582 2627 4197 3195
6659 5031 9169 5260
5278 9290 7342 10000
1644 162 2603 1565
2603 162 4333 1565
110 2171 4309 2301
6884 3100 8800 3789
