2049 3781 5525 3822
1416 3822 2179 4387
2592 8306 3541 8448
5336 9145 7763 9470
0 720 288 2159
5624 1477 7095 2967
1380 947 8690 1232
3663 5648 4041 6090
1573 9101 3844 9367
956 3822 1416 7645
342 1278 6746 1376
2073 1377 2649 3436
8599 6140 10000 7085
3623 9367 3821 9998
378 6459 956 7645
800 152 5422 273
9321 1938 9994 2278
9321 1173 9968 1913
323 1377 908 2284
4095 9734 5336 10000
6266 3576 9420 3818
8733 1232 9321 2950
1571 6797 4095 7645
2649 1874 4136 1958
2481 5648 2897 6764
116 7680 1027 7745
6994 273 7837 712
4386 307 5330 694
907 8346 1573 9564
1416 4695 1571 7645
1571 4695 2227 6797
2049 3549 6266 3781
5780 5444 6294 8632
6266 2967 9351 3567
0 429 3713 720
4095 5648 4850 9544
1573 9367 3213 9536
4850 5648 4909 9518
8798 7840 9957 9317
7763 7085 10000 7746
378 3822 956 6459
2948 6449 4040 6791
116 8346 907 9564
2227 5648 2481 6797
7095 1769 8368 2967
2649 2967 6266 3549
2649 1958 5624 2967
8368 1587 8618 2527
2227 4695 5312 5648
8599 3822 9456 4166
116 7745 1241 8346
2948 5648 3663 6449
912 1377 2049 3822
1241 7645 4095 8303
6576 4453 7763 9145
5312 4453 6576 5444
1241 8303 2218 8332
7763 4494 8565 6974
2179 3822 3973 4387
8798 9424 9587 9996
5312 3822 8599 4453
6294 5444 6435 8237
1573 8346 2592 9101
1380 1232 8524 1273
2592 8448 3844 9101
9473 2278 9971 6109
1416 4387 3973 4695
1380 720 10000 947
9391 971 9961 1173
5312 5444 5585 5557
2649 1701 5242 1744
3973 3822 5312 4695
4909 5648 5336 9734
6437 5444 6564 7337
9321 2278 9471 2943
0 2319 912 3822
7095 1587 8368 1769
8599 4168 9472 6138
7095 1292 8457 1587
4073 1405 5012 1477
9208 273 9790 690
116 9564 3623 9816
5559 273 6242 717
5336 9470 7763 10000
7763 7746 8798 10000
5336 5648 5780 9145
4095 9544 4806 9641
116 9816 3623 10000
3844 8303 4095 10000
0 55 9203 140
116 3822 378 7645
0 3822 116 10000
1172 720 1380 1186
5780 8632 6437 9145
