5951 7977 6508 9152
249 8510 765 8684
6804 724 7776 2434
5444 5827 5676 8683
3876 3034 5883 4583
8675 724 8947 2959
3095 3366 3436 3412
665 2104 1138 4933
9774 5024 9794 8877
765 8510 5256 8693
2426 8323 2437 8364
73 7048 218 7536
0 8693 5676 9135
6007 2944 7823 2959
218 5361 1223 8417
5111 0 10000 177
4239 2959 8173 3015
6463 4407 7614 4729
5111 724 5666 1288
5975 9412 8557 9547
2705 2959 3095 8323
7786 6312 9133 8217
0 9135 3982 9826
5951 5827 7369 7976
665 1556 1192 2097
7786 5024 9711 6312
2486 244 3206 1288
275 244 665 3677
3505 3209 3846 4644
665 244 2486 1288
5765 8875 5938 9272
2219 2457 2705 4614
5111 177 10000 724
7786 4405 9834 5024
0 9826 9711 10000
1223 5227 2705 8323
1223 1556 2219 5227
5985 3034 6450 5147
7382 5827 7786 8699
2705 2457 8675 2944
0 8417 5427 8508
2219 2025 5666 2457
218 0 5111 244
3095 5181 7472 5820
3095 7814 4879 8053
2219 1288 5666 2025
6633 7977 7367 9321
3095 8104 4774 8396
3982 9658 7076 9805
3095 4679 5152 5181
320 3677 341 4606
665 1288 2219 1556
7382 8705 7786 9409
8947 1155 9769 3268
3982 9420 5675 9547
6463 3514 9758 4035
3982 9647 7034 9648
6463 3034 8918 3480
9711 5024 9771 9268
8947 763 9851 1155
255 1562 275 3121
6463 4035 9830 4405
3206 244 5111 1288
2219 4616 2697 5227
7786 8217 9080 9355
9133 6312 9711 9647
5666 724 6804 2457
5676 5827 5946 8762
4568 6295 5025 6716
3095 5827 4423 7761
7781 724 8548 1740
9834 1155 10000 5024
