0 9845 2414 9993
8355 76 9287 171
5355 8988 7584 9712
64 8637 9624 8988
289 7290 3008 7630
3457 8988 4873 10000
64 3781 289 8637
4740 6914 6101 7288
0 0 958 2903
4740 3683 5137 5008
6986 6212 8083 6326
5137 3683 5737 5220
4622 3683 4740 7090
8267 0 8355 2269
64 8988 3457 9376
8076 8188 9605 8637
2877 129 6007 984
2102 1864 4746 2295
5137 5535 7730 5586
9721 0 10000 5535
2342 4587 3224 6819
2102 2298 4693 2903
4873 9712 10000 10000
8784 6520 9563 6578
1475 1864 2102 2903
8159 6326 8784 7708
6678 4578 9715 5139
64 3757 4342 3781
5137 5895 5457 6914
0 3511 4600 3754
7584 8988 9729 9128
8355 171 9721 2282
289 3886 346 4587
0 9513 3457 9845
5469 6006 6139 6222
0 3754 64 9376
1475 2 7242 129
0 9376 3457 9513
7714 1460 7913 3420
9729 6154 9964 9712
1554 6930 4309 7290
1475 129 2877 1864
4751 1864 7456 2261
7621 1460 7684 2822
1783 5768 1792 6709
7054 5140 9658 5202
7913 0 8267 3683
4311 3781 4610 7155
6939 2271 7555 3416
6678 4275 9714 4578
4751 2271 6878 3457
4877 9214 5306 9379
6678 3683 8387 3899
6876 3511 7455 3682
2877 1460 7621 1864
9624 6326 9727 8956
2877 984 7913 1460
6007 129 7913 984
289 7708 9624 8182
5137 5220 8605 5533
4763 5008 5117 6722
6574 6505 8159 7591
8460 2282 8753 3529
7584 9128 9729 9712
0 2903 4751 3511
5737 4274 6622 4913
289 4587 1523 7286
289 8182 6893 8499
1554 4587 2330 5499
3242 3866 4118 6571
8753 2282 9721 4275
419 3781 2700 4452
958 0 1475 2903
