6516 3254 7227 4170
6503 2435 9581 3254
1517 8584 3095 8803
5223 3682 5686 4617
931 1761 3258 2004
5223 5561 9061 6560
6196 518 6950 1099
912 390 931 8572
3258 1761 4985 2874
1361 99 6248 382
11 99 480 2596
1496 4364 4311 6306
9199 3254 9562 4313
3427 9590 7712 9940
7231 3254 9198 4378
0 0 7273 99
6950 518 8203 1828
4985 1099 6950 2042
3880 6846 8682 6921
1334 9129 6945 9287
0 2608 338 5869
1334 9306 3178 9861
4985 2435 6503 3084
931 390 6924 516
4985 518 6196 1099
1930 7994 7457 8579
7523 6927 9508 9236
0 8824 7218 9119
1496 3324 3214 4364
6295 123 7273 390
1496 6560 9434 6830
1784 7015 1930 7520
8203 518 9741 2435
480 99 910 8824
3880 7002 7461 7789
5223 4704 5997 5561
910 101 1360 378
931 8363 1733 8376
6503 5099 8850 5547
3427 9306 5013 9577
9581 2435 9729 9046
1098 3084 1496 6358
931 838 4985 1761
931 2004 3258 2874
1496 6306 4272 6550
4311 3084 6503 3635
5758 3665 6273 4704
931 2874 4477 3080
9081 5108 9580 6557
0 9129 1246 9884
9741 518 10000 10000
8080 2183 8147 2320
6503 4385 9554 5092
1496 3084 3210 3324
4985 2042 8080 2435
7273 0 10000 518
3214 3084 4311 4364
4311 6396 5069 6551
1930 6846 3784 7927
5306 9306 5432 9567
5997 4704 6489 5497
6950 1828 7921 1864
4311 3635 5223 6396
1990 738 4947 838
