1635 6406 8354 6626
1204 3075 1341 3362
180 2925 4078 3075
3162 9195 7276 9380
9554 2346 9763 3658
623 3800 667 4441
8354 5374 8953 6757
443 5867 1510 6815
7276 9195 10000 9416
1929 4627 7575 4638
0 8064 1800 8748
2283 8063 4549 8635
4240 162 4885 602
2159 9380 3211 9716
656 2346 4218 2804
4549 6895 9511 7267
4932 5848 6563 5925
7600 7267 7863 8219
2371 157 4239 601
1831 8063 2283 8591
615 602 9053 818
1151 5663 1910 5841
2159 8748 3162 9380
3162 8748 7866 8881
8354 6757 9511 6895
3211 9380 4125 9716
4932 4847 6563 5848
757 4895 1929 5663
2284 5473 2662 6048
615 887 6925 901
8953 5374 10000 5988
1164 86 1266 485
1929 4847 2284 6406
7863 7267 9511 8219
4714 1178 5125 1751
6634 2918 7197 2989
4549 7267 6513 7555
7659 818 8998 2050
1914 6626 6027 6655
3869 1890 7659 2119
6654 955 7657 1890
2398 4647 7016 4840
2341 969 3653 1770
763 8748 1921 9716
615 904 1795 1730
1303 0 2371 600
4552 7555 4565 8063
2299 3075 4078 4194
0 1790 607 1902
7209 6626 8328 6676
9430 3935 9489 4847
2571 4880 4808 5473
1510 5867 1635 6676
247 2346 656 2795
7108 8881 7866 9195
1921 8748 2159 9716
6513 7267 7600 8219
4565 7555 6484 7976
7766 8219 9668 8603
763 9716 3801 9722
667 3800 1929 4895
6563 5148 9496 5374
7276 9416 10000 9716
615 1770 3789 2316
7270 2346 9554 3658
2299 4194 4168 4591
4172 4194 8726 4627
180 5626 612 5867
2284 6048 8354 6406
8953 5988 9665 6757
0 2346 180 8063
267 4895 757 5520
4565 8219 7766 8603
4218 2699 6634 2925
3869 929 5636 1177
3617 904 4150 927
6796 9716 10000 10000
757 5663 1147 5867
2066 3800 2299 3903
2371 6 7551 157
9511 6757 9668 8219
9668 6757 10000 9195
521 7034 1245 7737
4125 9380 7276 9716
9763 0 10000 5374
9046 3658 9419 4646
4218 2346 7270 2699
180 3075 1204 3800
6520 8881 7108 9195
7866 8748 9668 9195
1804 8635 4565 8748
6563 4885 9419 5148
7108 4647 9382 4836
9053 1502 9696 2060
0 8748 763 10000
9496 3658 9763 5374
8726 3658 8939 4584
1504 6895 4549 8063
6563 5686 8354 6048
4078 2925 6634 3658
6563 5374 8354 5686
4819 5925 5817 6041
9665 5988 10000 6757
615 818 6553 883
1343 6895 1504 7752
1635 5867 1905 6079
4160 3658 7704 4147
3869 2119 9053 2346
3162 8881 6520 9195
2068 9722 6796 9988
2671 5925 4814 6046
4565 8603 9668 8748
1510 6676 8354 6895
9053 2060 9763 2346
2662 5473 4932 5925
180 2804 4218 2925
408 981 561 1790
