5788 4842 6729 6858
3245 2383 4838 3174
323 0 916 580
2133 3174 4838 3913
7935 3913 7975 4250
2999 4842 3750 5189
3383 2324 5323 2383
0 2332 181 3570
3229 8676 3237 9715
1127 6084 5788 6616
250 6616 4252 7370
7653 2423 9537 3367
7337 749 10000 1083
1127 5272 5788 6084
1127 3985 6729 4842
3237 7376 6734 8432
6146 1242 7337 2423
7815 312 9598 749
250 3913 1127 4972
1673 1624 3124 1938
4299 8432 4837 9595
250 834 845 1378
8169 7376 9273 9214
2049 855 5000 1624
7975 3969 9759 4279
4838 2383 5323 3913
6555 186 7337 1242
7299 6352 9346 6840
7337 1083 8873 2423
9352 4279 9782 9589
1607 7908 2677 8661
0 3570 250 9734
250 7376 2041 7809
4278 7182 5673 7376
3237 9668 6635 9961
5000 1284 5241 1624
6555 0 10000 186
4649 6620 5512 7171
7653 3367 9537 3913
2133 2383 3245 3174
250 5891 1123 6616
8873 1083 10000 2423
5208 8432 5967 8593
6091 8432 6734 9577
988 855 1499 2251
9798 3958 9983 7599
916 2324 3383 2383
883 9734 2217 9931
3124 1624 5323 2324
7436 7376 8127 8300
5000 0 6555 1242
1499 855 2049 1624
7429 186 7815 475
6729 3913 7297 6852
6734 7376 7436 10000
7436 8345 8106 9925
5788 6858 9352 7376
8169 9647 9776 9913
4484 4861 5776 5272
250 2383 2133 3913
7299 3913 7924 6147
5323 2423 6487 3913
7932 4279 9169 6316
6487 2423 7653 3913
916 0 5000 855
5323 1242 6146 2423
250 4972 1127 5891
1127 3913 1471 3985
9540 2423 9782 3205
