5772 9773 9387 9869
1633 5384 2594 6274
4627 7842 6423 7879
6438 2720 7468 3134
3113 4117 4731 4398
3932 7755 7579 7842
5925 451 6950 1459
4731 4189 8287 4529
570 5129 698 6882
1389 8539 4093 8872
1464 6862 2110 7896
4694 2268 7648 2428
261 8231 2626 8386
1633 5129 2590 5384
5438 3511 9427 3789
1085 9869 2827 10000
487 8394 1085 9684
3942 7405 4720 7705
2111 6862 3385 7111
3929 8227 5617 8357
9423 8394 9479 9110
3113 4398 3414 4459
2081 0 4529 380
7554 9372 9203 9646
570 4982 2266 5129
9188 5151 9320 6299
3932 7243 7565 7286
570 4063 3113 4662
6770 4734 7697 5378
9970 0 9994 7809
3463 6862 3932 7123
5096 5969 8309 6274
4217 1459 6950 1736
7379 8077 9188 8226
9430 1565 9462 1904
1591 8896 2313 9486
5709 451 5925 1241
4836 7996 7317 8087
4641 1241 5889 1308
1876 346 2081 1235
1301 5260 1617 6265
7379 7899 9366 8043
8832 4292 9089 7133
5126 8087 5293 8184
0 1953 3983 2268
1301 6274 1897 6405
4269 8535 5734 9149
2245 598 3010 1682
3932 7296 8273 7405
3113 4063 8448 4117
1291 0 1850 1771
2081 598 2230 1612
12 2268 120 7294
4731 4529 6770 5156
2596 5733 3000 6274
7579 7425 9490 7572
5734 8632 6033 9149
9462 1565 9899 4063
707 5129 1614 5253
9188 4063 9473 4640
3983 2126 7398 2236
5096 5733 7962 5967
2111 7128 3460 7634
9513 4063 9716 7270
7454 0 7609 1137
0 381 568 1953
8319 4117 8448 6458
9721 4063 9775 5696
5559 6405 5791 7082
3000 5733 4441 6274
7956 6280 8135 6629
4529 1314 5882 1455
3400 4779 3987 4832
568 381 1291 1953
3898 8876 4269 9149
2076 3336 8490 3499
261 8046 4717 8213
570 2534 7468 2720
1297 9659 3401 9869
4222 717 4529 1390
4529 0 6950 451
0 8386 3535 8394
6364 8087 7283 8225
3932 6405 5559 7243
6840 2030 7271 2098
0 8394 487 10000
570 4662 2147 4923
7579 7572 9775 7899
1310 8749 1389 9239
120 2268 381 7899
6950 362 7371 401
3401 9659 5772 9869
1850 1541 2007 1761
2596 5501 8319 5733
1168 5260 1301 7899
5734 8577 8264 8632
1085 8394 1297 9869
9494 4063 9512 5408
1301 6405 2766 6832
570 2720 5428 2886
570 3511 5438 3789
3520 380 4097 621
570 2268 4694 2428
4666 1736 6872 1978
2313 8872 3727 9486
4383 4832 4728 5330
8448 4063 8780 4969
8681 1565 9354 2818
5772 9659 9387 9773
3983 1771 4217 2067
130 7980 261 8316
6831 9033 7212 9106
2205 380 2833 571
8520 9033 9111 9124
0 0 185 381
4441 5733 5096 6274
2827 9869 9483 10000
1291 1779 3757 1953
570 3830 7281 4063
120 7899 7379 7980
2296 4662 2596 5125
2318 3789 7281 3830
8671 5145 8767 6766
1389 9486 3936 9659
9387 9449 9477 9750
7281 3789 9462 4063
4731 5156 6707 5363
2596 4832 4383 5501
9302 0 9615 794
570 3187 2076 3511
381 7040 1168 7899
7697 4529 8319 5378
3936 9590 7554 9659
3727 8872 3881 9454
381 2268 570 7040
707 6119 950 6690
2832 6405 3616 6803
7468 2534 7644 3134
7771 107 8344 986
185 0 1291 381
7078 6274 7579 6909
261 7980 4710 8037
6770 4529 7697 4734
9899 1074 9965 3645
8448 5145 8667 6827
7771 1345 9758 1565
9775 4063 9970 10000
4529 451 5709 1218
973 3789 2318 3822
1903 6276 6573 6405
570 2886 2076 3187
1850 49 2065 108
570 2428 7648 2534
1301 6862 1398 7759
3891 9149 7554 9486
5428 2720 6438 3134
4831 7405 7579 7755
2076 2897 5284 3102
9453 5322 9491 5731
4731 5378 8319 5501
7666 0 7743 771
7726 6957 8217 7215
7648 1249 7659 2800
5733 8227 9450 8393
6033 8632 9423 9033
2076 3134 7026 3336
3936 9486 7554 9590
4529 1218 5635 1241
487 9684 1085 10000
3017 717 3884 1642
7143 3134 9236 3326
9483 8227 9771 9800
1389 8394 9423 8535
