6046 81 6544 1474
5624 7942 6521 8135
1023 1649 1556 4262
2135 8291 2263 8503
7580 81 8840 409
777 629 2910 1060
7977 2233 8374 3487
6722 5402 7105 7925
3011 4470 3635 6147
4026 629 4195 714
482 0 4235 629
2409 2834 4555 3062
1818 1852 5244 2104
6813 2555 7422 4167
0 0 482 4448
4878 9196 5624 10000
2422 3926 3011 5770
2409 2105 7880 2233
8719 4167 8784 5877
6521 9920 9238 9997
4235 0 4764 997
8856 1823 9785 2101
0 9410 2097 10000
3635 4470 3908 5878
3029 3926 3315 4463
8975 2104 9789 3494
777 1234 3209 1510
8719 6353 9004 8474
3192 6573 5267 8151
5244 1649 8856 2104
777 1130 2526 1225
2409 6147 5997 6573
4781 0 6022 1032
8458 7405 8632 8163
2263 8151 4275 9333
4555 3625 5472 3880
1702 7804 2883 8069
6633 4167 7790 4535
8856 81 9789 700
6521 9006 7803 9368
8109 7405 8458 8474
2409 6874 2705 7793
8197 409 8850 1639
4555 2834 6633 3047
9789 0 9902 4167
8036 6215 8719 7405
5626 6573 5997 7936
2409 2314 5266 2395
8374 2233 8974 2522
482 629 774 1539
8856 710 9120 1823
7178 4560 7803 9006
4668 3047 4819 3490
4878 8151 5221 8436
5299 4029 6633 4560
9902 161 9999 2661
6521 9368 7783 9805
1556 1649 5244 1852
165 6181 216 8149
5267 6573 5624 9190
7422 2555 7540 3457
2409 2581 6142 2626
5299 4560 7178 5402
2097 9333 4878 9512
2457 6573 2679 6866
3635 5889 6722 6147
2409 2708 6813 2834
4819 3047 5681 3625
2409 2409 7575 2555
6605 7942 6713 8711
8787 4167 9902 6353
9244 9456 10000 10000
1556 1852 1818 5789
216 7819 1129 8151
2409 3062 4555 3926
1506 8151 2073 8414
482 4262 1556 4448
165 8151 1506 9361
7589 524 8197 1649
3229 629 4016 991
5624 8135 6521 10000
1399 7338 2172 7593
2602 9512 4573 9984
8375 2522 8975 3494
3229 1044 5822 1116
4243 4029 4489 5545
3315 3926 4243 4470
4243 3929 6553 4029
6905 406 7567 1138
2097 9512 2602 10000
6603 381 6905 440
216 6181 2409 7338
8036 4167 8719 6215
2909 2665 3416 2708
4489 5402 6722 5545
2744 6573 3192 7795
1608 5790 2012 6132
5997 7437 6504 7825
9244 6353 9902 9456
5681 3047 6633 3926
6046 3 9700 81
7825 6053 8036 6633
7803 7405 8108 8468
5997 6147 6722 7437
7541 2555 7975 3487
5406 5545 6587 5823
1335 4448 1499 5634
482 1649 1023 4262
777 1510 6548 1645
9004 7110 9059 7651
785 4448 1335 6181
165 9361 987 9405
19 5240 165 9410
389 4448 698 6157
7422 3494 9789 4167
4275 8151 4853 9258
1818 2104 2380 5785
4489 4029 5299 5402
3910 4470 4173 5505
6644 3158 6813 3691
7803 8474 9244 9920
9120 710 9787 1792
700 4448 785 5616
