6882 2141 8046 3045
3827 4679 5241 7348
9879 4022 9997 9271
1750 2177 4017 2440
6582 0 8046 1145
0 510 3679 1770
6181 2141 6882 3045
6663 4022 8673 4951
6181 3582 9464 4022
6632 4962 8589 5452
0 3677 501 4882
5249 510 5590 7358
8046 0 10000 1020
6181 1145 8046 2141
9464 1020 10000 4022
5739 6929 7922 7986
6622 8255 7301 8500
2927 8139 3358 9135
8046 1020 9464 1562
4085 8541 7875 9287
698 8236 1644 8672
1750 2440 4968 3740
3679 510 3739 2177
3827 7358 4454 8534
6181 3045 8046 3582
2622 4512 3825 7966
0 8672 1750 9987
8673 4022 9879 6929
6181 4932 6573 5424
1750 3740 2622 10000
2622 7966 3813 8136
3827 3744 4539 3955
5590 510 6181 5460
2622 3817 3482 4512
6181 4022 6568 4835
554 5178 698 7391
3827 4022 4642 4608
8046 3145 9464 3582
0 0 6582 510
4472 7358 5457 8315
6181 510 6578 1142
5590 5460 8673 6929
1644 1770 1750 8597
3739 510 4017 2177
4017 510 5249 2440
7994 8744 8266 8860
2909 9298 9444 9962
38 1971 1023 3677
4968 2440 5242 4573
8266 6929 9879 9298
698 7307 918 7473
1750 1770 3679 2177
1023 1770 1644 8236
8046 1562 9464 3145
