5218 9339 7917 9373
2964 5026 3448 9269
4554 4068 9077 4356
8930 0 9413 1566
0 1236 4980 1843
1736 5354 2964 5846
7473 2918 8781 4050
0 7231 419 10000
0 0 2357 1236
5098 8564 8081 9264
3561 4368 8715 4791
0 5846 2964 7231
6991 309 7390 1361
4980 1363 8890 1771
6826 6415 7573 6714
0 1843 1895 3240
6866 4791 8449 4881
9445 4368 9491 8747
1726 7231 2964 7657
2357 0 4054 1236
3561 1843 7473 2767
6 4494 426 5792
9497 8092 9885 8388
1895 3059 2964 5354
7473 1843 8930 2918
426 4494 1736 5846
3585 5589 4311 5691
8930 1724 9389 1877
4311 6145 6086 6485
9018 5026 9245 5991
419 9269 5218 9663
1736 4494 1783 4517
8930 1877 9437 4068
9437 0 10000 4068
7299 6714 8867 7734
4311 6495 6170 7393
4986 1 5641 415
4980 1771 8930 1843
1726 7657 2964 9269
4554 2767 6013 3591
9881 7158 9952 8061
3561 2767 4514 3871
320 3240 1895 4494
4599 7393 4790 7727
3448 5734 4249 9269
419 9663 1200 9949
8186 8585 9414 9266
6184 6714 6911 7085
3448 5026 8458 5583
4311 7773 9416 8563
4311 5589 7854 6145
4483 8564 5098 9259
1895 1843 3561 3059
5641 0 6777 997
10 3240 320 4440
4054 0 4980 1236
419 7231 1726 9269
2964 3059 3561 5026
9497 4368 9869 7892
