0 0 83 9964
7735 2413 8436 2620
6879 3578 7460 6117
1365 9284 3168 9585
6879 6117 7460 6470
334 6651 944 7424
1415 2815 2932 3241
334 4840 815 6651
5461 6364 5937 7131
1261 4733 1562 5760
9402 3578 9620 8174
2800 4475 3120 7193
3757 1710 5461 2313
517 9964 6260 9965
6082 755 6254 6525
523 3245 605 4840
7765 6425 9131 7498
99 5196 200 9124
334 8517 2226 9191
3757 0 10000 166
8661 2641 9968 2802
6879 6470 7460 8517
6082 672 8256 755
5288 4040 5461 4258
334 8431 6879 8517
8447 7509 8624 7577
8256 166 9642 1425
9934 2904 10000 9392
979 6654 1204 7617
4322 166 8256 556
3152 7131 5207 7646
7637 7498 8169 8174
5977 8655 6038 8947
334 555 460 2542
9642 933 10000 2632
334 9191 5354 9284
815 3616 1790 4179
1975 460 3097 2456
3757 4357 5439 4396
2203 3752 2847 4475
1643 7986 6082 8331
3811 271 4322 1247
334 7986 1643 8331
207 5196 318 7273
7345 3195 9620 3578
3121 3858 3147 6451
1790 4641 2203 7259
9620 4031 9934 5993
5008 4396 5461 7131
7250 8739 8973 8821
1205 4552 1261 6062
334 2597 601 3245
8410 6131 8991 6292
5354 9214 5869 9754
7520 3757 7565 4490
7460 4490 7637 8174
6254 755 8256 1888
5977 9392 10000 9654
83 0 1472 555
9620 5993 9934 8174
334 9764 10000 9964
6082 7275 6176 8431
815 4179 1790 4541
6393 8517 7281 8652
2203 5272 2586 7179
1472 0 1813 1893
815 5821 1093 6640
9620 2904 9887 3620
815 3245 3121 3616
83 555 334 5196
1261 4541 1789 4733
1790 3616 2136 4641
8117 8174 9694 8655
7345 1888 9642 2076
4257 4396 5005 5810
7742 3846 7765 7498
460 555 777 2488
3152 6266 5008 7131
605 3845 782 4540
6076 672 6079 6401
2136 3665 2163 4618
334 3245 523 4840
7637 3578 7742 7498
334 8331 6082 8431
7279 2517 7345 3578
6844 1888 6879 8431
3152 5811 5008 6266
6448 1888 6825 5622
8246 4576 9131 6131
7719 2904 9601 3187
1205 7259 3121 7617
1415 2608 2260 2814
3168 9284 5133 9764
7656 8174 8033 8430
5133 9284 5354 9764
9131 3846 9186 7103
3775 3189 3999 3312
4000 3079 5201 3713
5461 1710 5663 6364
7250 8655 9694 8739
6082 6525 6844 7275
1684 4733 1744 6426
7345 2076 7719 3195
1126 4541 1205 6651
5207 7131 6082 7986
488 9284 1026 9692
8169 7577 9402 8174
4322 556 8256 672
7863 3636 8964 3846
7004 9654 9697 9722
8256 1425 9642 1888
6176 7275 6844 8431
9642 166 10000 933
818 4541 1126 5566
3757 2313 5188 3010
334 7617 3152 7986
6254 5827 6844 6525
2226 8784 5977 9191
3152 2604 3647 4396
5663 672 5846 6137
7765 4576 8246 6131
2226 8517 5977 8784
4949 797 5593 1710
3152 5626 3849 5811
3152 7646 5207 7986
5937 672 6076 7131
3501 0 3575 809
1205 6062 1684 7259
3648 0 3757 4349
9694 8174 9934 9392
7765 3846 9131 4576
4769 672 4949 1381
6254 2284 6445 5827
