7713 5402 7944 7148
0 2644 2775 3626
2775 2151 3564 5039
7574 0 7944 5400
3897 3896 6401 5400
3859 4035 3887 5264
9407 2171 10000 2740
1596 7145 1924 9916
0 5039 2595 6227
0 7145 1596 10000
7638 8703 9314 8908
3859 5836 5577 8279
8335 0 9314 4631
6511 5400 7713 5828
5734 5400 6511 10000
6511 5828 7694 6699
7334 0 7574 4993
9314 0 9407 8908
6915 7148 7638 9455
0 6227 3564 7145
3859 2151 7334 3090
6401 3090 7334 4993
3859 8279 5734 10000
1927 7145 3508 9958
0 1691 2774 2644
8335 8374 9212 8467
6401 4993 7574 5400
2415 10 3409 31
2595 5039 3560 6200
7944 0 8335 7148
9407 2740 10000 8908
6511 7148 6915 10000
3352 1295 6224 2151
1763 3626 2775 5039
0 3626 1763 5039
1071 36 2933 853
3564 2151 3859 10000
4672 0 6291 892
7638 7148 8335 8703
3859 3090 5034 3240
8335 4631 9289 8238
0 892 2707 1630
3897 5400 5734 5836
5577 5836 5732 8222
8335 8482 9275 8695
6400 438 7334 843
7638 8908 10000 9455
3859 3263 6401 3896
7859 9455 9477 9937
9407 495 9964 1474
2775 1259 3346 2144
2775 900 5771 1259
