6160 7996 6566 9608
218 8521 2306 8564
6080 732 6805 2933
3996 8396 5482 8777
3441 1792 5270 3411
8584 732 10000 1154
752 3411 3889 3416
752 2133 1832 3372
9774 4035 9794 7888
0 8569 3951 8777
2396 8313 2437 8324
73 7048 218 7536
0 8777 5482 9207
6080 2933 8319 2945
218 4345 1277 8361
5270 0 10000 182
6080 2945 8319 3039
6235 4717 7386 5039
5059 244 5270 1792
7266 9143 8557 9413
2437 5483 3091 8361
6916 6774 8155 8774
0 9207 3982 9830
3996 6716 6235 7996
665 244 752 3521
7640 5125 9149 6774
1843 244 5059 483
275 0 665 4035
3215 4035 3996 4644
752 244 1843 2133
5937 8517 6110 8914
2324 4035 3215 5052
5270 182 10000 732
6495 4083 8675 4678
0 9830 9843 10000
1277 4035 2324 8361
665 3523 8319 4035
6235 5125 6575 7996
6631 5362 7640 6512
6805 1154 8319 2933
218 8361 3215 8521
1843 2443 3441 3411
665 0 5270 244
3215 4644 3735 8521
3091 5052 3215 8361
2059 483 3441 2443
6575 6774 6916 9647
3996 8018 5293 8396
3982 9230 4773 9805
3735 4644 3996 8521
0 4324 929 4345
1843 483 2059 2418
6916 8814 8209 9034
8949 1154 9960 2872
4791 9210 5429 9547
8319 2974 9937 4035
4869 9647 4897 9756
6080 3039 8319 3523
8651 8774 9712 9014
8496 1154 8948 1938
255 1562 275 3121
8675 4035 9774 5125
3441 483 5059 1792
2437 5052 3091 5483
8155 6774 9127 8289
9149 5125 9739 8476
5270 732 6080 3411
5482 7996 5937 9647
3996 6555 5191 6716
3996 4833 5546 6490
6805 732 8584 1154
9843 4035 9980 8725
