422 8711 2828 9076
1706 8270 2828 8711
9589 987 9612 6608
4719 924 4941 3463
3769 506 5863 924
602 188 912 2111
0 6823 422 9076
2828 7708 4105 7858
8239 71 9308 841
4737 5265 6993 5524
9108 7640 9392 8867
1231 3953 1348 4070
6226 8867 9392 9317
7951 2930 8194 4498
7548 5941 9151 6390
5868 8389 6226 9317
0 3 2805 21
1777 9270 2174 9319
2828 8012 3179 10000
1559 4998 2891 5809
6376 6608 7073 6886
7608 2252 9205 2359
5863 3670 6366 3943
7540 987 9238 2012
540 6823 907 7475
4425 8389 5868 9382
9268 9645 9988 10000
9897 21 9985 9645
5215 7263 6838 8012
2542 2536 3193 3013
0 38 6666 71
4905 6074 5569 6202
8217 2930 8249 3468
3779 5924 4205 5946
987 6981 3610 7239
6993 4501 7538 5099
3193 1041 3531 2715
3009 1041 3184 2501
0 5468 938 6823
987 7239 5569 7263
5863 506 6313 2038
1386 5824 1607 6981
4737 5916 7663 5939
1806 7355 2825 7619
3179 8150 7011 8341
3531 188 3769 2715
6838 7309 9030 7640
912 2082 1209 3295
9674 71 9823 7263
482 71 602 2111
7011 8150 8268 8867
5569 5941 7532 6608
4737 5524 8346 5916
2226 9076 2828 9995
3769 323 6366 396
1706 7708 2828 8270
3819 3013 3911 3122
4941 924 5086 3463
2891 4998 3610 6963
4737 4695 5074 5248
7906 9645 9125 9987
912 682 1275 2082
5868 9317 9105 9571
1209 3153 4235 3295
7201 2252 7608 2570
1275 188 3120 1041
6385 2570 6533 3869
357 4081 4280 4446
6366 323 7201 2570
912 3295 1221 3927
1572 9076 1599 9782
3179 8341 4425 9382
0 9076 1572 9473
5082 4695 6173 4967
3769 396 6366 506
1801 1263 2542 3013
9392 7640 9823 9645
8249 2930 8335 5490
422 7708 1706 8711
6226 8389 6999 8861
1559 4703 2530 4998
79 516 482 1715
3120 309 3419 408
748 2111 901 2837
2201 3295 4235 3463
6838 7640 9108 8150
1801 1041 2542 1263
1209 2082 1801 3153
9985 21 10000 9645
8446 4192 8501 4655
7407 987 7540 2012
7407 2012 9077 2240
7073 6608 9674 6880
4737 4081 5045 4639
0 2111 748 3224
3179 8123 5826 8150
20 3656 357 4192
357 3224 912 3943
8346 5397 8741 5560
3769 188 7201 323
8807 4234 9169 5469
4425 8341 7011 8389
5086 924 5863 3463
989 4447 1386 6956
2542 1041 3009 2536
8268 8150 9108 8867
2913 7263 5215 7708
4581 4670 4737 7239
1559 4608 4719 4670
0 9473 1572 10000
1386 4447 4505 4604
9612 987 9674 6608
8346 3719 9041 4135
4205 4670 4581 5985
6822 2570 6993 5265
7073 6880 9657 7263
9238 987 9589 6608
2201 3463 5863 3943
1475 1041 1801 2082
1448 5242 1559 5824
6993 2930 7951 4501
3179 8012 6838 8115
3769 924 4235 3013
1275 1041 1475 2082
3610 6181 4347 6278
6993 2570 9238 2930
602 80 6629 188
9823 71 9897 9645
3194 9382 5868 9988
1613 9076 1777 9989
7201 188 7407 2252
3361 2715 3440 2897
5863 2660 6366 3670
6533 2570 6822 5265
7808 884 8085 987
3123 679 3531 1041
1607 5824 2821 6968
912 188 1275 682
1888 3943 6366 4081
4235 924 4710 3253
