2156 9513 2905 9990
8394 0 8450 1560
5395 7499 6319 9667
8873 8637 9729 10000
454 6325 1411 7291
3197 8862 4753 9952
0 3534 289 7291
5470 6251 6003 7206
0 0 1215 2029
2972 3880 4809 4175
7969 5287 8083 6384
4862 3880 5737 4979
3503 4962 4740 5287
8267 1560 8387 3224
0 8704 842 10000
9017 7138 9475 8637
2972 0 3761 3751
1215 1452 2972 2029
5924 5287 6161 5845
9595 0 10000 3339
2226 5287 3197 7201
2226 2029 2807 4727
4940 9667 8772 10000
8772 6573 8786 9800
2019 2029 2201 6256
8492 4518 8772 7591
8772 4518 9599 6573
2972 3751 3761 3880
4940 6738 5391 7461
303 3534 2019 4085
8786 6573 8873 10000
8450 0 9595 1560
289 3534 303 6312
842 9513 2156 10000
4800 6006 5470 6222
0 7291 284 8704
1215 0 2972 387
842 8704 1416 9513
6730 1560 7964 1853
9729 6554 9981 9872
2585 7201 3140 8988
1215 387 2972 1452
5816 1853 6723 3037
6723 1853 7852 1929
1488 6290 1873 6312
9599 4707 9971 5141
3761 0 8394 528
2972 4209 4862 4742
5737 3104 7955 3422
7964 1560 8267 4518
3761 1853 5398 3394
4940 9214 5369 9379
7562 3462 7933 4457
7284 3462 7455 4041
6730 528 8394 1560
9599 6554 9729 8637
3761 1014 6730 1853
3761 528 6730 1014
6319 7591 8772 9146
8159 4518 8492 7591
4862 4979 7433 5215
6349 6640 8159 7591
8460 1784 8753 3031
6319 9146 8772 9667
0 2677 2019 3534
5737 4599 7538 4913
1416 6312 2226 9513
284 7291 1416 8704
1488 4086 2019 5419
3197 5287 4758 6738
8389 3339 10000 4518
303 4085 1138 5918
0 2029 2019 2677
