6667 3254 7227 4417
8081 1839 9581 3254
3002 7271 3265 8585
5208 3957 5758 4704
1901 1761 2600 2581
5208 5673 9581 6486
6122 823 9740 944
910 1380 931 8591
2678 1761 5758 2320
910 95 7273 298
0 95 480 2296
1741 4706 5208 6241
9426 3254 9581 5673
3643 9548 6736 10000
7227 3254 9000 4501
0 0 7273 95
6122 508 10000 823
931 1380 5758 1761
3985 6517 4701 7020
4023 8789 6356 9169
0 2296 338 5557
0 9440 1828 10000
5208 2320 5758 3957
1001 442 3004 819
5758 838 6122 2737
3370 7788 6817 8726
3370 7021 9032 7788
6736 8774 9033 9701
931 4123 4088 4706
6122 298 7273 508
5208 6486 9032 7021
1830 7021 1976 7526
6122 944 9740 1828
480 95 910 8591
6885 7788 9740 8774
5279 4704 5983 5646
910 298 2295 388
931 8363 1733 8376
8510 4704 9426 5673
2795 9184 3428 9863
9581 1828 9740 7788
931 4706 1741 6241
910 838 5758 1380
2678 2320 4088 3674
931 6241 5208 6396
5758 2737 8081 3254
5758 3254 6127 4704
4088 2320 4386 4706
9032 6486 9581 7788
0 8791 1665 9356
9740 823 10000 10000
7944 2253 8081 2320
5983 4906 8510 5673
1557 2957 2678 3324
6122 1839 7687 2675
7273 0 10000 508
931 3674 4088 4123
3290 6396 4339 6508
2016 7021 2943 9183
5181 9287 5307 9548
5983 4723 8115 4906
6122 1828 9300 1839
4386 2320 5208 4706
3005 738 5962 838
