5259 4167 5498 4834
7562 7936 10000 8829
1814 5016 2937 5374
2781 3752 3274 4684
7245 9685 10000 9831
6503 4198 7702 4987
1884 1152 2780 4759
4625 6106 5357 7426
5246 2006 5578 4167
4992 9610 7245 9831
4856 9010 5812 9129
2854 8714 7178 8829
9227 4159 9413 4508
1567 1152 1884 4893
4992 9191 6585 9610
2780 2848 3261 3752
7578 1636 9215 2922
4224 1934 4315 4669
1372 5735 3201 6023
6575 5671 6980 7089
0 6993 375 9675
3779 9191 4992 10000
4188 7426 5357 8448
8220 2957 8353 3631
2854 9018 4831 9191
5357 5671 5746 6336
4982 2006 5246 5040
3789 1152 3854 5230
9243 1636 9773 2934
1884 4759 3318 4963
2854 8829 10000 9010
6743 3565 7560 4133
6086 0 6433 450
375 8910 1188 9674
8644 4986 9061 5040
5357 7936 6523 8253
1469 7371 4188 8172
4982 5040 9447 5300
7695 2957 7767 4170
417 2853 886 4732
2854 9191 3779 10000
9779 1636 10000 7922
8195 6561 8932 7563
375 6993 1189 8910
8331 750 10000 1636
8382 5300 9733 6045
0 5290 705 6993
4224 7076 4625 7426
8331 0 10000 750
5746 5671 6575 7089
3432 0 6086 356
1195 6716 2951 6717
1469 8448 6543 8644
5037 1014 5522 1939
3467 8172 4144 8411
5746 7089 8195 7820
9733 6641 9762 7891
6433 13 8208 428
3318 2695 3504 4748
8932 6045 9718 7547
6585 9010 7245 9610
8820 7563 9157 7711
3202 5671 4188 6717
1372 6023 3202 6716
4992 9831 10000 10000
1469 6717 4188 7371
5789 1014 6503 5040
4315 5300 8382 5671
0 9675 2854 10000
5578 2006 5789 4167
7245 9010 9664 9685
8195 6045 8601 6489
9447 3533 9726 4056
0 2313 417 5290
1246 602 3860 1152
9664 9010 9988 9675
4315 1152 4982 5300
1469 8172 3266 8386
1189 6717 1469 9675
4188 5671 5357 6106
0 224 801 2313
7039 8396 7065 8653
1469 8657 2854 9675
6503 450 8331 1636
6648 7936 7550 8241
4982 450 6503 1014
5357 6336 5631 7593
5357 7820 9733 7936
8130 5671 8201 5972
705 5290 1189 6993
6980 6045 8195 7089
6503 1636 7072 1737
1189 1152 1372 6716
