5847 61 8975 275
3192 8047 6712 8095
985 1520 1201 9429
2262 8291 2390 8503
7578 275 8975 569
1192 630 6506 803
7420 1756 8060 2534
6587 5491 8030 5999
3192 4455 3568 8047
3634 598 4083 630
0 0 1192 1300
3409 2708 4802 3072
1335 1799 6515 1961
6587 2555 7375 3690
0 1375 524 6268
5075 8221 5476 9719
2768 3844 3022 8120
1733 2232 5911 2394
8070 5253 8720 5424
7681 9202 7972 9921
1192 0 9623 61
9623 0 9729 2398
0 9429 5075 9853
3568 4796 3914 5862
3029 3844 4651 3938
8060 2498 9773 3011
698 1375 3494 1520
8057 6348 9833 6706
3568 5862 5717 7764
8060 1649 9504 2398
1196 1044 1991 1253
5719 3586 6253 6540
1301 61 5182 391
8368 7950 9884 8037
1201 8534 4714 9257
5190 3426 5719 3844
2428 7289 2693 8470
6813 3690 7047 5286
8975 61 9504 1138
6740 8579 7681 9074
8057 7617 8368 8760
1733 6977 2622 7283
7578 569 8975 1138
5911 2232 6272 3426
9833 3504 9998 6434
8057 6706 9833 7178
5719 6540 6272 7409
3413 2394 4859 2554
8060 2398 9729 2498
0 1300 3494 1375
8557 1138 9153 1632
6272 6474 8030 7765
4802 2670 4859 3844
4537 8221 4880 8506
4651 3844 5719 4508
9773 2498 10000 3504
6698 9336 7572 9967
1201 1662 6515 1799
172 6268 225 8151
3568 7765 6712 8047
7375 3011 8057 3162
3409 2554 4857 2670
7047 3690 8030 5286
1201 9286 4758 9429
2678 4406 2707 6649
6515 5999 8030 6474
2304 2394 3409 2915
4859 2394 5190 3844
6622 1533 7360 2555
6712 7835 7481 7943
8720 4476 9833 6348
9687 8337 9988 9713
1526 2232 1731 7264
225 6325 391 8151
1733 3072 4747 3844
1335 7619 1524 8408
698 1620 774 4263
172 8151 524 9429
7375 1138 8557 1649
1490 832 3328 987
5485 8221 6651 9661
1917 7289 2172 8062
0 9899 6698 10000
8720 3011 9773 3504
3494 1044 6087 1116
3568 4455 4651 4796
3192 4094 4651 4455
3192 3938 4651 4094
6587 642 7564 1138
0 9853 5485 9899
6846 275 6905 577
2012 3844 2678 6977
8057 3011 8720 5253
3409 2686 4400 2708
6587 5286 8030 5491
3054 3938 3192 7905
1784 5185 2012 5791
5719 7409 6272 7765
8057 8760 9687 10000
5190 2394 5911 3426
9504 61 9623 2398
8030 3690 8057 8221
8057 7288 9720 7483
6272 1961 6515 6474
7375 3162 8057 3690
6515 1520 6587 5999
1335 2897 1443 4698
785 1520 985 9429
1201 1520 6515 1662
8464 7617 9005 7672
1201 1799 1335 8534
524 5397 533 9416
0 6268 172 9429
552 1613 698 5230
8720 3504 9833 4476
3029 8095 8030 8221
1335 1961 6272 2232
4651 4508 5669 5634
3914 4796 4259 5585
6644 3690 6813 4223
8368 8037 9687 8760
9729 0 10000 2498
698 4263 785 5397
