6666 2141 7089 5064
5201 5206 6560 7983
9585 5327 9996 6834
1645 2237 4695 2440
6582 0 8055 1145
1505 0 3621 1902
6346 2141 6655 4382
7089 4432 9463 5151
7089 3072 9463 3584
6655 5151 9463 5480
76 1497 317 4002
5377 1902 6295 4462
8056 0 10000 1059
6295 1145 8056 2141
9585 1059 10000 5327
6655 6848 8259 8118
7300 8157 7785 8500
3357 7465 3788 8461
8056 1059 9585 1562
4145 8500 7875 9258
895 8207 2622 8446
1645 2440 4695 3744
3621 1145 3753 1902
4006 5941 4526 7359
7089 2141 8056 3072
2622 4512 4006 7430
317 8446 2411 9545
7089 3584 9463 4432
6253 4599 6645 5091
1645 3744 2622 8207
2666 7430 2899 8299
3139 3744 3851 3955
3753 1145 6295 1902
2622 4041 3891 4512
5717 4462 6253 5049
317 5162 842 5769
4006 3955 4695 4643
9463 1562 9585 6848
3621 0 6582 1061
4695 8118 7229 8490
3621 1061 6582 1145
6655 5480 9463 6848
1523 1902 1645 7834
3796 1902 5201 2237
4695 2237 5201 8118
8259 7004 8276 8860
2909 9298 9444 9962
895 3676 1317 7658
5201 1902 5377 5206
8280 6848 10000 9298
358 7390 798 7473
1645 1902 3796 2237
317 0 1505 3676
8056 1562 9463 3072
