7291 1243 7638 3641
3324 3511 4062 7928
9049 281 9770 1907
4062 4359 5023 7928
877 9776 9405 10000
877 9304 1624 9776
2379 4854 3015 5727
1624 9304 8060 9776
1644 6116 2264 7813
776 4965 2379 5810
6234 281 8435 616
5241 0 6024 3845
731 1082 4068 1489
6828 8386 7945 9303
9419 1907 9766 9349
3049 3511 3324 6997
7291 912 8118 1220
5143 4495 5207 7773
1187 2892 3048 4804
0 5810 877 10000
2294 7928 4835 9304
8060 5851 8454 7294
1474 6116 1595 8425
7291 3641 8454 4508
5330 7928 6000 9104
1839 693 4260 1082
877 5810 2294 6116
731 2290 2923 2881
6587 5851 6827 9281
2294 5810 3047 7592
3048 2290 4062 3511
4062 3845 5219 4359
8260 9159 9208 9776
6234 616 8454 912
877 6267 1463 8538
6234 912 6650 4508
4260 0 5241 3845
4835 7928 5179 9297
8454 2830 9273 6216
6650 912 7291 4508
6024 4508 8454 5851
9770 0 10000 10000
6036 0 6234 2980
104 2991 731 4637
877 8538 1474 9304
731 1888 4260 2290
7638 1243 8454 3641
731 1490 4260 1888
6024 5851 6587 9304
8060 7294 8254 7923
6828 5851 8060 8386
5219 3845 6024 7928
0 0 1839 1082
4062 2290 4260 3806
8454 281 9049 1907
6234 85 8747 281
1839 0 4260 693
5023 4359 5142 7796
