806 5655 5751 5709
7455 7533 7565 9510
6396 2578 6913 2616
5576 1506 7401 1725
7565 5051 7782 9510
1581 1013 3514 2127
6373 5051 6991 6758
5425 6758 6991 7533
9623 2663 9775 4406
2723 2127 3514 2861
6368 9159 7111 9564
6373 4619 7782 5051
9130 7587 9755 8360
2696 8600 4655 8944
357 4814 2800 5564
0 0 104 9915
4897 3062 6013 3709
8700 4316 9459 4411
4277 1327 5302 2623
7401 1506 9283 1827
6175 394 7062 459
6991 5051 7251 7261
104 6378 806 7533
4241 4527 6972 4619
133 7592 626 8509
4241 4154 9623 4316
7455 9510 8720 9720
109 4721 290 5078
5961 1827 8572 1840
307 5655 806 6378
7439 4442 8080 4531
191 379 1581 1750
8720 4417 9787 6045
6201 2663 9623 3062
5971 5092 6323 5649
2958 2861 2994 3178
5751 5655 6373 6427
3152 5709 3668 6705
2800 4532 4241 5031
7402 3062 9623 3773
8967 379 9283 1506
5302 1327 8967 1506
307 2166 1524 2626
9130 8637 9820 10000
4488 7533 5181 8133
8247 4417 8720 9510
7112 621 7113 1131
4488 8137 5177 8508
4241 3267 4522 3789
7647 3773 8904 4100
2470 7533 4488 7816
7782 4986 8247 9510
8739 8076 8966 8103
1048 39 4641 219
806 5709 2319 7533
307 2870 2167 3094
3668 6427 6373 6758
5184 7533 7455 8534
104 2127 307 4721
9283 39 10000 1842
8720 6045 10000 6503
3668 5709 5751 6427
3869 6758 5425 7533
2800 5301 5971 5655
4832 8508 5184 9915
9787 3183 9986 4884
890 3094 2800 4814
8046 4646 8241 4986
2994 2861 3582 4532
4614 4724 6358 5031
5184 9159 6121 9649
104 9507 4832 9915
4277 1131 8967 1327
838 156 1048 379
2800 5031 5971 5301
8993 6503 9820 7587
2696 8944 4832 9507
6913 1842 9787 2663
9005 7587 9130 8855
1048 0 10000 39
3582 3062 4241 4532
3142 6758 3869 7533
6013 3062 6282 4154
626 8060 4299 8505
0 9915 5059 9987
5302 1842 6201 3062
9820 6998 9944 9982
2494 8673 2696 9326
2319 5709 3142 7533
5184 8534 7455 9159
307 2626 1813 2854
4435 2623 5302 2852
749 4457 873 4676
307 3094 749 4814
3582 2861 5302 3062
7270 5051 7560 7330
5184 9720 8993 10000
1581 379 3514 1013
3514 379 4277 2861
1618 2127 2723 2621
6282 3062 7402 4154
