7781 5505 7908 8681
2750 3251 3299 8158
367 1400 2813 2631
7367 0 7959 3206
5788 3930 6877 6256
3871 3251 3884 5898
9360 2093 9841 2797
1529 7145 2500 8081
1529 3790 2506 7145
0 9382 7657 10000
8236 7141 8335 10000
4644 3930 5788 6256
7959 0 8969 4749
6877 5505 7630 6189
3299 7156 6877 8158
5684 6256 6867 7127
5111 2669 7367 3206
8969 192 9840 1166
6877 7084 7653 9351
0 5614 1529 8158
2813 2151 7367 2643
6877 3206 7959 4749
3368 8158 5920 9382
0 8158 3368 9382
0 2643 3977 3251
8335 7141 8383 8840
6877 4749 7512 5505
2415 10 3409 31
2506 3790 2750 8158
7908 4749 8969 7141
9360 3282 9868 9455
5920 8158 6877 9382
4276 92 5470 2151
0 3251 2750 3790
0 3790 1529 5614
2813 31 4276 941
3299 3251 3871 7156
5629 0 6316 2102
7908 7141 8236 10000
3977 2951 4727 3186
8969 2093 9360 9455
579 385 2660 1345
4032 4426 4644 5747
5162 6256 5578 7145
8446 8113 8793 8690
6524 376 7334 843
9868 0 10000 9455
4994 3206 6877 3930
8446 9455 9901 9991
8969 1389 9748 2089
2813 1612 4209 1974
2813 941 4276 1612
