3487 3753 3576 4582
6173 3788 6291 3877
0 6832 756 9677
1534 4417 2515 4547
6304 3537 7913 4129
2114 2950 5695 3187
873 7466 2373 7781
1426 4986 4764 5259
2055 5265 2536 5554
6304 4129 6635 4771
4008 1187 7923 1718
5566 6969 6173 7630
2898 1860 7083 1962
2488 6684 3087 6820
4008 0 4585 1187
4384 5862 5894 5990
2850 1718 7083 1860
1967 3753 3290 4010
873 3221 1014 6605
1967 4010 3290 4389
1967 3510 6173 3753
5310 6969 5566 9452
873 8056 1339 8432
6304 6256 6628 9452
8127 5956 9090 6533
2488 6409 3087 6684
6637 4155 7530 4817
1525 5278 2055 5726
756 9452 3304 9663
6621 2989 7022 3346
4384 6936 4756 8056
0 9677 6462 9843
2488 7651 4113 8056
2850 317 3853 1025
1014 6498 2111 6605
3781 6820 4096 7532
2648 5265 4244 5674
4113 5873 4384 8056
4780 3753 5869 4892
1014 4417 1292 6498
909 317 2850 557
6304 5882 7581 6256
2373 6409 2488 8056
7872 8790 8001 9358
7581 4129 7923 7827
873 6605 2073 7466
2111 5874 4100 6078
480 771 638 1600
4437 5341 5753 5862
4585 765 7488 1187
1014 3221 4995 3319
407 546 900 766
7083 2030 7826 3379
6304 4817 7581 5882
0 5146 749 6808
4384 5990 5894 6936
1864 820 2205 1724
8180 4293 8666 5904
0 2390 1033 3221
9311 8527 9365 9824
1014 4389 3290 4417
8149 3151 9740 3553
2993 5736 3443 5873
4756 6969 5310 8056
2189 1860 2898 2264
7579 7827 7593 8350
8149 2373 8837 3151
5894 3753 6173 6936
1864 557 2391 646
873 7781 2373 8056
0 3221 571 4513
8837 2393 9028 3119
8149 3553 9740 4293
1014 3349 3057 3487
2373 6078 3087 6409
8871 2086 9602 2093
5566 8737 6304 9452
3286 3359 5091 3510
756 8470 1859 9452
1426 4601 3392 4929
8666 5255 9599 5646
0 9844 9599 10000
909 0 4008 317
2242 1460 2814 1765
762 4513 873 8375
571 3221 873 4513
2114 2390 5933 2785
4604 8056 5200 8695
8666 5646 9318 5934
3652 8056 4604 8449
1292 4417 1426 6498
1426 4985 4065 4986
2898 1962 5933 2270
8417 38 8935 1187
7923 1187 8837 1508
5566 7630 6304 8737
2111 6078 2373 7466
9599 6543 9742 6590
9740 1187 10000 5255
3087 6078 4113 6820
2114 2785 5141 2912
8666 4293 9740 5255
1014 3510 1967 4389
9828 5255 9892 6798
4756 6936 6173 6969
7488 0 8377 1123
7940 1508 8127 5465
9049 2340 9490 3129
418 0 909 543
8128 1508 8149 4996
1859 8744 5080 9417
6994 6268 7581 7775
2488 7417 3781 7651
0 4513 756 5146
8149 1508 8837 2373
3290 3753 3487 4601
4585 0 7488 765
1033 2390 1980 3207
3641 3753 4266 4358
3415 8449 4064 8722
2073 6605 2100 7019
5933 2102 6114 3465
21 0 407 1718
1859 8056 3652 8449
909 557 1864 1860
0 2270 5933 2390
1426 5726 2111 6498
2488 6820 3781 7417
8001 8790 9311 9844
