9146 4419 9584 5000
8809 2618 9044 3936
9114 2618 9970 3998
3377 2076 5379 2871
2779 8292 3530 9157
3759 8292 4701 9372
8469 1784 8990 2618
729 8879 1690 9387
0 0 108 9407
8249 5807 9482 7836
3780 7365 4728 8189
7772 3861 8249 5284
1176 2539 1730 2798
4728 7494 6042 8667
9482 5004 9799 7493
3320 6109 5322 6785
5399 5364 6097 5711
880 53 1211 120
6247 6785 6689 9407
1220 4829 1771 8725
6180 1185 6408 2897
7977 8190 8842 8938
2737 773 4666 2076
108 120 323 9407
4728 7365 6230 7468
6363 3768 6616 5355
2737 4072 6363 4829
2740 120 3654 530
7527 5284 7977 8938
2737 3768 6363 4072
7212 8938 7868 9751
7977 5284 8249 8190
8809 5400 9394 5807
3130 2897 6219 3740
729 4829 1015 8296
6275 530 9578 1185
8346 7836 8725 8184
5379 1185 6180 2897
380 1636 729 6982
6408 1186 9411 1762
5379 530 6275 1185
2737 2103 3115 3768
1771 5084 5322 5664
0 9837 2102 9938
8249 1762 8469 5807
323 120 2737 1636
7772 2897 8249 3861
0 9407 6163 9827
8842 7836 10000 10000
9578 530 9747 2263
1771 5664 2012 8422
8469 2618 8655 5380
7174 5284 7527 6905
3320 6785 6247 7365
729 1636 1730 2539
729 3767 2737 4829
6941 2897 7772 5284
2045 5664 2638 9407
6408 1762 8249 2897
3654 0 10000 530
5322 4829 5993 5317
1730 1636 2737 3767
3320 5664 5322 6109
1771 4829 5322 5084
6941 7388 7458 8611
6689 2897 6941 9407
2638 5664 3320 8292
7868 8938 8842 10000
