5816 4340 6635 6623
3054 2354 3595 5194
517 151 916 1013
2190 2354 2580 7961
7932 3827 8009 4002
3650 2354 3750 4960
3826 2354 4366 2566
48 2035 161 4018
2217 8676 3256 8684
1045 5180 1826 8150
161 3786 741 7392
8057 2485 9439 3893
7063 276 8057 1185
3051 5565 5511 7306
3750 3469 5816 5117
3560 7427 8867 8150
4429 1185 8057 1586
8057 312 9840 749
1045 3985 1826 5180
2190 1739 3641 2053
2219 8433 4837 8672
38 698 514 1378
8053 8150 9781 9135
2190 855 4429 1739
7932 4002 9716 4312
3750 3049 5480 3469
4429 855 7063 1185
6635 5666 7648 6623
8057 749 8873 2485
8867 5596 9761 8150
2611 7306 3560 8150
161 2035 1045 3786
257 7392 690 9183
3560 7306 5815 7426
2217 9668 5615 9961
4429 1586 5393 1671
6188 151 7063 855
5511 5238 5757 7171
7648 3469 7932 6623
2700 2354 3051 5190
908 3786 1045 8150
8873 749 9861 2457
5484 8180 5967 8433
5589 9022 6734 9665
19 1541 1499 2023
9892 197 9983 7599
1687 2035 1826 3082
883 9538 2217 9735
4366 1739 5480 3049
5967 8150 8053 8433
514 0 9866 151
0 1378 1826 1541
7063 165 8068 276
5816 3469 7648 4340
4837 8433 7255 9022
7255 8433 8053 9668
5816 6623 7932 7427
8053 9382 9660 9648
3814 5117 5385 5455
1826 855 2190 8150
6635 4340 7648 5666
5480 1957 6767 3469
7932 4322 8785 7276
6767 1957 8057 3469
1826 151 6188 855
5480 1586 8057 1957
741 3786 908 8433
1076 3921 1463 3985
9781 2485 9816 7892
