2671 8853 3808 9810
2608 5287 6916 5741
7598 6760 9487 8517
1473 9038 2671 9384
8039 5966 9213 6760
1456 951 2507 1411
3201 7807 5772 8853
7976 2557 8614 4752
9026 0 10000 3952
9487 6760 10000 9810
6826 6423 6916 7124
6916 1230 7741 3213
776 7733 4929 7807
1602 3820 2515 4525
6442 1230 6916 4128
2172 8342 2930 8808
8614 3952 8757 5966
3595 1705 5757 2861
9213 3952 10000 6760
735 3820 1113 5043
6442 4128 6909 5258
1056 850 1433 3820
0 8106 439 9695
0 7213 2768 7697
154 6323 2069 6763
2304 5741 5137 6166
717 7807 3201 8342
3203 7334 5066 7656
6916 3928 7733 4162
0 3820 154 7213
5772 8384 7598 8853
3595 2884 5511 3886
562 8342 2000 8839
5289 9302 8463 9810
2768 6323 3203 7697
3595 3918 6442 5287
5796 617 6245 1862
6916 4162 7598 8384
7598 8524 8461 8853
1433 1411 5626 1700
6337 6666 6799 8359
0 0 5796 850
6442 617 7563 908
562 9442 2624 9720
154 5079 1623 5730
0 850 1056 3820
8614 617 9026 3952
3203 6323 5852 6795
2930 8342 3156 8628
216 6266 391 6323
154 6763 2768 7213
612 7697 717 7954
3808 8853 5289 9810
6105 3323 6442 3885
5289 8853 8463 9302
5852 5741 6337 6795
7751 6135 7950 6760
8757 3952 9213 5966
2597 850 4746 1285
7598 4162 7734 5442
6337 5741 6770 6383
3203 6795 5772 7334
8463 8517 9485 9776
154 3820 735 5079
0 9810 10000 10000
7629 40 8033 617
2859 4164 3595 4256
7440 981 7751 1142
1433 1705 2575 3749
5772 6795 6337 8384
