7299 8635 8336 9634
5975 7201 6321 9634
4680 1480 6800 1595
1363 5383 5364 5468
5072 7162 5415 9936
1874 6402 2343 8560
7638 2960 7942 3087
9859 2944 10000 7233
21 1078 234 3500
2343 6402 4544 7121
7299 6114 9667 6212
662 2398 1363 2940
234 1187 6431 1480
234 1480 4680 1595
3902 7379 4192 8227
0 5953 6321 6402
6393 8210 7120 8440
7837 6519 8226 6822
9098 0 9260 1282
4024 3938 5340 5364
7509 1151 7857 2212
6800 736 7509 2944
8342 1723 8554 1798
0 5503 6318 5713
8569 2944 8949 5602
2418 1595 3695 2944
1542 1758 2399 2922
5787 6402 5975 9634
2343 7162 3302 9559
8174 1798 9316 2944
5394 86 5680 393
0 6806 1857 8096
0 9955 10000 10000
0 8096 1874 8560
5680 0 6800 804
9316 0 9826 2944
3302 7320 3700 7904
2099 3087 4024 3400
3695 2587 6274 2853
7755 3410 7807 6082
9826 0 10000 2944
2228 8734 2299 9411
4024 3087 5340 3854
2748 3400 4024 4915
5975 6405 6257 7201
1363 4915 4024 5383
6115 3410 7754 5503
7864 109 8880 736
3695 1595 6711 2570
8226 6216 9029 7148
1777 8560 2228 9559
4226 7162 5045 8609
7807 5602 9859 6114
0 9559 3645 9939
2099 2944 7557 3083
1654 3051 2099 4466
0 5713 5221 5953
8336 8104 9286 9785
2099 3400 2748 4915
9777 3469 9859 5307
8949 2944 9725 5602
7676 736 8174 1137
933 1595 2418 1732
5415 9785 10000 9955
9457 6236 9648 7233
5863 3410 6115 5341
6321 6390 6987 7953
7299 8104 8336 8635
0 804 5761 1078
8174 767 8696 1720
643 2940 1357 5285
5415 6402 5787 9785
5787 9634 8254 9777
4670 6402 5407 7097
5340 3087 8569 3410
86 6402 1874 6731
3772 9488 3855 9951
1588 403 5423 804
5761 804 6800 1186
9286 7233 9849 9785
6321 8440 7299 9634
8084 7335 9121 8104
7299 5517 7670 6092
0 0 1580 791
7979 3410 8569 5602
0 8560 1777 9559
320 1758 643 3674
7807 3410 7979 5602
3302 7904 3772 9559
9849 7233 10000 9785
234 1078 4973 1172
