7083 1562 7999 2716
5201 5090 6310 8493
9151 4595 9996 5328
1167 2177 4692 2369
6463 627 9632 1145
1167 1410 3882 1969
6468 1145 6655 4848
7083 4432 9151 5297
8982 1145 9407 3709
7121 5297 8236 6157
0 3676 501 4881
5462 1969 6248 5088
6252 13 9783 627
6655 1145 7083 8499
9632 627 10000 4432
7083 6163 8140 8346
3358 8499 8111 8534
2860 8112 3358 8974
7087 1152 8982 1562
4085 8541 7875 9287
1167 7262 1552 8343
1167 2369 4692 3523
2516 1327 3739 1410
3358 7358 5015 7803
7083 2716 7999 3709
2622 4512 3850 7358
798 8343 2622 9298
7083 3709 9632 4432
6326 5090 6523 6069
1645 3523 2622 8343
2622 7666 3076 8112
3850 3533 4206 3955
1404 581 6181 1293
2622 3652 3317 4512
6252 2920 6398 5075
554 5768 698 7981
4244 3955 4548 5526
9407 1145 9632 3709
0 0 6252 553
3521 7844 4987 8487
6324 627 6463 2432
8266 5297 9151 9298
1352 3523 1645 5993
3882 1716 6061 1945
4692 2177 5201 7358
8237 7772 8266 8860
2909 9298 9444 9962
798 3676 1160 8318
5201 1969 5442 4394
9151 5328 10000 9298
710 7058 798 7473
1167 1971 5011 2177
0 553 1167 3676
7999 1562 8982 3709
