8108 7076 9791 7234
3784 7904 4294 8187
976 2319 1535 3632
8965 7234 9497 7711
4752 8234 5241 8819
957 8187 2671 8387
4817 9436 5259 9734
8362 2809 9884 2967
957 8387 2671 8590
6011 6375 7052 6892
5126 6664 6011 6892
1949 9486 4505 9756
9237 403 9665 884
8362 2334 9918 2809
8557 3052 8903 4244
7736 5166 9037 5605
7072 4745 7496 5042
340 4744 375 5191
8853 4244 9579 5166
7736 5605 9918 5975
1878 2620 2070 3384
814 2230 7232 2319
2070 2319 2696 3028
7232 2334 8362 2574
6058 2319 6424 2673
5959 1008 6516 1234
6406 7342 7485 8111
4623 2740 6987 2780
6399 1380 7742 1923
3542 1353 3901 1831
4314 4508 6652 4615
1469 7162 1480 7591
8965 8334 9431 9266
5823 8956 7595 9080
4623 2782 6699 3224
2696 2449 2899 3028
5326 3288 6016 4508
3133 4044 4120 4329
375 103 839 1222
2824 4852 6086 5148
8113 3288 8362 4615
3448 648 3492 1292
5341 199 5959 549
8712 254 9211 403
3537 5166 4651 5213
1878 3384 4503 3629
5607 8234 5813 9861
1054 1699 3542 1913
8638 884 8967 1956
8638 403 9237 884
1235 4100 3000 4349
2000 1370 3273 1571
8362 2971 8544 4615
375 5676 486 8742
3304 9209 4520 9385
5 7239 151 9458
515 5676 914 9300
2285 4745 7021 4852
957 6691 1469 8187
3553 7672 5187 7861
4171 199 5341 540
1535 2620 1878 2993
192 7797 217 9466
8965 9266 9431 9668
7232 2574 8362 3258
8070 6242 9483 6375
1632 346 1795 1133
3779 2449 4623 3258
2696 2319 6058 2449
914 5676 956 8276
2007 346 2390 499
814 5063 955 5526
9037 5166 9586 5605
9497 7234 9918 8637
6016 3723 6652 4508
8965 7711 9431 8334
7052 6375 7955 6615
3901 1380 5212 1831
1235 4745 2285 5131
1235 4633 7496 4745
3542 2108 7225 2230
5959 199 6096 1008
4166 5676 4428 6892
6243 5975 9143 6176
839 311 1223 1222
3480 549 4529 640
1535 2993 1878 3632
3901 1353 7975 1380
8903 2971 9572 3890
5254 8774 5535 8830
2070 3028 3779 3258
5077 6375 6011 6664
5277 6892 6405 7625
5823 9082 7214 9603
375 9385 4288 9484
151 9756 5607 9973
635 1222 1632 1699
5823 8764 7529 8909
7485 7342 7955 8111
2671 8187 3304 9385
635 1699 814 3877
5182 5177 7278 5258
4618 3288 5326 4508
976 5429 5077 5583
6096 218 8417 334
5793 7672 6406 8111
1235 4349 4314 4633
7975 1598 8556 1901
8108 7785 8916 8223
4428 6300 5077 6892
9665 403 9842 1450
1223 3699 2862 4100
9586 2971 9900 5534
6016 3317 6313 3723
4314 4044 4618 4508
8039 3288 8113 4301
375 3877 814 5676
3304 8366 4391 9209
7505 9082 7915 9983
814 2319 976 5063
7975 334 8638 1598
5823 8234 7741 8688
4428 5676 5077 6300
7955 6879 8108 8111
9497 8637 10000 8886
814 5583 2637 5623
8995 916 9384 1979
331 0 839 103
1535 2337 2060 2620
5077 6242 8070 6375
5212 1380 5260 2043
3000 3632 4618 4044
398 1288 635 2886
976 3632 1190 5383
1469 6892 2029 7162
6086 5056 8853 5166
7080 6615 7362 6868
7232 2108 9918 2334
5077 5498 6010 6242
6493 2319 7232 2708
6406 6892 7955 7342
4413 7653 5580 7672
2285 5258 5800 5392
4623 2449 5945 2724
4606 7927 5793 8201
2080 5676 2340 6659
0 0 331 7239
7915 8234 8965 9668
0 9973 3329 9993
3931 663 5936 1353
2295 3288 4141 3379
4627 8839 5579 9349
4314 4615 5665 4629
7266 334 7975 1353
8108 6879 9483 7076
8544 4244 8853 4633
6652 3288 7933 4615
957 5676 1450 6583
1235 5131 2285 5429
6096 334 6984 1008
7955 6375 9483 6879
1632 199 4127 346
6985 334 7266 928
4520 8234 4625 8855
6277 5422 7736 5812
9791 6242 9918 7234
914 8590 2671 9385
2774 5676 4150 6858
2899 2449 3779 3028
9497 8886 10000 10000
839 0 10000 199
9483 6242 9791 7076
151 9486 1884 9719
8626 9668 9483 9763
5793 8111 8108 8234
3542 1831 5212 2108
814 1977 1359 2230
7496 4633 8853 5056
3640 1100 3931 1195
9918 199 10000 8637
9431 7711 9497 9668
2070 3258 8362 3288
1223 4100 1235 5244
6407 4852 7000 5016
3401 6892 5277 7554
