6090 8040 6434 9035
5758 1621 6839 2343
4276 3963 5163 4006
4276 3103 6156 3578
4235 788 10000 941
9380 2849 9946 2978
532 9236 6351 9288
3213 3770 3385 4032
7142 2978 9946 3103
2718 240 5338 245
703 6805 3559 7001
3542 1353 6095 1396
20 9308 2714 9668
3127 4526 9644 4589
7391 3964 8346 4252
1457 9668 1485 9823
2714 8092 3313 8163
3997 427 4799 562
5127 1621 5210 1846
1469 8413 2298 8493
3560 7593 6445 8040
8767 2395 8958 2978
1117 2551 2724 3103
703 6585 2568 6805
1485 9668 8902 9697
8907 3103 9501 4324
2133 5333 2561 6398
3412 246 3997 788
392 7374 8412 7557
4643 941 7881 1309
4518 8646 4614 8869
716 4799 1564 5318
927 3103 1301 4238
8914 6863 9924 6895
8668 5506 9349 6430
1564 5266 4371 5333
5309 8040 6024 8620
9381 240 10000 788
153 5987 685 7286
202 159 10000 240
4523 4035 4858 4138
4276 3578 6015 3957
2714 9308 7392 9567
3127 3103 4276 3662
4235 941 4590 1205
4642 9148 6115 9209
7142 2854 8514 2952
9349 4589 9924 5880
196 7366 392 8049
153 4994 581 5987
3815 5416 4644 6575
703 7001 3516 7272
9946 2849 9973 6838
202 240 750 2519
199 159 202 1702
9146 941 9380 2978
1092 246 3375 752
5210 1621 5758 2805
7264 7593 8241 8029
1161 7557 2196 7930
23 3419 153 7055
1360 1613 1949 1762
9432 8053 9810 9599
6641 4892 7597 6607
3127 4589 8414 4676
8914 6895 9855 7593
4833 8952 5367 9079
2007 1396 2828 1736
8458 5506 8664 6376
3896 6682 9790 6863
3385 3662 4276 4526
0 9850 9086 9963
8458 4717 9349 5506
23 122 10000 159
2724 2551 5210 2963
9855 6895 9892 10000
3789 9086 4425 9198
7258 8053 7809 9210
2561 5333 5969 5416
8232 4717 8458 6129
1092 763 3250 857
3997 564 8458 788
9349 5881 9913 6622
4756 9710 7490 9802
703 5333 1023 6585
6837 2343 8767 2805
8773 971 9146 2395
7931 4717 8221 6661
3313 8092 4893 8641
4923 436 5634 564
4371 4892 4971 5209
8663 9714 8996 9850
7809 8053 8611 8892
1858 5333 2071 5536
3559 7004 8632 7116
9545 3103 9902 4466
754 240 1091 2548
2032 9963 3430 10000
3464 1863 4309 2551
6445 8375 6872 8734
2828 1621 5127 1863
2568 6398 2869 6540
6189 3964 7391 4249
2568 6686 3596 6805
3559 7116 5828 7361
927 2551 1117 3103
0 0 20 9468
7243 4361 9073 4509
9380 1010 9896 1645
6034 7134 7283 7342
9924 5398 9946 5490
2561 5416 3688 6231
3572 4892 3998 5253
702 4799 703 6732
1858 6398 2568 6585
8232 6147 8394 6374
927 4238 1732 4717
9380 2726 10000 2849
2835 7557 3560 8029
2568 6607 7686 6664
5634 246 7730 564
8628 6430 9302 6666
32 7055 63 8284
6156 3103 8569 3329
3412 788 4235 1353
4665 5416 4883 6354
3560 7557 8914 7593
8050 941 8767 1399
5969 4892 6264 6607
9892 6895 10000 10000
4546 6863 8914 7004
9380 1645 10000 2726
1858 5545 2133 6398
6445 7594 6928 8028
6948 8053 7258 9208
6095 1353 7523 1621
6156 3329 7467 3852
8458 246 9381 788
5210 2805 7142 2963
4833 8646 5951 8947
23 1038 153 3419
4276 4254 4655 4358
3997 246 5469 392
1949 857 3412 1396
3896 6863 4546 7004
8371 9288 9086 9668
550 8040 4328 8091
20 9288 8287 9307
5610 4252 5893 4356
1092 1848 2429 2472
7730 246 8458 564
3559 6817 3789 7004
2837 2128 3464 2275
7523 1353 8050 2343
6264 4892 6641 6607
1301 3869 3127 4238
8570 3103 8907 4361
6044 2522 6837 2805
8958 2395 9103 2846
21 2049 23 4345
3539 9710 3772 9738
1023 5333 1858 6585
1301 3103 3127 3869
2828 1396 5565 1608
8050 1399 8767 2343
8346 3329 8570 4251
23 8 5222 122
6839 1621 7523 2343
9086 9010 9329 9203
270 8651 1080 9060
4893 8124 5217 8413
1732 4238 3127 4717
8632 7004 8914 7557
4309 1863 5210 2551
927 4717 7597 4799
2029 4921 3398 5266
2724 2963 6927 3082
153 2551 927 4799
1564 4799 7420 4892
7597 4717 7931 6607
