0 2228 3998 2447
8297 2619 9857 2712
3526 5649 7564 5748
2047 9376 4747 9577
5396 6145 7939 6225
531 6651 980 7617
531 2814 2625 3096
531 4964 1274 6061
5936 6225 6166 7852
1274 5136 1399 7609
6166 7604 10000 7852
2091 5811 3526 6417
1585 1748 3991 2228
5901 9964 6260 9980
4445 5447 7564 5649
531 3096 605 4959
7939 6307 9131 7576
25 6049 200 8316
1458 8518 4438 8894
0 0 5886 183
9967 0 9998 6788
6845 6225 7742 7131
7749 0 7883 1354
5288 3824 5461 4042
4438 8120 5773 8717
7939 7576 8647 7593
7883 0 9212 1354
9714 4564 9967 6413
980 6654 1205 7617
6241 0 7749 1354
3448 7137 5068 7671
8087 8120 9593 8379
5832 8593 5978 8715
332 200 460 2228
9642 0 9866 2619
1026 9159 2047 9587
1121 3663 2625 4218
2800 2447 3998 3862
5185 3532 5261 4395
2625 2447 2800 4964
1458 7557 3448 8120
3618 948 4472 1532
454 7617 1035 8430
219 3320 257 9387
8406 2712 9620 3441
1458 6418 3501 6451
1946 6451 3448 7121
9230 3466 9899 4511
4445 3571 5148 5447
7428 8717 7745 9159
1205 6061 1272 7323
200 2814 531 3320
8410 6131 8991 6292
4037 9587 5355 9798
7564 3757 7609 4490
5396 5988 7673 6145
7673 1354 9212 2619
9781 7852 10000 9964
0 200 332 2228
5936 7852 9656 8120
5355 9587 9307 9964
5978 8120 6161 8717
633 3321 1121 4227
6161 8618 7493 8708
1946 7121 3448 7557
460 1534 7401 1627
531 6374 1205 6651
9620 2712 9866 3466
1121 3096 2625 3663
257 3320 454 8430
1514 4541 1767 4942
1121 4218 2136 4541
7745 8397 9656 9587
9212 1667 9642 2619
3998 3355 4445 5649
7742 6239 7871 6900
460 705 2489 1007
3448 6451 5068 7137
605 4272 1064 4540
5886 1463 6223 1514
2136 4556 2551 4618
454 3320 531 7617
7673 4564 7939 6145
460 8430 1458 9057
6284 3512 7345 3578
6200 6225 6845 6587
3526 5988 5068 6451
6538 3578 7292 5445
8355 4564 9131 6131
7673 2619 8297 3466
1458 6451 1946 7557
1403 2476 1918 2814
2047 9159 5133 9376
7745 8120 8087 8397
5133 9225 5632 9438
9131 5839 9344 6680
3998 3311 4654 3353
3998 2858 7252 3092
5396 6225 5936 8120
5953 8717 7311 8874
6166 7131 7751 7590
1274 4964 1921 5121
4733 3092 7633 3301
531 6061 1205 6374
5068 5988 5396 8120
311 9280 1026 9587
9131 6680 9967 7604
5886 0 6241 1354
8963 3466 9183 4517
9307 9587 9781 9964
9225 76 9642 1667
6161 8120 7745 8618
9866 0 9953 3211
605 4541 1351 4964
3998 2102 5429 2799
1035 7617 1458 8430
3526 5748 6295 5988
1458 8894 7428 9159
2800 3862 3526 4964
5461 3355 5892 5447
7939 4564 8355 6307
1458 8134 4419 8518
3998 1709 5769 2041
3321 5182 3526 5811
3448 7671 5068 8120
5892 3578 6538 5447
53 183 3575 200
1458 5136 2091 6416
3526 3862 3845 5348
9656 7852 9781 9587
7673 3466 8963 4564
4769 239 4949 948
6295 5748 7673 5988
