1261 5156 2395 5381
8579 7848 9215 9153
4097 8811 5989 9146
2649 4625 3676 5385
2960 8365 4713 8808
5287 4323 6815 4399
5287 3410 6387 4319
6277 6876 6975 7041
7790 1922 9310 2164
2964 5385 3664 6000
3676 4625 3892 6581
6036 2205 8794 2776
9505 3853 9552 5920
5264 4625 6277 5567
1926 9336 2050 9482
2960 6018 3676 8365
3676 6583 3743 7910
7801 3410 8227 6526
7646 8559 8227 9221
8579 4109 8832 7848
1926 9482 4915 9695
9226 4262 9264 8650
365 4625 1518 5156
1829 8122 1922 9315
4990 4625 5036 7469
7011 4816 7789 6526
5264 7041 7646 7733
3826 8811 4097 9151
4613 129 5128 1444
712 2558 2340 3662
9284 6632 9357 6827
5528 9874 6297 9921
3425 4110 3951 4374
5264 5567 6277 7041
712 639 2221 880
7587 8027 7646 8292
771 9832 5508 9874
4097 9221 7716 9303
93 5099 365 5347
7119 8470 7500 8633
7947 9691 9227 9951
2691 6018 2960 8811
0 9330 1926 9827
365 5156 1261 6017
0 9827 4694 9828
2340 886 3358 2356
712 3662 2339 4110
5128 129 8331 409
8227 3410 8579 9221
7077 6526 7279 6839
3682 2195 6036 2429
6277 4625 7011 5424
6398 3410 7011 4193
8450 2829 9215 3371
3512 1444 6538 2107
5057 4625 5264 8290
2223 639 3421 843
8331 0 9273 1352
5264 7733 7055 8440
0 129 3512 639
3512 129 4613 873
876 6774 1926 8122
0 0 8331 129
9273 907 9797 1287
9273 0 10000 907
7947 9221 9505 9691
5128 1352 9205 1438
9552 8442 9616 9083
4780 6769 4972 8178
9886 907 9967 8229
1369 1372 2059 2558
365 4110 3425 4625
5128 409 8331 892
3893 4625 4981 5401
1926 7490 2579 9130
2340 3410 5183 3656
365 639 712 4108
725 886 1369 2240
9357 1922 9505 9221
7646 6526 8227 8559
7790 1622 9019 1922
5128 892 8331 1352
0 1490 336 5082
6464 9304 7947 9955
3515 4438 7801 4610
3893 5402 4966 6253
2340 3660 5241 4020
3512 873 4613 1444
304 6615 2691 6774
92 9955 9969 9997
0 6615 304 9330
304 6774 876 9330
6277 5424 7011 6859
1518 4625 2649 5156
0 6018 2691 6615
2742 6017 3066 6018
876 8122 1829 9330
6036 2776 8450 3410
2340 2429 4291 2848
1261 5385 2964 6017
