8391 426 9321 1473
8094 7768 9287 7886
139 0 8760 57
874 2865 1208 4718
976 7129 1268 8271
7899 7274 8094 8003
4635 5637 6986 6159
3925 6159 4384 7732
5061 2800 5422 3313
1771 8668 2530 9666
1115 4996 1776 5637
1244 5637 2262 5893
8409 4408 9166 4718
0 2865 627 6394
964 4719 7945 4860
8344 426 8388 1941
6032 2800 7441 4230
1268 8213 6061 8271
1243 1304 1570 2210
2643 8668 3234 8888
1776 4996 3832 5450
5481 7257 5962 7579
1776 5497 5249 5637
7716 1020 7801 1906
1268 7129 1938 8213
627 3714 874 6394
9079 8213 9373 9361
5962 6189 7414 6811
4082 2735 5017 2887
8391 1473 9321 2225
2146 436 2959 1546
2643 8931 3607 10000
2959 1438 5383 1546
9981 426 10000 9745
139 2210 1570 2620
139 2044 1141 2210
5383 1020 5731 1349
369 155 968 1304
6642 203 9891 426
2536 2620 2850 3305
8760 3 9999 202
874 4916 1096 6394
1570 155 5641 213
1608 8675 1724 8865
2994 5924 3428 6378
6986 8668 8209 9420
1938 6394 2233 7732
8059 4719 8296 6778
4257 3313 5260 3704
5962 7156 6562 8213
9437 6180 9542 8839
4134 8271 6061 8551
4082 2890 4881 3313
211 63 1208 109
3231 3122 3639 4335
9079 9361 9701 9503
1115 4903 6823 4995
1567 2865 1879 3711
1570 542 1673 1411
6185 202 6565 409
5767 1546 7716 1949
8404 4719 8805 7768
1938 7732 4384 8213
8723 2705 9981 3467
9373 4289 9927 5577
1115 4862 7693 4903
6775 9320 6953 9495
1570 213 5641 436
6061 8213 6775 9624
6986 4903 7919 5514
8089 2566 8391 4289
3545 1898 3904 2558
3428 5924 3925 7732
6562 7156 7029 8003
4927 2890 5061 3261
8805 5616 9142 5838
6634 426 8181 805
7312 7274 7899 8003
173 8271 960 8803
9166 4657 9299 7315
2783 1551 4082 1807
2536 4335 3051 4490
8723 2225 9981 2705
7655 1949 8391 2554
7532 5531 8059 6811
0 6854 976 8271
1208 57 6185 155
3321 1020 5383 1438
8805 5913 9159 7759
8094 7274 8404 7768
3607 8556 5029 9449
7118 1020 7657 1532
5781 1020 7108 1485
8094 7900 9365 8168
6562 8003 7917 8202
4082 1949 7627 2566
976 6854 1938 7129
0 6394 1938 6854
8209 8561 9079 9420
4810 2566 5904 2715
4384 6159 5659 6904
5422 2800 5931 4257
8723 3467 9849 4145
369 1304 1243 2044
4082 1546 5767 1949
1208 4514 8409 4718
968 155 1570 1304
6327 57 8022 185
1208 3761 2125 4202
1208 4497 7770 4514
7817 1078 8342 1936
8391 2225 8723 4289
4384 6904 5481 7832
0 8832 652 9811
1720 436 2146 1519
2183 1898 2834 2602
960 8271 3566 8591
4384 7832 5481 8213
5641 155 6185 1020
7945 4719 8059 5531
356 155 369 1326
4082 4389 7885 4408
4282 4996 5083 5497
7312 6811 8404 7274
4503 4412 6564 4492
0 2620 2536 2865
6986 9420 9052 9588
5061 2735 8033 2794
1570 2003 1799 2620
6775 8560 8860 8561
2939 2620 3122 3626
0 0 139 2620
1115 5924 2783 6380
5904 2566 8089 2735
2959 436 3906 766
2262 5637 4635 5924
1187 4718 4743 4719
5962 6811 7029 7156
3112 1053 3321 1438
960 8865 1633 9865
7029 6811 7312 8003
1807 1898 2138 2288
627 2865 868 3711
6986 8561 8209 8668
5659 6159 5962 6904
3607 9624 4286 9961
3925 5924 4635 6159
5249 4996 6524 5592
8292 8213 8947 8388
9321 426 9981 2225
7079 5588 7532 6151
2641 6394 3428 7732
2233 6394 2502 7083
