4305 2342 4535 3534
2144 7973 3935 8246
8818 8653 9137 9769
1677 1305 2930 1504
7107 1762 7208 2271
646 3556 960 4905
7505 3249 8602 3369
0 7918 1389 9504
8044 3494 8771 3547
611 3287 2486 3556
0 7149 4783 7645
1804 186 3016 1137
1389 7702 2105 8202
234 1714 3057 2754
0 9504 1373 9943
5986 6558 7070 6789
4305 1715 4983 2342
3088 6687 4694 7133
968 3556 2131 4615
1677 1549 7320 1714
631 5446 968 6629
4793 6558 5278 8653
2135 3556 4540 4217
6315 4966 7939 6558
240 3287 611 7140
0 7645 1389 7918
611 6687 1182 7121
234 2754 2486 3287
6645 1714 7107 4966
1389 9381 3752 10000
1389 8202 2144 9381
8044 3559 9207 4919
5278 7158 6816 8183
5122 1765 5593 2326
1691 6687 2925 7131
2144 8653 8818 9011
2144 8246 3130 8653
971 4616 2135 6675
7939 4966 9738 5465
6781 9381 7627 9769
3016 186 4042 997
2135 4217 3105 6193
2135 6558 4725 6686
110 914 234 4461
354 186 1677 1678
9675 1019 9983 2760
9738 2821 9989 7735
2341 6193 3056 6554
7505 3369 8040 4923
4042 186 5266 808
5273 997 5714 1510
6824 7073 8551 8638
9137 8653 9968 8946
4540 4966 6315 6558
8435 242 9786 885
2615 7645 4793 7973
3752 9769 10000 10000
4540 3088 6055 3862
7334 186 7364 2455
9215 3369 9574 4577
3130 8246 3935 8653
2144 9011 8818 9381
3752 9381 6781 9769
7364 2821 9738 3187
7364 1019 9675 2821
7935 904 8353 1019
9990 885 10000 9700
5714 186 6651 1384
7939 5565 8564 6824
3016 997 5144 1549
0 7 3687 186
2144 7645 2615 7973
3935 7973 4793 8653
7364 0 8290 594
4540 2342 6055 3088
3105 4217 4540 6558
4540 3862 6645 4966
7364 3187 7505 4966
7627 9381 8818 9769
3057 1714 4305 3556
5278 6824 6401 6896
5278 8193 6824 8652
2486 2754 2944 3443
7939 5465 9735 5565
8564 7755 9990 8653
6055 1714 6645 3862
8564 5565 9592 7652
