573 198 1509 793
4621 3286 4985 4365
658 3958 981 5817
144 5327 635 5749
1833 1208 2923 2379
1088 5023 2174 5793
5473 2485 5754 4716
1364 6774 3145 7094
1168 908 2923 1208
8758 3299 9832 4232
1963 7670 2674 8527
6397 9743 9149 10000
9757 5138 9827 8877
7761 3449 7911 3798
4377 1589 4621 4365
9090 7596 9282 8335
1109 6839 1250 7052
6659 3757 7482 3858
8459 5572 9010 6497
7482 3348 7761 4716
5760 5572 7499 5767
3145 5280 4197 5972
9423 4964 9753 5252
9423 5350 9757 6762
3786 1589 4316 3341
8758 1562 9840 1810
2134 8527 2672 9172
6322 1995 6659 2085
7499 7949 8854 8556
6659 3185 7482 3757
2386 9174 2696 9871
4985 4716 7761 4904
7247 737 9660 906
0 7619 1327 7772
7773 8556 9090 8621
8434 9003 9149 9743
6905 5391 9012 5572
7499 5572 8453 6668
3145 6676 3692 7094
1364 6417 2443 6774
524 1789 658 5095
7499 6668 8782 6785
6304 2459 6586 3056
144 7257 3402 7577
6397 6954 7411 8510
0 8527 2127 9173
5303 7136 5578 7686
5106 5391 6905 5560
1833 2379 2920 2606
2563 420 7247 793
5136 1695 6659 1995
4323 7128 4989 7614
5174 5584 5760 7034
0 9903 3482 9993
7983 6796 9308 7301
4621 3091 5473 3286
8211 1616 8758 3465
3145 5023 4204 5277
0 0 144 7614
5304 8566 6397 10000
4989 5391 5001 7090
573 904 1168 1075
4621 1695 5136 3091
6885 3858 7482 4498
0 8005 1067 8509
573 0 2838 198
6397 8556 7773 9743
9832 3276 9840 3829
4985 3286 5473 4716
5142 1634 7241 1695
2826 3897 3271 4981
4323 5280 4989 7128
3271 3897 3637 4364
8404 4964 9012 5391
8825 4259 9057 4567
3271 4904 4205 5023
5136 1995 5754 2485
658 1789 1168 2022
4500 7614 4989 9174
4989 5280 8404 5391
7773 8621 9423 9003
9489 4232 9556 4621
3786 3341 4377 3935
2696 9174 4989 9903
144 5095 641 5295
9012 4964 9423 6668
1509 198 6726 420
8758 2787 9832 3299
3824 6658 3907 7541
4093 6006 4323 6932
1168 1208 1833 3897
7773 9003 8434 9743
5754 3161 6216 4354
1520 446 2563 793
9894 737 9981 5798
1364 6010 2255 6417
9423 6762 9747 8700
5760 5767 7497 6860
6726 0 9668 397
144 5817 743 6839
8758 1810 9832 2787
743 5817 1364 6839
1637 7825 1943 8301
1833 2606 2923 3897
2443 5023 3145 6774
5054 8566 5304 10000
5754 2121 6217 2376
4435 4983 8404 5280
6380 3952 6885 4334
3493 4365 4865 4880
2838 0 6726 198
1168 904 7247 908
4027 3935 4178 4150
2674 7614 4500 9174
573 1075 1168 1789
4205 4904 6696 4963
1088 3897 2620 4897
573 793 7247 904
5760 6954 6397 8566
7802 6796 7983 7361
7482 3192 7988 3348
5754 4498 6497 4637
6659 2683 7704 3185
8758 4709 9836 4964
8020 3465 8758 4964
5054 7686 5618 8143
2923 959 6784 1589
7247 420 10000 737
9840 737 9894 8821
144 7094 3824 7257
9149 9003 9900 9865
5760 6867 7435 6954
4316 1589 4377 3341
3783 6044 4012 6512
8020 908 9840 1562
1026 3897 1088 5771
658 2022 1168 3897
2923 1589 3786 3897
144 0 573 1789
144 1789 524 5095
5136 2485 5347 3024
6659 1763 7673 2659
