4878 7245 8229 8455
9481 1190 9695 2817
2 0 41 7169
41 1922 3609 3113
3597 3170 5767 6384
2355 5848 2461 7145
8637 6854 9006 7890
5788 3113 6405 5790
7594 4269 7831 5051
932 3113 3489 5054
1865 801 2058 1922
5324 56 7831 718
8230 2829 8637 7890
3869 6763 6986 7220
2608 5054 3489 8352
7419 4269 7567 6048
5205 8928 7961 9422
1502 5054 1670 6911
9839 1205 9993 6417
3489 6384 5737 6756
3609 2733 5310 3112
8642 4804 9147 6107
8637 2829 9839 4804
865 3113 932 6507
7831 56 8229 7245
8582 7890 10000 10000
963 5127 1497 7143
8312 7890 8582 9872
5788 6276 7026 6624
9215 1190 9480 2821
845 7145 2470 9200
2521 8352 3489 10000
345 3113 845 9066
8229 56 9215 2829
41 65 2486 274
7419 718 7816 4206
4878 8487 5195 9396
3489 9527 7541 9897
7154 6276 7589 7241
6634 718 7419 6276
2470 5054 2521 9538
0 9318 1189 9529
8229 2829 8230 8143
2521 5054 2608 8352
41 5 9342 56
5324 2007 6634 3113
3489 7245 4878 9527
0 9538 2213 9807
3714 7166 3869 7245
9215 56 10000 1190
9055 6417 10000 7889
4774 56 5324 2733
5324 718 6634 2007
5205 8487 8114 8794
3626 56 4774 2733
8070 8928 8223 9521
2499 56 3550 1217
