6913 6856 8286 7148
2386 2643 3084 5361
0 1830 3084 2643
7334 372 8283 2524
5404 690 6575 4039
3859 3185 3872 5832
9373 2186 10000 2724
1232 6758 2523 7462
0 5361 2589 6758
1232 9262 7887 10000
8286 0 8322 9455
4660 4039 6675 6041
8322 0 9373 4631
6913 4036 7139 6315
3823 6393 6035 8104
6035 6041 6913 7148
7334 2524 8286 3758
9373 0 10000 1327
6943 7148 7836 9118
0 6758 1232 10000
3242 31 4263 3185
6675 1308 7334 4036
3700 8286 6943 9262
1232 7517 3700 9262
0 2643 1848 3960
8322 7958 8443 8632
6675 4036 6913 6041
3242 10 4236 31
2589 5361 3084 7517
7334 3758 8286 6856
9373 2724 10000 8690
6035 7148 6943 8286
4263 364 4941 3990
1848 2643 2386 5361
0 3960 1848 5361
406 0 2933 602
3084 3185 3682 7436
4263 0 8252 362
7887 7148 8283 9994
3872 3185 4247 3655
8322 4631 9366 7927
0 1259 3084 1830
4263 4039 4660 6041
4122 6041 5578 6295
8446 8113 8793 8690
6867 364 7334 1174
8322 8690 10000 9455
4955 364 5398 4020
8286 9455 9904 9937
9373 1327 10000 2186
3084 0 3242 3185
0 878 2823 1259
