3487 3917 4316 4006
6165 2804 6174 3971
513 5086 756 9705
2514 3477 2628 4596
6568 1893 6994 4129
1673 2804 6158 2991
873 7112 1174 8683
0 4986 4362 5086
2074 5429 2278 6086
6568 4129 7021 4568
2592 1044 6366 1779
4919 7453 7116 7655
6068 1888 6568 2787
2050 6664 9614 6740
4213 0 5686 473
5585 5944 5897 6568
1864 1793 8417 1888
1835 3423 2460 4010
873 5086 1138 6200
486 4306 2514 4601
4362 3222 5072 5086
4983 7666 5437 9300
1174 7577 1348 8584
5898 6256 9232 6570
7512 5944 9293 6256
2278 6590 9614 6664
6568 4568 7021 5543
1415 5429 2055 5800
756 8683 1282 9705
7021 2989 7422 3346
4145 6820 4872 7571
15 7524 513 9678
3242 7577 4127 8449
2850 0 4213 478
2074 6086 2278 6664
3781 6820 4141 7443
3760 5429 4706 6010
3760 6010 4706 6589
5072 3222 5585 5429
1138 5086 1387 6200
944 478 8417 557
5898 5944 7512 6256
873 6740 2761 7112
7872 9184 8001 9752
6568 5543 8842 5944
1174 7112 2761 7577
3443 5429 3760 6589
486 478 700 997
5585 5175 6184 5944
2918 557 6184 945
749 3011 2598 3222
700 478 909 997
7021 3346 7474 5543
6184 2804 6568 5944
0 5086 513 7512
4706 5429 5585 6589
1864 997 2242 1793
8013 3211 8666 4410
0 1310 486 4601
8015 9775 9312 9829
2628 4315 3485 4390
8666 3184 9281 4365
3293 5462 3443 5873
4919 6969 7137 7453
2189 1888 2898 2292
7592 6980 7599 8026
7538 2378 8571 3116
5585 3631 6158 5175
1440 557 1967 646
1357 7754 1971 8449
486 2991 749 4010
8621 2480 8838 3119
9313 1187 9601 6589
2514 3222 3624 3476
2936 5873 3423 6552
9601 1362 9608 2093
5566 8901 7590 9184
2628 3477 3630 3749
1287 8683 2473 9705
0 4601 3324 4795
7474 5319 9313 5543
513 9705 5566 10000
1002 0 2850 478
2242 1094 2502 1765
756 5086 873 8683
749 3222 1674 3998
1673 2370 5097 2804
4604 7577 4902 8855
8842 5543 9310 5944
4127 7577 4604 8449
1387 5086 5072 5429
0 4985 2639 4986
2898 1888 5360 2339
8417 38 8935 1187
7923 800 8378 1508
5566 7666 6324 8890
2278 5429 2936 6589
2879 6589 9600 6590
9614 1187 9828 6740
2761 6740 9828 6820
5097 2370 5991 2800
7474 4410 9313 5319
486 4010 2514 4306
9828 4193 9892 5736
5225 6843 5598 6969
5689 0 8000 432
7021 1888 8417 2378
8838 2378 9279 3167
486 0 1002 478
7923 1532 8216 1782
2480 8683 4601 9705
7137 6969 7592 8901
1357 7577 3242 7754
0 4845 4322 4980
8417 1187 9307 2298
2628 3754 4362 3917
6366 557 7923 1793
486 2370 1673 2991
3641 3223 4353 3754
3297 8449 4064 8680
2050 6200 2074 6664
5585 2991 6006 3577
0 0 486 1310
1971 7754 3242 8449
964 997 1864 2370
486 997 964 2370
873 6200 2050 6740
2761 6820 3781 7577
7592 8544 9998 9184
