3356 5071 4884 5580
2178 2704 3297 2851
2238 3498 2252 6288
2252 3498 4352 3896
5739 5684 6066 7358
6612 427 7998 707
5710 9245 6473 9796
4266 7868 6844 8761
2557 3437 5412 3498
8154 5684 9800 6043
151 1299 1156 2266
2865 1310 3778 2301
0 0 151 9518
0 9518 1544 10000
7998 549 8282 691
151 449 1156 1299
5329 2722 5988 2901
5531 1360 5870 1854
2992 5071 3334 5440
4880 3784 6129 4462
6088 6278 7730 6667
3778 1899 7050 1964
5535 427 6612 707
6088 6705 7744 7161
508 8022 1182 8575
9817 5684 9947 7215
6423 3122 7772 3141
7019 1360 9036 1844
2260 4462 2992 5192
6423 3141 9825 3153
6521 9245 7279 9964
9974 3416 9993 6264
2238 6288 2558 9147
2729 6177 2814 6935
7746 7735 8818 8313
6089 1360 6473 1824
9229 3775 9889 4140
7216 4834 7398 5236
4352 3784 4728 3888
2814 7125 3242 7396
4016 5835 4895 7125
2238 9407 3845 9516
6088 7162 6883 7827
9340 9458 9974 10000
3840 4521 4635 5068
6129 3784 6252 4462
6893 7162 7746 8756
7746 6278 8652 7734
2729 8263 3590 8851
2824 5580 3135 6781
1544 5462 1728 10000
6252 3667 7457 4462
1156 1543 2865 1813
151 183 3272 449
8188 707 8985 813
5679 4462 7203 4968
8652 6843 8809 7424
3276 7125 5167 7418
3135 5835 4016 7125
2463 2851 2618 3130
1068 4876 1728 5462
4352 3498 9229 3667
3778 1964 9950 2132
5807 5244 9187 5430
3155 7418 3684 7728
5807 4968 7203 5244
1156 498 2752 788
5739 5580 9974 5684
1156 788 2865 1543
4248 8803 5176 9132
151 3044 445 4342
1728 5832 1797 7339
7457 3667 9229 4170
2814 7815 3515 7974
9187 4834 9974 5580
8438 3153 9742 3416
5008 2220 5259 2839
2865 449 3448 1310
4638 4462 4884 5030
8738 109 8887 427
7801 9755 9340 10000
4884 4462 5679 5580
449 4876 862 5908
2238 9147 4801 9407
5766 707 8005 1186
151 5910 864 6827
8154 6072 8804 6278
2558 5580 2729 9147
7457 4170 9974 4462
3646 7815 4266 8802
7801 9245 9340 9755
262 8022 477 8997
9229 3416 9974 3775
9703 142 9988 1829
151 1 3753 132
5807 5430 9187 5580
6088 5684 8114 6249
151 9357 1323 9518
9223 8803 9246 8982
5042 9147 5695 9894
175 4876 449 5778
4352 3667 6252 3784
780 3825 1728 4342
2252 5580 2558 6288
9340 8803 9974 9458
2178 1813 2863 2289
9950 1964 10000 3153
151 8040 257 9357
2178 2301 3297 2704
8537 2132 8968 2231
3603 7815 3638 8587
9103 0 9702 1829
5168 6932 5734 7418
2252 3896 4880 4462
5329 2132 6423 2722
8819 6047 9439 8149
6423 2132 8267 2410
151 4342 1728 4876
7746 8313 8819 8768
262 9012 501 9352
1156 3416 1728 3825
4371 8769 8546 8803
2252 5489 3248 5579
1156 1813 2178 3153
6423 2423 8092 2657
445 3044 780 4342
151 2266 1156 3044
7328 9245 7801 9995
8537 2327 9944 3071
7203 4462 9974 4834
3135 5587 5240 5632
1331 8022 1544 8965
4266 7418 5738 7868
3778 0 5531 1868
3448 132 3778 1310
1805 3498 2238 9634
4895 5835 5168 7125
780 3111 1103 3766
3297 2301 3778 3153
9742 3153 9932 3304
5679 4968 5807 5580
5695 8803 9223 9245
1068 5462 1525 5978
151 7099 947 8022
6433 2699 8488 3018
5168 5835 5739 6932
7398 4834 9187 5244
1728 9900 6363 9995
2985 3153 8438 3355
4121 5726 5739 5835
865 4904 1068 6669
3778 2132 4921 3109
