7030 6064 8044 10000
38 1174 154 9362
8896 8536 10000 10000
7899 2305 8657 3916
2124 1921 3453 2219
1646 7814 2673 9473
2967 3330 5117 3764
6057 6122 6895 6722
0 257 1800 1174
2124 509 3663 1921
2678 7179 2882 10000
6183 5243 9653 5649
1646 5088 2882 7179
3714 572 7226 1279
2882 5088 4473 5543
2124 165 5558 509
0 2 9201 163
9653 3171 10000 8536
3663 2226 9020 2305
5117 3916 6040 6588
2124 2305 2967 5088
2967 2305 4563 3330
1729 2974 2124 4097
8657 2305 10000 2904
556 7694 1646 9729
4473 8352 5925 8619
3964 8846 5719 10000
6066 3916 6183 5741
9066 387 9178 1063
496 4396 805 7635
1407 1174 2124 2093
9183 3171 9653 5184
154 3690 651 3819
7906 509 9066 2226
5719 8846 7030 10000
154 1174 1407 2093
2911 7456 3337 7739
4563 2305 5117 3330
2967 3764 4473 5088
8896 6161 9558 8536
6676 3916 8657 5243
2188 9818 2669 9943
4473 8620 7030 8846
5117 2305 7899 3476
3663 509 3714 2218
5117 3476 7899 3916
8044 6064 8863 7869
1763 7179 2678 7812
6184 3916 6676 5231
191 6596 496 9813
154 2093 765 2451
6183 5649 9181 6029
3964 5543 4473 8846
4473 3764 5109 6636
5896 163 8803 490
8657 2904 10000 3171
3714 1279 7906 2226
8540 7869 8896 10000
8863 6064 8896 7869
6023 6722 7030 8620
807 2093 1310 7200
9216 1 10000 2305
4488 6722 6023 8275
8044 7869 8540 10000
8657 3378 9159 5236
3337 5543 3964 10000
