5497 3520 5592 5198
7156 7936 9780 8675
2520 5351 4418 5559
3043 3752 3590 4592
8121 9683 9780 9903
6503 3565 7538 4479
1952 0 2742 5077
4812 5351 5632 6693
5167 1771 5594 3520
731 9683 8121 9735
3911 8892 4867 9011
2324 8714 6648 8829
9412 4159 9598 4508
790 621 1884 1705
3705 9191 5482 9588
2780 1828 3006 3752
8353 1675 9416 3565
3860 4122 4315 4669
1884 5351 2520 6170
6258 6845 6858 7824
0 8448 731 10000
4385 9735 8121 9903
3979 7427 5643 8448
8087 2957 8353 3294
3122 9083 6289 9191
5643 4990 5787 6834
4885 449 5167 3383
3712 1152 3851 3059
9416 1675 9761 3669
1892 0 1952 4892
7115 8829 7722 9490
7540 3565 9389 3816
5643 449 6237 705
731 8675 1353 9610
9007 4623 9061 5040
5643 8040 6809 8357
0 7328 1662 8448
4848 3520 5497 5351
7540 4014 8753 4086
417 2853 886 4732
2239 8829 3122 9610
9780 1675 9981 8586
8316 6378 8790 7936
0 6989 4867 7328
8353 750 10000 1675
8214 5801 9780 6378
0 6725 5477 6989
3451 7328 4867 7427
8353 0 10000 750
6237 4508 6819 6613
4848 0 6503 449
2073 6716 2951 6718
731 8448 6722 8614
5167 476 5582 1557
3451 7822 3912 8173
6858 6046 8195 7446
9484 7746 9734 7891
6503 13 8278 428
2780 4747 4000 5060
8790 6378 9780 7563
6039 9234 7115 9610
8790 7563 9464 7637
2520 5559 4418 6170
1234 6170 4418 6716
731 9903 9780 10000
1662 7328 3451 8276
5789 705 6237 8040
8214 5040 9598 5801
731 9735 4385 9903
5651 705 5789 4099
7722 8675 9780 9490
8195 6378 8311 7932
9598 3816 9691 5385
0 4732 1234 6066
2780 52 4087 1152
7888 9490 9778 9604
4315 0 4848 5351
1662 8276 3951 8444
1353 8675 2239 9610
4418 5351 4807 6714
0 0 379 4415
6858 8627 7115 8653
731 9610 9780 9683
7026 428 8353 2957
6858 7446 7156 8355
6237 449 6486 4031
4867 6989 5643 7427
7156 7446 8195 7936
8195 5040 8212 6297
0 6066 1234 6716
6858 5040 8195 6046
6925 1068 7026 1637
1234 2189 1692 4467
