5067 2988 6531 3330
2870 4828 3276 7237
2110 7846 2289 9971
5218 2080 6387 2337
5040 0 6752 955
6038 6381 6139 8992
509 5256 1593 5301
908 2220 1005 2852
7513 3974 8408 4757
3276 6000 8688 6295
1321 148 2674 1237
8780 4982 9191 7658
4175 8061 4909 8434
9864 0 10000 9727
1850 6391 2110 9971
904 2852 4166 3340
3749 0 4104 999
0 0 43 8465
1162 6391 1850 7311
43 0 831 1218
43 4861 2568 5044
8050 8567 8941 9727
2110 6391 2568 7846
3276 4828 4939 6000
7419 9727 10000 10000
6362 8668 7966 9276
2289 9729 5104 9948
2674 148 3749 1979
5772 3567 6858 3950
8941 9281 9863 9726
1321 1519 2322 1967
3276 6381 5782 6980
0 8465 501 10000
3276 6306 5729 6368
1531 7311 1850 9971
462 2600 831 4861
7085 4757 8352 5843
501 8465 1530 9974
2289 7846 2512 9729
8408 5027 8689 5964
5164 9087 6138 9668
4166 444 4385 2678
43 6391 1162 7311
7419 9276 8050 9727
9504 3567 9685 4953
2512 7846 4169 9729
3468 3974 7085 4292
43 5063 508 5528
6202 4293 6264 4824
6362 7670 8085 8567
3468 4292 4277 4768
6900 479 7312 801
2870 7237 5777 7772
904 148 1311 1669
6728 2080 7314 2280
43 7311 1531 8465
509 5044 2549 5254
7734 986 9653 2874
9698 986 9855 6683
4539 0 5036 3318
8085 7670 8941 8567
831 4220 2424 4838
2568 4828 2870 7846
2429 9971 3088 9980
43 3936 455 4825
904 3340 3161 4220
4909 7846 5990 9087
43 1218 831 2600
6362 6787 8253 7670
4621 8434 4833 8912
4438 4292 4874 4802
904 1793 1317 1981
831 148 904 4220
5702 4824 7085 6000
3161 3340 3468 4220
8408 3567 9504 4982
2082 5256 2568 6378
43 5534 508 6391
1321 1241 2518 1507
43 2600 462 3936
509 5308 2077 6391
9191 4982 9686 7547
7628 986 7707 1989
5727 992 7039 1738
6362 9276 7419 10000
7868 3347 8592 3567
7312 0 8276 978
3468 3567 5772 3974
6139 6381 6362 10000
2568 4220 3468 4828
8276 0 9849 982
831 0 3574 148
4169 9087 5164 9729
8941 7670 9864 9281
7085 3974 7513 4757
1005 1981 4166 2852
4939 4292 5702 6000
