6195 9760 10000 9853
1629 5311 2499 6274
6415 7780 6707 8003
7298 124 7468 2725
3534 3799 4160 4585
6415 7575 8039 7780
6226 401 7260 1736
4648 3799 5368 5170
0 5672 828 5943
1872 8535 3393 9127
1639 7607 3558 7955
5541 2328 6226 3107
0 8064 526 8677
1999 5170 8100 5210
5541 3107 7260 3788
1621 9760 2533 10000
526 8394 1085 9684
2183 7456 4720 7548
1597 6521 2234 7019
3929 8003 4490 8394
9388 9065 9634 9228
3157 4098 3218 4399
2035 26 6733 316
7309 9372 8958 9646
1376 4816 1999 5210
1912 6279 9489 6299
4071 7243 6632 7304
1376 3799 3157 4662
6429 5210 8266 5528
9970 1963 10000 8210
2421 6977 3932 7058
2499 5882 5971 6083
5541 1242 6226 2328
6708 8087 7479 8394
9455 1895 9614 1963
1621 9239 2313 9760
5555 401 5925 876
4490 8013 7541 8087
5577 974 5889 1242
1851 1218 2147 1601
1302 5311 1629 6274
8930 8003 9693 8378
8832 6299 9603 7246
5196 8087 5293 8254
0 1002 259 2806
1302 6274 1912 6402
3393 8535 5584 9148
1747 526 3815 927
3294 7311 6906 7442
7991 3186 8321 4068
1290 969 1827 2806
1894 1601 2085 2392
0 2806 1009 3313
6287 3788 7049 5170
2499 6234 9151 6267
8580 6329 8806 7572
5593 8535 5735 9641
9512 1963 9715 6274
1302 3788 1376 5308
9360 2335 9455 4066
3823 1772 4170 2806
5971 5922 9512 6083
0 7572 6415 7607
9715 1996 9930 5024
7587 18 7656 2572
171 0 1290 385
8021 4068 8320 5078
9715 5376 9824 6185
5559 6405 5791 7082
2499 6083 8167 6224
8134 6450 8483 6629
4891 1237 5253 1764
3986 4662 4080 4993
0 385 1290 1002
2114 9148 4269 9195
2401 3180 4170 3771
2207 8003 3929 8394
570 1002 1290 2806
2533 9760 6195 9862
4097 844 5541 969
4097 401 5541 844
636 8376 2207 8394
6240 8087 6708 8358
3932 6405 5559 7243
7260 1169 7294 2031
0 8677 526 10000
1376 4662 3986 4816
6707 7780 9701 8003
1085 9160 1575 9239
0 3313 738 5672
6530 362 6951 401
2533 9862 6195 10000
1827 969 1851 2408
5486 5528 9271 5882
26 7607 1265 7891
7472 8394 7747 8900
1085 9239 1621 9684
9467 3853 9512 4391
2234 6603 3911 6976
1009 2806 1302 6478
4170 1994 5067 3621
2461 326 4097 411
2507 1772 3821 2428
6226 1736 7239 2263
2313 9239 3664 9510
4519 3799 4648 5131
8321 3501 8774 4165
9271 18 9614 1895
5735 8394 6472 9760
2507 1739 4606 1772
0 7980 524 8064
7211 8659 7284 9040
1747 429 3780 488
8072 9033 8663 9124
0 0 171 385
4480 5528 5486 5882
6195 9853 10000 10000
2147 1237 2507 2428
5368 3788 6287 5170
3558 7616 6194 7955
2047 4816 2596 5069
3273 3799 3533 4602
5971 5882 9512 5922
2313 9510 3936 9760
9343 9148 9388 9750
7300 2855 7662 4556
1602 5223 6250 5311
2499 5311 4480 5882
9614 18 9899 890
738 3313 1008 5502
0 7019 1302 7456
7049 4562 7782 5170
4702 9348 5539 9659
3664 9239 3936 9510
259 1002 570 2806
869 5672 988 6838
2234 6405 3826 6601
7468 1005 7530 2708
7662 18 7774 4515
1290 0 1747 968
6906 6405 8102 6671
2207 7955 6415 8003
7049 3796 7298 4562
9899 18 9998 1732
8266 5170 9271 5528
9051 18 9271 2005
9701 6299 9970 9760
1851 969 5365 1218
1376 3788 5368 3799
1912 6302 7761 6405
1302 2806 2401 3134
1820 49 2035 108
1827 2428 3823 2806
1011 6720 1302 7019
6472 8394 7211 9760
5365 969 5541 3431
6906 6676 8134 7572
2401 2806 4169 3178
9271 5661 9493 5731
4480 5311 6429 5528
2270 0 7667 11
8134 6957 8392 7448
7298 2799 7661 2846
7479 8087 8930 8394
7747 8394 9334 9033
1302 3134 2401 3788
3936 9239 4702 9760
3414 1218 5231 1232
526 9684 1621 10000
2507 1237 4394 1662
7782 1121 7966 3305
9334 8394 9701 9065
1085 8394 5735 8535
