6091 94 6845 1014
5933 7942 6698 8165
657 1181 1445 3625
2262 8407 2474 8535
6904 102 9279 276
444 630 1943 1181
7722 2395 8500 3035
6722 5524 7087 7942
2124 4477 4331 4898
4034 598 4483 630
0 0 3867 628
4175 2899 4818 3625
1943 1576 4201 1961
6302 3012 7722 3493
0 630 444 7338
5367 7886 5682 9793
2124 3691 3114 4477
4221 1768 5727 2233
8270 5253 8720 5500
7680 9857 9837 9954
4034 0 5056 516
8915 1759 9679 2097
0 9410 1506 9899
444 5680 4176 5783
3114 3918 3376 4477
8913 2097 9679 3493
1943 1225 3923 1564
8766 5528 9260 6841
3192 6540 5267 7886
5869 1747 8588 2385
1943 940 2526 1225
2979 6006 5933 6540
5057 0 6091 1045
7981 7902 8958 8037
3307 8407 5318 9670
863 3625 5448 3676
1434 7804 2615 8069
5604 4202 6985 4477
9187 276 9578 1753
7680 9073 8621 9568
6698 8037 9004 8194
2508 6000 2675 7629
8292 276 9187 1140
5448 2395 6302 2906
9679 2661 10000 3918
7981 6633 8766 7482
5933 6000 6223 7437
4221 2240 5714 2395
8750 1759 8913 2823
475 1181 657 2641
8671 1140 9165 1736
7087 5524 7981 7942
4818 2899 4931 3491
4710 8163 5126 8398
3376 4202 5604 4477
9679 1819 9967 2661
6698 9073 7329 9947
1445 1181 1943 2669
43 7338 214 7925
5267 6540 5933 7886
7422 2601 7681 3012
4221 2395 4918 2636
6985 4202 7981 5524
2496 8561 3082 9429
2677 6540 3145 6679
2607 5797 6572 6000
2224 2708 4931 2899
4931 2395 5372 3596
6302 2395 7422 3012
6698 7942 7591 8035
7981 4202 9483 5253
9483 9055 10000 9856
1445 2669 2224 3625
214 8069 3192 8163
2224 2899 4175 3625
1506 8407 2073 8670
698 3691 800 4763
0 8163 4710 8407
6766 1171 8197 1649
1943 678 3781 833
5933 8165 6698 10000
1399 7338 2172 7593
0 9899 5367 10000
6813 3493 9679 3691
4221 833 5057 1045
4331 4477 4615 5790
3376 4029 6223 4202
3376 3921 5515 4029
4221 1045 8292 1140
2496 9462 3088 9899
6904 276 6963 578
444 5931 2438 7320
6223 3918 10000 4202
2857 2669 3416 2708
6211 4586 6600 5412
2677 6682 3192 7745
800 5790 2012 5904
5933 7437 6440 7825
9483 4202 9932 8951
5448 2906 6302 3691
6474 0 9572 92
7981 6422 8561 6633
7981 7482 8949 7817
6223 6000 6722 7437
7722 3149 8898 3493
5485 5524 6719 5790
1321 4670 2124 4898
800 3691 1321 5680
4285 1140 5590 1737
9004 7482 9059 8023
1321 3691 2124 4670
524 9301 1117 9362
0 8407 524 9410
444 3625 698 5680
3114 3691 9679 3918
3192 7886 5367 8163
1943 1961 4221 2669
4615 4477 5485 5790
2554 4898 3915 5098
6307 3513 6813 3691
6698 8194 9004 9073
9586 0 9997 1756
698 4763 800 5680
