1017 594 1529 1534
7946 7835 8680 8057
2704 1623 7947 1787
4930 8200 5208 9149
8680 7569 9865 8057
4914 8057 9398 8109
639 4123 1054 5508
62 1419 339 4412
70 471 1017 1419
4994 9359 6618 9816
1361 3874 1560 4123
2958 6429 7580 6523
3660 8816 3887 8873
5023 0 6623 294
1893 2410 2653 2924
362 5674 462 8604
9132 5492 9865 6271
1529 0 5023 244
3330 405 4875 1279
6008 6418 7467 6429
8336 4596 8607 4928
339 1787 1538 2254
6618 8200 6919 9843
1567 7835 2546 8343
6919 8356 7658 8756
6066 9843 7658 10000
6 0 70 1408
8584 6271 9865 7261
2546 7835 2598 8764
1684 3812 2976 4088
9398 8057 9829 8889
639 3812 1077 4108
2353 6429 2958 6912
4839 3131 7658 3171
2065 4734 2906 4841
9143 933 10000 1458
5644 3295 8159 3470
1255 577 1529 594
4839 4309 5548 4568
6623 98 10000 294
1567 7569 5841 7835
7860 5027 8163 7194
462 6912 1567 7527
4965 7835 7946 8038
462 9526 1663 9843
70 0 1017 471
5841 7569 6775 7835
1055 4123 1683 5578
4105 2066 4839 4596
639 2254 1538 2787
7123 294 10000 420
6322 294 7123 933
1623 1882 2153 1988
5043 3599 5644 4050
3067 1882 3526 3812
4875 405 6059 1623
1623 1989 1816 2858
2020 8994 3660 9359
7658 9431 8286 9520
2976 5507 7030 6094
7947 1623 9143 1787
9211 3531 9654 3723
8773 5044 9967 5492
1567 6912 2958 7261
1567 7261 3026 7548
1567 8343 2107 8808
6059 294 6318 895
1921 1989 2453 2408
339 2254 639 5674
8163 5027 8584 7261
1021 7527 1567 8808
9143 1458 10000 1981
6141 4980 7030 5507
8020 3531 8032 4118
1161 8969 1449 9526
6919 8200 8349 8356
1623 1787 9143 1882
639 6429 1777 6912
3829 6524 5264 7098
8627 5530 9132 5689
8349 8304 9332 8792
339 1419 1017 1592
1683 4088 2065 5578
6059 1504 8958 1623
5301 8200 6582 9284
4725 300 5069 405
462 9843 6066 10000
9220 3780 9483 4700
6305 6537 6952 6737
639 5578 2065 6133
2397 6094 6686 6114
7030 4596 7807 5087
3947 7835 4914 8974
6919 8756 7658 9843
2020 8808 3660 8994
7658 9647 10000 9999
6775 7569 8680 7835
762 8825 1435 8845
9654 1981 10000 3632
1663 8845 2020 9359
6738 1882 7185 1962
639 2787 1623 3262
6059 933 8853 1476
4839 2826 9589 3113
1449 8845 1663 9526
3986 9359 4407 9721
462 5674 639 6912
1663 9359 3986 9843
6623 0 10000 98
4914 8109 6101 8197
639 3262 2738 3812
4105 4980 5236 5452
7123 420 7314 933
7747 6094 7855 6728
4105 4653 6006 4980
1529 1293 2542 1343
8768 3780 9220 4537
8349 8792 9387 9329
1529 244 3330 1279
2107 8343 2546 8808
1777 6429 2353 6912
2958 6524 3605 7208
2704 1279 4875 1623
4048 2056 8991 2066
3921 7261 9865 7569
3898 9034 4487 9175
7314 420 10000 933
9717 4996 9912 5027
3660 9313 6609 9359
462 7527 1021 8808
2599 7835 3947 8808
9865 5492 9995 9112
1538 1809 1609 2452
4839 2066 9433 2344
1017 1534 2704 1592
5153 6184 7218 6409
2738 1882 3067 3812
5208 8200 5301 9313
5644 3216 8933 3295
6151 8119 9397 8200
4048 2066 4105 5507
3330 244 4651 279
339 1592 2704 1787
639 6133 4998 6332
5651 2428 6079 2670
3526 1882 4048 5507
5264 6737 7501 7207
2976 3812 3526 5507
8349 9520 9854 9637
6079 2428 7546 2683
