4975 7943 6176 8228
5210 2005 6624 2551
5139 3730 5302 3964
4580 2954 5809 3701
5634 802 8766 1053
9235 2849 10000 3472
5339 9287 6351 9586
3127 3989 4175 4032
5836 2954 8456 3105
5207 144 5338 244
2951 6525 4372 7003
3760 1361 7087 1394
0 9394 2959 9760
7607 4332 9072 4589
7607 3660 8256 4084
0 9793 4339 9794
3312 8056 3746 8154
3211 450 4414 540
3622 1644 5178 1656
1731 8334 2560 8414
4424 7342 7297 7943
8938 2395 9709 2551
1037 564 1662 2954
1786 6585 2540 7001
3772 9668 8774 9711
8456 3588 9072 4332
2013 5264 2540 6088
1832 594 3760 766
0 7556 1382 8618
4319 1053 7477 1361
4518 8485 4614 8708
703 4776 1786 5180
690 3103 2259 3397
8687 6871 9697 6903
8052 5426 9924 5626
3000 4915 3390 5561
5795 8266 6253 9171
9243 122 9643 1051
469 4776 702 7001
9643 122 10000 1644
4621 3974 4956 4077
3964 2954 4580 3711
1731 8414 3031 9346
189 3415 3238 3677
4319 903 4948 1052
3772 9208 5245 9269
7142 2854 8514 2952
8424 4589 9921 5085
0 7523 4318 7554
255 4776 469 6762
4372 4915 6148 5456
565 7001 2031 7521
9946 3472 9995 5670
185 861 690 3334
154 708 617 718
5210 2551 9235 2691
22 0 3293 325
5210 1680 7417 2005
7010 7943 7297 9411
1731 7584 3100 7866
23 3419 154 7055
1662 1613 2251 1762
9697 8504 10000 10000
4424 5831 7148 6607
3127 4472 5498 4666
9086 6903 9657 8309
4647 8946 5028 9124
2574 1493 2828 2592
8390 5626 8574 6600
8687 5626 9301 6871
3238 2954 3964 3711
0 9794 8392 9963
7607 5106 9805 5426
3293 0 4569 325
1662 2691 8958 2802
9697 8139 10000 8504
4424 9172 6519 9206
7297 7342 7961 8271
2540 5264 3000 6525
7666 4589 8424 5010
1662 766 3711 865
5634 599 8766 802
9301 5626 9912 6310
3313 9712 8781 9758
703 6559 1730 6988
8122 1644 8938 2551
8938 1649 9650 2395
7607 5426 8052 6618
3772 8124 4424 9208
4836 450 5634 564
3836 4915 4372 5231
8667 9794 8920 9973
7297 8271 8099 9110
1963 5264 2013 6088
7204 6618 8632 7169
9235 3472 9844 4271
690 564 1037 2120
2032 9963 3430 10000
3464 1656 4411 2691
6457 7943 6600 9015
2828 1493 3378 2691
2540 6525 2626 7022
7204 3105 7518 4196
2649 6525 2906 7001
4522 6607 5330 7295
1037 2954 2259 3103
0 0 22 7523
9072 2691 9220 4521
9709 1644 10000 2726
5330 7238 7828 7342
9924 5426 9946 5518
3000 5561 4127 6376
3390 4915 3836 5231
702 4776 703 6709
1963 6124 2253 6585
8163 5986 8390 6148
154 4515 3127 4666
9235 2726 10000 2849
3320 7556 4424 7866
5330 6607 6997 6782
23 325 6842 450
9301 6447 9688 6858
22 7055 149 7355
5836 3105 6297 4288
3760 564 4319 1361
4372 5493 5011 5813
7961 7342 8611 7812
8766 122 9220 952
5026 5493 6602 5820
9697 6571 9930 8139
8687 6903 9041 8959
9235 2551 9709 2726
1786 5264 1963 6585
6260 7943 6446 9070
6600 7943 7010 8816
7477 1053 8122 2005
6305 3105 6626 5241
5634 450 8766 599
1662 2823 7142 2954
5104 8287 5795 8774
23 1038 153 3419
4173 4032 4277 4411
4569 248 7360 325
1662 907 3756 1394
4372 5831 4424 7523
7549 9411 8650 9658
3772 7866 4424 8124
3864 9287 4429 9565
5553 4252 5836 4356
1662 1762 2562 2689
6842 325 8766 450
3507 7003 3592 7509
3378 1656 3464 2691
6624 2005 8122 2551
6640 4129 7200 5309
154 3974 3127 4515
8456 2954 8958 3588
1662 2802 8958 2823
8958 2691 9067 3291
22 325 23 4917
3744 9478 3772 9711
703 5180 1786 6559
154 3711 5139 3974
1662 1394 7477 1493
8122 1053 9643 1644
7620 4084 8456 4331
4569 8 9768 122
3432 1502 7477 1641
9086 9202 9665 9283
270 8698 1080 9107
4690 7954 4894 8413
154 4666 6305 4776
8632 6618 8687 9411
4411 1656 5210 2691
1786 4776 3000 5264
3390 5231 4372 5561
2259 2954 3238 3415
690 2120 1037 3103
3000 4776 6305 4915
7228 4743 7607 6545
