2971 3781 3840 3945
1481 2678 1802 4049
3212 8276 3695 8555
3813 9239 5445 9544
0 728 779 1260
4649 1477 7163 1966
2161 720 6164 1240
3507 5800 3858 6276
1942 8748 2866 9367
1318 1352 1472 7727
6164 274 6746 1352
2601 1966 2971 4790
8599 4882 9200 7085
2927 9595 3645 9769
116 6925 819 7727
1318 152 5940 273
8867 1962 9983 2167
9390 1173 10000 1958
0 1260 819 1885
3645 9546 4674 9867
6110 3648 8248 4005
8867 0 9384 1954
1597 6984 3813 8276
2601 1874 4088 1958
2404 5556 3003 6331
117 7727 162 9043
7836 230 8679 669
4386 307 5330 694
797 7727 1472 8748
1472 4790 1597 8276
1597 6450 4394 6984
4004 1966 4494 4033
5779 8467 8798 9029
6110 1966 7163 3648
1318 346 4207 720
3813 6984 4888 9239
2184 9367 2860 9777
4394 6516 4884 6982
8798 7967 9981 9414
6474 6974 8599 7507
116 3415 819 5839
1597 6333 4789 6450
162 8748 1942 9367
1978 5555 2390 6295
7163 1352 7790 3648
2971 1966 4004 3781
4494 1966 6110 4033
8368 2003 8838 2503
1597 4790 5525 5555
8416 2814 8702 3845
162 7727 797 8748
3010 5566 5487 5800
1802 1744 2601 4092
823 1101 1318 7646
5779 7507 10000 7967
5525 4790 7683 5408
1545 8276 1607 8733
5900 6128 8251 6974
2971 4033 4380 4790
8798 9470 9656 9996
5996 4033 8867 4790
5779 6974 6474 7507
1607 8276 3212 8748
1318 1240 5276 1314
2866 8748 3813 9544
9473 2306 9967 6168
1472 4092 2601 4790
6746 0 7836 1352
9390 983 9996 1173
5525 5534 6994 5555
2056 1701 4649 1744
4380 4033 5996 4790
4888 6331 5445 9239
5807 5555 6438 5936
8867 2202 9826 2306
0 1885 819 3415
7790 1646 8045 2565
8867 2306 9473 4790
7790 1352 8867 1646
4649 1369 5275 1477
9390 86 9972 503
116 9367 2184 9815
5330 273 6013 717
5445 5800 5779 9544
6381 9029 8798 10000
5779 7967 8798 8467
4675 9544 5496 9628
0 9815 2866 10000
2866 9867 5779 10000
819 3 6529 140
116 5839 819 6925
0 3415 116 9815
1318 720 1526 1186
5779 9029 6209 9826
