5245 7517 8582 8663
9390 2343 9604 3970
2 274 41 7443
2058 1725 6490 2604
3833 3411 5788 6546
2380 7039 3677 7145
8593 6854 8962 7890
5788 3411 6490 5762
7830 4210 8067 4992
2380 2604 3833 5782
1721 1725 2058 2367
5580 0 6490 1725
8088 4210 9022 6532
5245 6734 7400 7395
2484 7245 3869 8941
7409 5218 8002 5662
4878 8931 8089 9355
1051 5698 1670 6202
9069 5458 9906 6417
3833 6546 8229 6734
3833 2604 4643 3400
9069 4210 9629 5385
7830 2343 9390 4210
798 4398 932 6095
7554 971 9338 2343
8582 7890 10000 10000
1012 6202 1635 7930
5609 9813 8582 9993
5788 5762 6484 6381
9338 971 9671 2269
1670 2604 2380 10000
2484 8941 3869 10000
41 6095 906 9536
6490 0 9677 971
419 0 2284 274
7409 2343 7830 5218
4878 7579 5195 8488
4878 9355 8159 9812
7588 6734 8167 7459
6490 2343 7409 6546
2391 7145 2484 9636
932 6393 1012 9529
8229 7496 8482 7517
2380 5782 2775 6513
2552 0 4774 197
4725 2604 6490 3411
3869 7145 4878 10000
190 9538 1568 9970
3714 7166 3869 7245
9677 0 9934 4764
8962 6546 9998 7889
4774 0 5580 1725
6490 971 7554 2343
5245 8663 8582 8928
2656 197 4774 1648
8165 8928 8380 9350
241 274 2552 802
