3442 3883 5550 3918
6173 3876 6351 3935
0 6106 614 9632
2514 1698 2559 4532
6424 2785 7021 4325
3750 2785 5013 3457
928 7373 2085 7781
1873 4986 2770 5473
2055 5473 2180 6489
6424 4325 6924 4750
4348 1533 9601 1855
5437 7430 7204 7666
4407 1855 6568 2063
2488 6655 2877 7577
4213 0 5174 725
5595 5973 5968 6495
6568 1855 7021 2785
2106 3222 2493 4170
614 6106 970 7373
1475 4299 2514 4967
3750 3465 6424 3876
5116 7430 5437 9741
928 8082 2792 8176
6370 6191 7858 6792
8484 5175 8696 7796
2770 6392 4551 6655
6424 4816 8689 5077
1895 5473 2055 6957
614 8416 928 9632
7021 1855 7069 4816
4630 6792 5076 8015
0 9632 2035 10000
4000 6792 4630 8015
2514 471 4009 946
2085 6489 2180 7772
2877 6792 4000 6920
3517 4353 4049 5580
4111 3993 4384 6392
4552 3918 5558 5151
970 5150 1606 6103
1036 471 1786 1293
6370 5878 7858 6191
2180 6655 2488 7577
7859 8669 8001 9185
7858 5878 8443 8428
1606 5150 1873 7373
3517 5580 4058 6330
490 473 638 1358
5595 5175 6370 5973
4213 726 9493 966
1036 2888 2204 3222
638 473 749 1405
7069 1855 7446 4410
6370 5175 8484 5878
0 4986 970 6106
4551 5175 5595 6655
1796 764 2237 1463
7446 3996 9049 4410
0 1179 486 3510
8015 9770 9312 9824
2667 3533 2742 4390
8524 3119 9049 3996
3442 5051 3517 5873
5076 6969 7204 7430
2770 2157 3001 3397
7592 7503 7606 8026
8524 1855 9601 2553
5558 3876 6173 5175
1796 471 2211 584
928 7781 3906 7925
0 3510 749 4338
8524 2840 9021 3119
9245 2553 9601 6589
2577 973 2650 4835
2770 5969 3517 6392
9601 1974 9644 2093
5437 9178 6435 9752
3015 2755 3376 3510
928 8176 1875 9456
749 4299 1475 4986
8724 4816 9234 5631
2035 9824 9828 10000
1036 0 4213 471
2242 1094 2502 1765
614 7373 928 8416
749 3222 1329 4299
3442 2157 6055 2768
4599 8015 5076 8798
8724 5646 9213 6030
4064 8015 4599 8798
970 4986 1873 5150
1765 4973 1968 4986
2770 1508 4348 2157
3331 1070 8418 1187
5995 1341 7924 1508
5437 7666 6195 8890
2180 5473 2770 6655
8989 6589 9600 6600
9648 1508 9799 9488
2877 6655 6370 6792
5021 2785 5588 3463
7069 4410 9245 4816
1329 3222 2106 4299
9828 4193 9892 5736
5225 6843 5598 6969
5175 12 9797 228
7566 1855 8127 3174
9049 2553 9238 4394
486 0 1036 473
5219 1508 8149 1533
2035 8798 4425 9705
7204 6969 7592 9178
2180 7577 4000 7762
0 4338 749 4986
8127 1855 8524 3996
2770 3510 3442 5969
5175 233 9969 726
751 473 1034 3207
3442 2785 3750 3876
3635 8176 4064 8589
2055 6489 2082 6903
5933 2879 6354 3465
0 0 486 1179
2035 8176 3531 8797
1036 1463 2239 2875
486 1405 749 3510
970 6103 1606 7373
2877 6920 4000 7577
8001 8484 9600 9447
