702 7631 1112 8200
4668 570 6367 692
2106 3963 7109 4261
856 834 1880 857
2986 8800 3185 8817
2799 3084 4648 3606
6056 9573 6289 9727
856 321 1958 834
7096 4377 7586 4480
2429 2327 3111 3084
5429 2327 6176 3658
5283 7795 6274 8271
582 321 856 1693
1703 4359 3112 5112
8283 1954 9421 2313
3063 6953 3705 7352
5283 8271 6757 8711
1359 9030 1969 9335
26 9770 3781 9882
6176 3512 6415 3707
391 8653 777 8711
8808 5577 9209 5968
7760 8271 8542 8711
4415 6934 4875 7314
9778 0 9982 6582
1753 6584 9778 6669
1703 5112 6858 5207
4841 697 8046 750
3575 4446 4683 4511
1112 7075 1521 7793
4308 9005 5077 9728
3112 4359 3575 4951
1682 9882 3367 9995
606 5207 945 6175
7971 2801 8711 3822
8966 8271 9147 9753
1606 2028 2161 2303
1359 9335 2638 9671
586 7075 1047 7471
2106 3084 2731 3944
3996 5208 9647 5287
275 1997 3777 2028
1958 800 3406 1603
3063 7556 7236 7795
9145 3822 9763 5002
9801 8271 9995 9618
4203 9005 4308 9922
3575 4359 4761 4446
7664 3842 8958 4126
6176 2327 6407 3262
3185 8711 3781 9001
3781 9005 4203 9882
3119 2327 4428 2959
1753 6669 6323 6675
6061 6087 6346 6569
0 145 2881 321
8046 570 8102 2327
26 8817 2775 9030
4830 2191 7482 2327
6306 4359 7096 4951
3846 800 4157 1960
422 3084 923 3774
3726 6934 3813 7328
3996 5287 5329 5791
8711 2801 9613 3034
3491 5207 3996 5763
9673 7318 9958 8271
8400 6865 9804 7313
7832 7540 8840 8264
7096 4480 7653 5112
4415 7315 9673 7540
8988 3822 9145 5207
4432 2327 5116 3054
5513 8852 6056 9728
8286 5807 8709 6062
9174 8271 9756 9976
1069 6699 2338 7075
2852 2202 4173 2327
6429 2783 7435 3512
955 3084 2069 3771
6776 6669 8400 7315
586 4371 1703 5207
6858 5112 8058 5207
3291 5791 5329 5949
1958 570 4668 800
3446 145 9274 333
3873 6087 5548 6545
6757 8271 7760 8711
8852 8271 8966 9188
6524 6087 8194 6237
8711 3034 9778 3256
7824 4126 8988 4287
3287 1795 3846 1967
116 3774 1703 4371
7329 7540 7814 8230
2548 1832 3174 1997
5712 5373 8930 5542
3781 8599 5283 8852
3873 5949 5329 6087
2036 8338 5091 8599
4689 100 8654 135
5924 6677 6776 7315
3575 4544 5882 4902
800 9030 1359 9770
8058 4287 8232 5175
2344 5207 3291 5949
116 2028 412 3762
8102 1508 8283 2327
8542 8271 8837 9744
9428 1919 9438 2250
5283 8711 8542 8852
6274 7795 7329 8271
6708 5779 7430 6087
0 100 4689 145
7653 4309 7738 5112
5331 0 9778 100
8720 4287 8988 5207
26 9030 800 9770
6335 8852 7514 9603
4122 349 6568 417
3446 333 3861 559
6811 421 8088 546
3832 8875 4232 9005
5456 1262 5595 1794
2057 5417 2344 5657
5086 8852 5513 9728
1576 857 1958 1795
1958 321 2209 520
2010 5207 2330 5391
7430 5779 8286 6087
4830 782 5455 2183
9466 3361 9683 3570
8268 4287 8720 5190
4989 4391 6306 4544
7905 4287 7923 4880
7508 2717 7569 3846
1703 4261 7653 4359
4308 9728 8406 9997
3185 9305 3778 9714
2775 9108 3046 9334
9479 5577 9614 6176
6524 6243 7662 6504
7543 8852 8542 9727
1069 5660 2323 5949
5329 5779 6708 6087
7971 2349 8256 2801
422 2028 1055 3060
856 857 1576 1725
8283 1508 8830 1774
3119 2985 4175 3084
5329 5769 6126 5779
0 0 5331 100
1969 9030 2638 9312
5622 782 7045 2027
6429 2327 7416 2763
1546 7075 1623 7814
820 8337 1948 8584
6056 8852 6335 9572
4338 506 6811 522
5283 6677 5924 7315
2799 3659 4613 3842
4120 7795 4169 8280
4169 7795 5283 8337
7653 2327 7971 3822
3063 7352 4415 7540
3076 6685 5204 6934
8400 6669 10000 6865
8102 417 8978 1508
4687 697 4830 1613
31 3829 116 6193
8711 3256 9449 3672
945 5660 1067 6997
9613 100 9778 2734
9274 145 9543 1579
2881 145 3446 570
2525 6677 3063 8337
4911 6934 5202 7311
1753 5949 3873 6584
26 1725 1381 1793
2429 2028 4173 2202
8283 2313 9613 2801
3185 9001 3781 9305
1069 5949 1753 6677
5 7532 26 9709
5140 2327 5332 3033
1112 7821 2525 8337
5204 6677 5283 7315
26 321 453 1640
26 1795 1680 1991
4173 800 4668 2327
8978 417 9241 1372
187 4418 586 4511
8745 3674 9399 3807
9550 100 9592 1167
1141 2368 2429 3036
1703 3897 2097 3981
2429 2202 2852 2327
1623 7075 2525 7821
3112 4951 7096 5112
945 5207 1995 5658
