5363 7611 6278 8736
7862 3652 8970 4519
0 2967 1056 3883
3996 3562 5876 4349
3996 2400 8695 2808
2556 4349 3033 7595
0 4484 1226 5818
1225 1145 1226 3244
2443 1180 3606 1779
8970 3652 10000 5299
1829 8802 2462 9358
3996 2199 8474 2400
4411 6609 5615 7594
6314 2808 6373 6220
8807 0 9030 1417
1226 2956 3617 3395
9613 0 9930 1809
8204 7243 9366 8041
3033 4349 3575 7967
4738 8003 5342 8737
3609 7611 5186 7902
6373 2808 8695 3652
7067 4519 8970 5299
4013 2808 6304 3417
233 7906 1641 8273
7629 5373 8370 7243
8566 8041 9688 8760
1933 1180 2359 2803
6006 0 8337 1132
379 240 1056 2967
0 0 1933 240
2443 1779 3841 2628
8734 2189 9954 2389
9366 5299 9433 6470
1829 8003 4712 8792
0 5818 1669 7252
1999 9884 4876 9992
7086 3652 7862 4412
3727 1180 3996 1613
4876 9360 9756 10000
3996 2024 6501 2159
1056 240 1223 3868
7067 8768 7516 8976
1829 6947 2122 7768
1226 3408 1540 5159
13 410 379 2962
1226 240 1448 2956
9756 5299 9953 9528
1669 3408 1829 9360
1829 5685 2522 5751
0 7252 233 10000
7067 5299 8370 5373
3609 4349 4777 5018
6304 6269 7067 9360
2536 3482 3098 4231
8370 5299 9366 7243
7067 5373 7629 8768
7629 8841 9657 9360
3996 0 5303 2024
5303 0 5998 1128
1669 9545 4376 9798
233 7310 1585 7881
8695 2400 10000 3652
1933 0 3993 1175
4778 4349 5955 5018
7629 7243 8183 8792
6373 3652 7067 6269
3609 5018 4271 6002
5956 3542 6138 7408
8382 0 8743 789
2533 8792 6292 9360
5303 1133 8805 2024
0 3883 1226 4484
233 8273 1669 10000
1448 240 1933 2956
4498 5444 5685 6587
