1446 735 3862 1100
0 3485 670 4108
4134 9272 6377 9804
7806 2487 8995 3927
4440 4399 5079 7334
2867 4002 3880 4306
5079 6327 5400 6804
9776 4152 10000 10000
6434 5600 8309 6422
5079 5068 6202 5451
6308 7334 6666 7639
582 4399 2706 6048
9278 4152 9776 7521
3692 3227 5737 3630
2442 8095 4134 8824
1950 7334 6075 8095
6377 9272 9009 9804
8323 7042 9009 9272
2859 1100 3862 1628
582 4345 3944 4399
9278 7521 9737 8834
6434 6434 7497 7176
5095 5553 5546 6128
583 9036 1950 9132
9274 2487 9278 6026
3735 1925 3989 3222
6666 7930 8018 8086
2442 9804 9776 10000
8122 6959 8282 7898
6809 1164 7806 4333
5525 900 10000 1164
1 2460 844 3377
9009 2487 9246 7492
4561 1628 5552 1845
7806 5164 8956 5570
7806 3929 8773 4088
0 9916 2442 10000
854 735 1445 2717
5090 4576 5954 5019
854 0 2569 735
1218 6064 1948 8514
2513 1628 3692 3630
7806 1164 8068 2283
3391 4399 4440 6156
0 0 854 2460
1446 1628 1831 3198
1831 1628 2513 4333
1950 8095 2442 9916
5525 0 10000 397
2569 0 3862 735
983 2721 1446 3341
9278 1164 10000 2116
1950 6064 2680 7067
4690 1164 5737 1628
6434 4333 7805 5567
5303 8117 5954 8661
2755 6156 4028 7294
787 3485 1697 4271
7806 4120 8982 5164
3862 0 4690 1628
5546 5553 6372 7160
527 4333 582 9570
1446 1100 2859 1628
4134 8095 5303 8675
674 9132 1198 9746
2785 4399 3391 6140
3989 1925 5737 3227
9104 7544 9271 8011
8323 6723 8850 7042
5737 1164 6809 3630
2442 8824 4134 9804
5525 397 6840 900
8100 1164 9195 2487
618 6064 1218 8249
9278 2116 10000 4152
6666 7334 8122 7930
3880 3630 6809 4333
4134 8675 8323 9272
6840 397 10000 900
4690 0 5525 1164
