3005 8453 3205 8891
1053 7825 1215 8442
0 13 3476 1060
8945 816 9116 5626
1071 9729 8276 10000
6382 5626 6742 8628
1071 8442 3005 9729
5769 2719 6382 7546
6370 1800 7859 2719
3745 5313 4956 7451
594 1060 3458 1418
1344 6750 3383 7540
2400 3401 3182 6750
8276 6486 9299 6753
704 1450 755 3191
3182 5537 3441 5716
6742 5626 9402 6486
5311 953 6734 984
376 5506 2400 6203
9402 4812 9798 6761
6382 2719 7859 4200
6850 5345 8945 5626
0 4790 2400 5506
3081 8891 3671 9721
3671 7546 4308 9729
4308 8205 4689 9729
376 6203 1344 7546
9798 4468 10000 9443
3475 2270 5769 3153
6638 4200 8945 5345
7859 3207 8865 4200
6448 9136 7159 9719
6449 4998 6638 5321
4370 0 5311 492
8276 8489 9798 10000
0 5506 376 10000
3475 3153 5032 4931
9116 0 9402 5626
7859 1800 8865 3207
3475 4931 4917 5258
1344 6203 1476 6743
7183 0 9116 816
1433 2283 3471 3401
1433 1605 8865 1800
6382 8628 7833 8707
755 1485 6108 1605
9249 6761 9798 7840
1433 1800 5769 2270
5311 0 7183 953
6833 6486 7854 8367
919 1892 1433 3041
3483 492 4526 1381
5962 8883 7344 9103
376 8442 1071 10000
4406 7816 4583 8205
5032 3153 5769 7546
5962 7546 6296 8651
4535 1034 5301 1332
8276 6761 9249 7840
3204 3401 3475 4684
4689 7546 5912 9712
8865 816 8945 4200
7912 9136 8274 9638
384 3401 2400 4790
9402 4507 9756 4812
7183 816 8340 1537
3483 0 3951 492
9402 0 10000 4468
8276 7840 9798 8489
63 1060 384 4061
7854 6486 8276 9136
5861 1821 6370 2542
6459 5360 6850 5461
