0 0 113 8029
6419 2619 8522 2688
6871 3578 7482 5748
891 9342 3181 9579
6844 5921 7605 6196
225 6651 891 7359
507 2814 4964 2959
257 5167 1520 6061
5595 6766 5937 7801
257 4964 1520 5167
8624 7604 9522 8397
2367 5811 3379 6444
3437 396 4013 2401
3295 9964 9038 9965
6102 2965 6442 5748
257 4804 1124 4963
5595 6680 9522 6766
137 7365 312 9632
1851 8684 5977 8954
4534 0 5886 879
9967 0 9990 9149
6365 6766 7742 7621
7557 0 7750 949
5449 3941 5622 4159
4112 8293 5977 8684
8388 7526 8624 7577
7750 0 9721 875
8770 6132 9967 6506
896 6651 981 9200
6419 0 7495 2157
2942 6973 5595 7265
7742 7628 8530 8123
5977 8642 6221 8715
260 396 351 3391
9721 1016 9952 3717
981 9191 4477 9328
1125 3941 5449 4185
2337 407 3430 2456
5260 4206 5607 4395
2319 4185 3756 4497
1851 7801 5937 8142
4030 184 4322 1892
575 7365 872 9202
146 3120 257 5197
8964 2965 9620 4222
2367 6444 3379 6506
1520 6506 9967 6651
8964 4222 9967 4907
2026 5089 5659 5452
7311 8402 7729 8740
875 6061 1506 6195
507 2965 900 3405
8770 6054 9967 6132
5354 9191 5776 9850
7520 4316 7565 5049
7614 5748 8750 6390
7750 875 9122 2619
9755 8397 9967 9654
137 186 3996 396
9522 6651 9967 8397
6382 9212 9242 9936
4961 8142 6107 8239
606 4226 1125 4804
6898 8306 7281 8619
2175 6973 2942 7801
507 904 1530 1535
230 6287 875 6640
9620 2965 9721 4222
900 2965 3456 3405
257 3405 3190 3941
1766 4497 2019 4898
1125 4185 2316 4497
7742 8397 9755 9173
9122 1929 9705 2697
2026 5455 5648 5747
7742 6766 7871 7427
351 396 507 3405
981 6680 5595 6973
311 4226 606 4643
6028 1193 6079 1530
2026 4591 2979 4618
257 3941 1125 4226
7565 4316 7871 5730
1385 7801 1851 8954
7052 3339 7345 3578
6844 6200 7607 6506
3379 5811 4721 6252
6442 2965 6871 5748
8770 4907 9967 6054
6215 2775 9018 2965
1385 6973 2175 7801
1403 2476 1918 2814
3295 9342 5133 9964
7742 8278 8553 8397
5133 9342 5346 9841
2955 6651 9132 6680
3671 3311 3999 3395
3458 2965 5659 3311
3379 6252 6844 6506
6632 8715 7311 9029
5937 6766 6365 8142
1528 4964 1685 5611
7482 2965 7872 4316
875 6213 1424 6600
4211 7265 5595 7801
530 9586 1245 9893
8624 6766 9522 7604
6215 0 6404 2609
8838 2965 8964 4800
9242 9654 9867 9947
9122 875 9721 1929
6365 7621 7742 8293
9721 0 9967 1016
1125 4497 1766 4964
4322 1193 5019 2624
981 6973 1385 8954
4721 5921 6844 6252
981 8954 5977 9191
3190 3420 5205 3863
2385 4784 5664 5089
7872 4576 8561 5684
1851 8293 4112 8684
5033 1709 6195 2215
1520 5770 4665 5811
2942 7265 4211 7801
5664 2965 6102 5748
2766 110 3575 184
1520 5811 2367 6506
3756 4185 5260 4497
9242 9173 9755 9654
7872 2965 8770 4576
4322 947 5031 1127
4721 5748 7614 5921
