0 0 2620 199
3425 3491 5726 3795
144 5629 1087 6258
144 5409 1086 5629
2162 1589 4588 1926
1733 5106 2257 6416
5285 2404 5726 3491
2257 6556 3105 7219
645 908 6202 1004
8201 3481 9773 4134
2277 7533 2890 8527
6241 9753 9149 10000
9757 8876 9998 9962
7727 3648 8076 3798
4588 1589 7240 1926
9077 6659 9149 8630
1109 6627 1250 6840
5684 3795 7016 3858
8417 5572 8732 7190
7727 3798 8201 4717
5093 5390 6124 5724
3105 5229 4157 5921
9497 5011 9893 5251
9427 5572 9863 6654
645 3260 4377 3491
8924 908 9058 2915
1545 8661 3828 8813
6040 1995 6659 2044
1545 8527 7931 8641
5726 3487 7606 3795
2491 8813 2696 9867
6327 4717 7832 5094
6726 697 8861 888
31 7771 650 8099
7931 8527 8735 8640
8455 8641 9149 9753
6996 5390 7380 6756
7983 5572 8416 7987
3105 6000 3314 7094
1461 3491 1733 7219
645 2160 2843 2459
7669 5786 7839 6669
6263 2774 6860 3056
0 6909 1087 7771
5722 7988 8733 8512
368 8245 1211 9875
5303 7352 5578 7902
6153 5390 6986 5755
2520 2459 2843 3223
3204 420 6726 904
645 1926 7727 1995
3105 7094 4514 7327
5093 6954 7637 7288
1545 9903 5027 9993
8735 6659 9075 8627
5032 2840 5285 3491
8201 2016 8899 3465
2257 5106 8661 5148
0 420 144 6258
5202 8933 6241 10000
4989 5390 5001 7089
645 1008 859 1517
3997 1995 5032 2660
5684 3858 7727 4333
60 8245 368 9991
2620 0 4853 199
6241 8933 7773 9753
9832 3750 9888 3829
4377 2660 5032 3491
7240 1589 7628 1919
2381 3546 3271 4088
4514 5148 4989 7327
2491 4088 3425 4271
8436 5148 9497 5390
9056 4391 9462 4567
2639 4905 3501 5034
5032 1995 5726 2404
645 1589 1015 1926
3105 7327 4989 7731
7380 5390 9497 5572
5202 8641 8455 8933
9497 4134 9678 4278
3425 3795 5684 3935
2839 8813 4835 9878
144 4896 641 5096
8735 5572 9426 6648
0 199 4853 420
9062 2776 9863 3471
3475 7010 4358 7093
3863 6512 4323 6975
1015 1589 2162 1926
7773 8933 8455 9753
5797 2225 6259 3418
2472 420 3204 904
9894 1440 9981 6501
1782 6416 2237 7213
9149 7311 9764 8332
5093 5762 6945 6787
6726 0 8901 537
0 6258 1087 6909
9062 1440 9865 2773
1264 3491 1461 7219
1545 7268 1686 8301
645 2461 2474 3260
2257 5148 3105 6556
4862 8813 5202 9874
5726 2094 5797 3487
4989 5148 8436 5390
6327 4333 7108 4580
4496 4333 5476 5054
4853 0 6726 420
645 904 8883 907
3425 3935 5454 3951
3105 7731 4989 8527
887 1008 2933 1569
4173 4450 4496 4905
645 3491 1264 5409
144 420 2472 904
5578 7352 7655 7893
7870 6384 7983 7289
7625 3069 7727 3843
6188 4333 6327 5076
6263 3069 7518 3487
9497 4303 9892 4999
8201 4134 9056 5106
5093 7988 5657 8445
3075 1022 7365 1589
8936 0 9991 905
9062 965 9981 1440
1264 7219 1544 9996
9149 8876 9744 9964
5093 6856 6580 6954
4036 2821 4377 3135
3783 6044 4012 6512
7727 908 8905 1924
1087 5409 1244 6149
645 1995 2843 2160
2843 1995 3997 3260
144 904 397 4557
397 904 645 4557
5032 2404 5285 2840
6263 2094 7615 2766
