1778 8270 2444 9635
2444 8270 5888 8367
9595 6341 9900 6766
4705 1049 5660 1588
3164 767 8248 924
482 21 912 1715
11 2492 178 8770
3009 7662 3593 7990
8327 71 9396 841
5318 5469 6927 5842
9159 8131 9897 8587
1347 3989 1516 4070
8397 8270 8740 10000
7951 2966 8294 4077
8301 5943 10000 6341
5888 9141 6716 9986
0 3 2805 21
1729 8932 1778 9329
2444 8729 3633 9282
1594 5011 5371 5297
6927 5492 7073 6819
8559 960 8666 2557
5505 3761 6014 4038
7517 924 7951 2012
357 6823 907 7245
3633 8729 5888 9282
9443 9480 9897 10000
9897 7695 10000 10000
3745 7662 6927 8017
1651 2576 2763 2867
5507 5 8840 71
5237 5974 5569 6230
8248 2697 8312 2966
4073 5888 4205 5959
1963 6917 4219 7221
6838 4223 7383 4821
2763 2576 3439 3425
2703 1221 3039 1975
357 4478 899 6823
1594 6925 1942 7245
6237 71 7386 671
1386 4669 1505 6990
5724 5888 6598 5965
2745 7245 3009 8264
3745 8131 8740 8270
3570 408 5507 767
6423 6254 6927 7662
794 2576 1651 3026
6927 6819 10000 7234
178 1715 912 2015
7020 8270 8367 9077
7073 5943 8301 6819
7073 5469 9673 5943
2444 9282 3254 9965
5507 87 6228 362
380 7309 2745 8270
3865 3013 3911 3231
3164 924 5660 1049
2480 5311 4950 5883
3565 4775 4752 4932
8740 9480 9443 10000
912 723 1467 2015
7168 9317 8397 9986
794 3026 1347 3796
7202 2012 7373 2775
1467 408 3164 1049
5764 3013 6533 3263
907 4151 3191 4669
3961 1975 6674 2775
794 3796 1344 4151
1220 9756 1573 9810
2444 8367 5888 8729
859 8932 1628 9756
4911 4252 5303 5009
5507 362 6237 767
1467 1221 2243 2015
9159 8587 9897 9480
7947 4223 8291 4863
178 8270 1778 8932
5888 8483 6807 8880
1558 4669 2408 5006
79 516 482 1715
2577 369 3336 408
545 2107 794 2553
2142 2867 2763 3425
6927 7234 8254 8131
2243 1221 2703 2576
794 2107 2243 2576
9920 960 9991 3103
8038 4138 8501 4193
7202 1588 7517 2012
7373 2012 7538 4223
8301 6341 9595 6819
4876 3761 5272 4195
178 2107 545 4151
3009 8149 3677 8256
283 4151 357 6592
545 2561 794 4151
7532 5319 8347 5398
4121 0 5454 389
8871 4898 9654 5469
6244 8270 7011 8434
5660 924 7517 1588
919 4784 1386 6917
2703 1975 3961 2576
8740 8131 9159 9480
3009 7245 6423 7662
4394 6899 5632 7224
2429 4669 4408 4768
0 8932 859 10000
3191 4151 4483 4530
9673 4634 9947 5933
8327 3440 8743 4135
4518 3177 4851 4676
6822 4895 8509 5173
8254 7234 10000 7695
8744 2346 9671 4601
2142 3425 4518 4151
1467 1049 3039 1221
1558 5011 1592 6911
7538 2012 7951 4223
3745 8017 6927 8131
3039 1588 7202 1975
178 2015 2243 2107
2480 6254 4863 6284
6533 2775 7373 3759
1733 21 3806 335
8254 7695 9897 8131
3590 9282 5882 9989
1628 9635 2331 9848
6674 1975 7202 2775
3439 2576 3518 2758
3439 2775 6317 2967
5303 4223 6822 5011
8057 924 8085 1943
3164 408 3570 767
1594 5311 2473 6891
912 408 1467 723
1651 2867 2142 4151
3039 1049 4705 1588
