5633 6071 6845 6636
8064 4425 8078 7197
7691 1351 8628 1663
9005 5931 9770 7673
2688 8171 2984 8397
1864 7385 1936 7995
3720 1420 3995 4425
8731 9393 9147 9940
345 7884 1082 8454
4898 5005 5613 6141
1932 438 4628 633
273 967 935 2851
594 9322 2633 9405
935 2571 2058 2759
555 6029 1082 7884
6023 1789 7583 1987
191 3098 2075 3649
5105 258 6023 1420
2451 5037 4163 5565
8766 7945 9746 8637
1430 6804 1864 8012
1491 3649 2075 5566
4350 1420 4988 1720
935 2790 2064 3098
2856 258 4628 438
935 1585 1929 2571
1651 1044 1671 1585
2856 7556 7039 7781
6682 4425 8064 5716
8612 4177 8897 5912
7583 444 9778 535
6619 1218 7583 1789
8217 6502 8918 6943
3209 1287 3561 1411
4898 6141 5613 7556
9664 982 9919 2484
6674 3223 9483 3750
9062 8638 9513 8787
6273 2926 6373 4159
5613 6639 6266 7383
7691 2579 7878 3209
6423 9393 8050 9949
3995 1420 4350 4425
7393 5785 7661 6071
2263 967 2451 4966
2451 4435 3136 4623
2075 4966 2451 5603
6397 3223 6674 4425
6674 3750 7065 4168
8079 5386 8372 5931
150 438 191 8071
0 6899 119 6924
4226 4425 5613 5005
6228 4425 6661 5681
7583 536 9159 838
1430 6521 2346 6804
594 9419 1354 9865
3091 5603 4226 6029
1932 768 3475 964
605 3685 1491 5421
3111 8171 5984 8799
1864 6804 2519 7310
2688 8801 4279 9244
191 3649 345 8454
5984 8171 6458 8631
4226 5005 4898 7556
594 9405 6423 9419
0 258 150 6134
1354 9419 1523 9757
7691 1684 8347 2410
8121 5931 9005 6439
7893 6071 8064 8012
3648 1420 3720 3953
1082 6432 1430 8012
2451 1806 3631 2423
5194 8800 7723 9393
4995 3346 6273 4022
1082 8171 2052 8445
4995 1420 6014 1942
8630 1346 9428 2130
1555 521 1932 946
8468 4177 8590 5890
9147 8799 9976 9733
2856 6029 4226 7556
594 9865 6423 10000
8064 7945 8764 8008
1932 633 4628 768
6266 6639 7024 7383
2095 2954 2246 4966
8902 3750 9594 5700
150 258 2856 438
1929 967 2263 2571
1443 458 1799 521
2451 967 3209 1806
4995 1987 6397 2926
555 5603 3091 6029
2583 6029 2836 6916
7583 931 9552 1346
4350 1728 4995 4022
5613 4425 6228 6071
7067 3750 8902 4177
345 3649 555 7884
2688 9393 6423 9405
1082 8012 8766 8171
9483 1346 9655 3745
5613 7383 6909 7553
6845 6071 7893 6639
7724 8799 9084 9364
6023 258 6619 1789
6674 4177 8468 4425
1090 6125 2583 6432
6397 2669 7500 2717
4628 258 5105 1420
2451 3102 3648 4425
7587 2115 7691 3223
3517 4425 4112 5028
2451 2430 3648 3102
4995 2926 6273 3346
33 7796 127 9631
1644 9419 6423 9865
4350 4022 6273 4425
2583 7781 7039 8012
191 438 1443 967
7039 6639 7893 8012
9771 7811 9989 8077
6683 302 6773 1218
9171 610 9788 812
150 8454 2384 9322
150 9322 594 10000
3648 768 4447 1326
2384 8171 2688 9322
8064 7674 9640 7894
2451 4657 3470 4981
0 0 10000 258
