6540 3324 7227 4272
6357 2322 8655 3254
2964 6397 3095 9035
4289 4315 5224 4778
967 1761 2600 2112
6098 5092 8780 6306
6437 0 6967 848
911 1761 931 9534
3015 1761 4378 3246
1289 109 4946 463
11 109 480 2606
931 5414 6098 6306
9201 3254 9564 4313
3428 7789 4258 9596
7227 3254 9201 4354
0 0 5564 109
7273 541 8355 1829
5148 848 7273 1761
4343 6397 4701 7403
4260 9168 6599 9547
40 2670 209 9192
910 9616 5139 9858
4910 1761 5628 3188
910 463 3676 736
5564 0 6437 848
4261 7789 6621 9159
7546 6841 9855 8826
6621 7789 7546 9547
931 4315 3600 5027
6967 0 7273 848
4701 6306 8594 6841
1200 7419 1930 7520
8355 541 9614 2315
480 109 910 10000
4701 6841 7546 7789
5224 4704 6098 5414
910 109 1281 445
931 8363 1733 8376
8780 5092 9614 6306
3137 7830 3428 9307
8655 2322 9614 3254
931 5071 4730 5414
910 848 5148 1761
931 2159 2954 3210
1930 6306 2899 7005
5628 1829 6357 3254
5244 3665 5759 4704
4385 1761 4886 3219
8594 6306 9998 6821
209 5080 429 9356
9614 541 10000 6306
6551 2315 8081 2321
6728 4354 9614 5092
931 3256 6981 3324
6357 1829 8355 2315
7273 0 10000 541
931 3972 5198 4314
3048 6306 4339 6397
1930 7021 2857 9183
4785 9547 5307 9610
6098 4354 6631 5086
6279 1793 7250 1829
931 3324 5190 3968
4946 175 5392 838
