6153 8636 7764 9819
38 163 154 8351
8896 8536 10000 10000
7029 3467 9653 3933
2399 1406 2656 2947
935 7812 2098 9277
2360 3227 3821 3883
5308 6645 6508 7064
727 163 1190 3728
2548 361 6934 1062
2678 7695 3006 9662
6432 5418 7968 6548
798 5280 2664 6627
3664 1063 9206 1406
2360 3883 2896 5280
1234 163 2548 1062
0 5 9376 163
9204 3933 10000 8536
2741 2226 8098 2305
4473 3933 6211 5352
2896 3883 3821 6645
2656 2305 4473 3227
727 3811 2278 4097
8129 2336 9813 2873
798 6627 2664 7695
4777 8124 5578 8608
3083 7794 4301 9755
4473 5356 7917 5418
8955 387 9067 1063
536 5280 798 9100
1803 1063 2229 2982
8129 2873 9653 3467
496 3518 709 3819
6944 1406 9206 2226
4692 8636 6153 9783
1203 1063 1754 3715
3034 7695 4277 7792
4473 2305 4975 3467
3821 3227 4473 6645
8896 3933 9204 8536
6676 3933 8608 5356
2188 9694 2669 9819
4316 8120 4673 9742
4975 2305 8129 3467
3266 1063 3664 1282
4473 3467 7029 3933
6019 7094 8694 7658
2664 5280 2896 7695
6221 3933 6676 5355
191 6596 496 9813
154 872 333 2094
7968 5356 8608 7094
2896 6645 5144 7690
4473 5418 6206 6472
3852 169 8803 361
9653 2873 10000 3933
2656 1406 6944 2226
8549 7695 8889 9967
8699 7094 8896 7398
5578 8120 8549 8636
496 4097 2360 5280
9206 163 10000 2305
4301 7695 8549 8120
7764 8636 8549 9819
8608 3933 8896 7094
496 9819 8549 10000
