4406 8388 6286 8856
6656 3108 8008 3915
379 2789 2443 3243
3660 3917 6631 4415
8017 1303 9201 2866
2179 5111 3126 6746
0 3244 968 4888
379 3243 2478 3244
3355 1473 4021 2519
8880 2866 9486 5300
2179 6746 2294 9797
5770 2024 8009 2426
4827 6562 5615 8067
5770 3388 6623 3624
8743 216 9531 617
2443 2587 4033 3243
9565 0 10000 1303
8074 7407 8880 8587
3327 6208 4140 8620
4532 6556 4774 8388
4174 6208 4362 8649
8017 2866 8880 5611
5241 4613 8017 5208
5770 2455 7950 3095
233 7906 1641 8273
8017 5611 8880 7407
9501 5318 9688 9632
1740 1303 2430 2305
5303 680 9559 1300
379 443 1056 2789
0 0 1056 443
2443 1303 3355 2587
9201 1303 9390 2594
9366 5300 9433 6471
2294 6746 3327 8856
233 5751 1843 7279
3607 9896 6948 9989
6987 3917 7862 4591
3355 1303 4033 1473
2294 9309 7931 9797
4620 2024 4973 2982
1056 2320 2376 2779
7119 8735 7327 9184
1843 6947 2136 7768
968 4425 2719 4739
13 443 379 2995
1056 1303 1736 2289
9753 5318 9950 9547
968 3244 2485 3912
1776 4904 1830 5751
0 4888 233 10000
7119 5230 7820 5369
3868 4613 4406 6066
6286 6562 7119 9309
2459 3917 3306 4414
8880 5300 9366 9797
7119 5369 7662 8735
7931 8735 8880 9797
1056 0 9565 216
5303 335 7997 626
233 9797 3607 10000
233 7310 1585 7881
9486 1303 10000 5198
1056 859 5303 1303
4406 4613 5072 5795
7662 5369 7957 8278
5079 5247 6858 6269
3329 3917 3660 5885
4774 6269 7119 6562
6177 216 8743 327
2294 8856 6286 9309
4033 1303 8017 2024
968 3917 2432 4425
233 8273 2179 9797
1056 216 5303 859
5615 6562 6286 8388
