1398 3744 7818 3793
605 5592 1398 5956
1215 3004 5847 3020
7245 8227 7769 8685
9495 8501 10000 9018
8707 3939 9495 5476
1243 3744 1398 5563
889 6282 3194 6748
1220 313 2674 1289
4796 0 10000 602
1337 3024 3147 3153
647 1493 1199 2748
3333 1434 3949 2567
606 5956 889 6807
3974 8833 4377 9127
1003 8036 4335 8441
592 9505 3531 9953
2178 4631 4717 4728
4418 7105 5287 9127
3041 4039 3184 4488
0 7817 958 8036
0 8036 592 10000
2178 5652 6353 5956
8479 6706 9495 7617
5287 7999 6786 9025
1003 9356 3974 9477
592 8036 1003 9477
1398 3793 2178 5956
2674 943 3887 1405
3378 6151 4743 6709
6836 3793 7609 4348
8707 1712 10000 2860
1241 3157 3884 3742
1503 1434 3332 3001
7195 9282 7410 9409
6824 7105 7195 9563
7109 5371 8647 5444
6280 3403 6875 3744
7992 1401 8287 1712
5480 7616 6815 7999
6884 1712 7818 3637
967 7624 2043 7945
4547 3024 6342 3397
7195 6127 7920 8227
3974 9127 6815 10000
7209 5476 7714 5759
8287 9018 10000 9665
5639 602 10000 943
8287 7617 9495 9018
2184 8454 4418 8525
5650 7137 6704 7560
6815 9665 10000 10000
6371 943 6838 3401
0 1434 647 5592
1003 8530 3973 8804
592 9477 2896 9502
7670 8835 8285 9608
2178 4789 4347 5648
4022 3794 4755 3802
7920 6127 8287 8227
9703 2860 9705 3655
0 5592 605 7624
7923 2788 8249 3302
3184 3802 5570 4488
889 5956 8287 6127
605 6817 2929 7560
4429 5371 6211 5634
1220 277 2047 313
4547 3402 6184 3720
3333 2571 5771 2964
791 3157 1241 5538
1237 1434 1503 2620
7769 8227 8257 8702
3129 6927 3378 7296
3378 6709 3690 6966
6613 4488 8249 5371
1003 8804 3974 9356
9495 3939 10000 8501
5927 4883 6613 5300
164 7642 570 7722
8249 2788 8707 5371
3692 6709 5062 6960
5462 943 5605 2324
0 1289 2674 1434
3949 943 5440 2384
5062 6127 6938 6819
8479 5476 9495 6706
8287 5956 8479 7617
4796 602 5639 943
3378 6966 7195 7105
7818 1712 8707 2788
207 0 1220 1230
1003 8453 2062 8524
5570 3802 6836 4488
3378 7105 4418 8036
2674 0 4796 943
6875 943 7992 1712
