6387 2978 7085 3659
2111 6001 3238 7238
1861 8614 2450 9344
6220 1536 6387 3335
5951 67 7118 1468
6138 5877 6339 7189
1087 3514 1111 5527
945 2220 1042 2852
7552 4637 8398 5499
2759 5070 4166 6001
945 890 4542 1259
8967 1096 9191 6006
4908 7992 5171 9033
9580 3272 10000 6423
1861 7708 7168 7992
1087 1829 1753 3514
4027 160 4523 875
0 10 6505 67
791 6405 1637 7171
0 67 294 3743
1111 4782 2759 5052
8215 8456 9241 9482
1726 5339 2111 7100
4822 1604 5591 5091
7277 9709 9580 10000
6305 8075 7117 9276
2289 9619 4180 9945
1753 160 4027 890
6138 3659 6869 4228
7382 9486 9221 9709
945 1274 1753 1829
3238 6001 4166 7238
0 9044 1861 9482
4565 6306 4788 6988
1248 7708 1861 9044
0 4072 1087 4706
7086 4717 7551 7676
0 9482 2289 10000
1861 7992 2496 8614
7708 5683 8645 5964
4169 9276 6943 9480
4166 2652 4814 3407
0 6405 791 7708
7168 9193 8203 9473
9269 3885 9505 4948
2496 7992 4169 9482
3475 2652 4166 4336
443 5527 1047 5885
6138 4647 6324 4824
7168 7708 8215 9193
3665 4336 4166 5070
7311 157 7517 801
4166 3408 4565 7238
945 160 1753 890
6522 1788 6922 2081
0 7708 1248 9044
1111 5052 1656 5838
7552 1743 8591 4637
9580 1096 9996 3246
4542 67 5936 1250
8215 7708 9241 8456
1111 3514 1753 4782
791 7238 6138 7708
2429 9971 3088 9980
0 3743 1087 4072
1753 2652 2759 4782
5194 7992 6270 9240
294 696 904 2821
6372 5028 7004 7670
4761 7992 4867 8948
4565 3408 4711 4931
904 160 938 2444
294 160 890 688
5703 1536 6138 6223
2759 3974 3475 4336
8645 1096 8950 6443
2111 5066 2723 5957
0 5527 443 6405
1753 1259 3345 1459
294 2821 945 3743
0 4706 1087 5527
9241 4960 9576 8750
7552 1310 7735 1743
6922 1536 7552 2978
2289 9482 7277 9619
8591 1743 8635 5363
7552 67 8471 1093
2759 2657 3471 3974
4180 9619 6721 9942
2759 4336 3665 5070
8484 67 9994 1090
294 67 4542 160
4169 7992 4684 9232
9580 6429 10000 10000
7085 3239 7548 3978
1753 1536 4822 2652
4565 5091 5703 6306
