8065 3573 9230 3846
8065 3886 9373 4277
3030 4246 5211 4700
3635 1767 5974 2012
1389 590 1873 1474
3030 4700 3948 4905
5982 1760 6814 2368
155 6859 674 8262
18 7535 155 8443
1204 6351 4322 6635
1443 7046 2346 9806
0 2615 155 7535
6814 2742 7291 3573
7292 3293 8891 3476
7947 4259 8065 4848
3933 6188 5108 6349
0 50 490 2615
6894 3577 7760 3616
490 4918 6848 4938
5524 7339 6582 8009
6814 2193 9409 2736
8450 4277 9993 4907
3942 7339 5524 8342
2563 9422 10000 9555
155 6679 5108 6743
7383 6859 10000 7339
2700 590 3203 1926
490 590 1237 1487
5551 8835 7464 9422
8951 4907 9850 6850
2689 4938 3577 6255
8342 8329 10000 9422
815 9085 849 9495
8450 4907 8949 6221
8738 1 9544 87
5108 5262 6001 6743
0 8989 815 9591
1365 3814 4759 4183
5413 4700 5649 4890
9477 2193 9919 2389
6814 1942 8669 2184
155 5914 1159 6679
2346 9651 3558 9968
1365 3275 4596 3814
1112 7903 1428 8968
7464 8342 7776 9422
6044 2877 6147 3596
6848 3778 7289 3957
3290 9566 6888 9628
3213 590 3635 2003
8342 7690 9039 7992
8565 9555 8626 9878
7292 2742 9476 3291
9027 7358 9162 7586
0 0 8348 50
3516 4183 4252 4245
490 2144 1200 2647
727 4938 2689 5914
4137 6756 6000 6859
728 1546 2211 1998
5664 3616 6615 4120
4791 590 6807 1295
1475 6859 1869 7043
216 4953 727 5914
1365 2016 5982 2318
0 9591 1443 10000
7313 3957 7835 6170
2563 8103 3942 9422
8065 4277 8448 6121
7776 8380 8297 8619
709 7760 1101 8989
9477 2406 10000 4277
2231 593 2700 2016
2563 7339 3942 8103
4759 2368 5664 4183
6708 3616 6848 4317
155 6743 4137 6859
9219 8083 9928 8329
8348 0 8738 1931
1365 4246 3030 4918
490 2647 1365 4918
2346 7339 2563 9629
1365 4183 3516 4246
3608 5262 4915 6174
8946 718 9954 2127
8342 7586 9219 7690
107 8647 709 8988
1781 5914 2574 6147
3942 9110 5551 9422
1159 6267 3149 6351
6814 50 8288 1211
4596 3275 4623 3622
3942 8342 5551 9110
6001 4938 6848 6224
2351 2318 3638 3275
1365 2318 2351 3275
7786 9555 8565 10000
7776 8619 8342 9422
2346 6859 7383 7339
6848 3957 7313 6224
3638 2368 4355 3228
709 7061 1246 7649
5706 1301 6813 1760
1443 9806 2252 9930
4216 9629 7773 9998
3635 590 4791 1748
4791 1295 5706 1754
3608 4938 5905 5262
155 2615 490 4938
5551 8357 7424 8835
6001 6224 8941 6859
6147 2368 6812 3562
490 50 6814 590
3638 2318 5151 2367
5211 4183 6620 4700
