2090 5410 4663 5770
6725 5577 8145 5728
3684 2059 6070 2902
2516 6208 2599 8206
5964 7137 7507 7752
60 4477 413 9496
7464 8327 7482 8934
2505 9739 4316 9750
3082 4570 3998 4726
6070 2682 6743 2785
3730 9856 4328 9969
979 2993 1650 4477
2505 9316 2780 9736
60 3059 979 4477
5988 68 6107 334
723 6208 2505 6414
2048 6414 2505 9303
5255 335 6174 1159
2740 6457 4031 7248
4171 3793 5913 4068
6534 5808 9689 5837
2759 7911 4223 8068
6107 68 7593 335
1469 9074 2048 9303
5378 8945 6142 9214
1556 1737 1636 2711
0 3059 60 10000
759 68 1085 1073
4171 2902 4589 3193
1936 6414 2031 7768
0 68 262 3059
979 2459 1556 2993
1351 6414 1854 8694
7593 350 8450 1058
7975 7137 8317 9739
0 0 10000 68
3588 7548 3919 7911
413 5054 1621 5763
2440 2072 3082 2893
8380 1058 10000 1617
8634 2499 9100 3423
8252 3715 8380 4476
8560 1617 8634 3628
4544 4749 6817 5000
8360 8503 9172 9836
5068 6369 6534 7137
2383 653 3082 1737
5913 3614 6058 3915
6070 1646 6950 2413
4663 5410 6682 5556
4223 6369 5068 8068
8317 7137 8969 8503
7758 7137 7975 8081
60 9496 411 9999
2090 5067 8380 5410
1623 9856 2513 9959
6070 2413 6643 2641
3082 1159 3684 2002
6174 501 6879 1056
6950 335 7593 2413
1650 1737 2090 5775
2262 4003 3062 4130
8969 7137 10000 7519
2383 68 3082 653
9107 2377 10000 4083
8450 350 10000 1058
7456 2413 7593 4343
4171 3531 5879 3793
2640 7911 2759 8056
8405 5837 9095 5959
7593 1058 8380 1647
2599 8068 5964 8274
723 9715 2041 9788
3718 2902 3830 4093
5068 7137 5964 8068
3830 4068 4896 4343
4896 4068 6968 4343
3830 2902 4171 4068
2090 5771 7797 5775
9123 5837 9958 7122
2599 6293 6392 6369
443 6071 1144 6208
490 6208 723 9381
2340 4828 3701 5010
8405 6437 8973 7129
7164 3615 7456 4162
4736 3038 6226 3529
262 2459 979 3059
5964 8327 6548 8920
262 2204 1556 2459
2505 8274 3142 9299
3082 2002 3684 4570
8380 3650 9083 4305
6534 5837 8405 7137
4331 5808 6534 6065
5964 7808 7632 8320
723 6651 1328 8795
632 1737 1549 2156
1085 856 2058 1737
4737 68 5255 1159
3082 472 4737 1159
7593 1647 7958 4343
2262 4136 3041 4553
8405 5961 9121 6432
3833 9316 5383 9717
3082 68 4737 472
4539 1159 6950 1646
4198 1159 4534 1644
4057 6449 4223 7135
262 68 546 1737
6433 373 6950 501
546 1073 1085 1737
2058 68 2383 1737
726 8878 804 9704
8969 7519 9648 8503
1730 5788 4275 6208
4275 5775 9689 5808
2262 5016 7080 5067
5093 8274 5546 8924
262 1737 631 2204
8634 1617 9066 2359
1085 68 2058 856
8380 4305 9107 5775
6857 2543 7429 2859
413 4477 1624 5041
2262 2893 3082 4003
4352 4570 7414 4749
3684 1159 4198 2059
2090 1737 2262 5067
3388 8411 4955 8841
914 6414 1324 6650
9648 7519 10000 8503
9172 8503 10000 10000
7593 68 10000 350
804 9303 2505 9715
4593 4343 7748 4500
9107 1617 10000 2377
4198 1646 6070 2059
7958 1647 8376 3355
9107 4521 9584 4928
546 68 759 1073
9689 4083 10000 5837
