2292 919 3018 2066
90 2721 331 4453
5588 7537 6171 9967
6734 3209 8418 3929
3626 4400 5545 5548
2292 4230 6344 4306
4921 6072 5080 7035
9759 4779 10000 10000
7290 5557 8308 7071
5545 5195 6760 5549
5845 7404 6666 7537
582 5548 5545 6072
9293 4216 9643 9996
3613 3209 4453 4210
3819 6093 4387 8766
1218 7586 3819 8766
6171 7537 6870 9967
8330 7229 8909 9943
3018 919 3521 2066
331 4345 3693 4399
9647 4779 9759 10000
6816 5557 7290 7221
5545 5553 5756 6782
1738 8766 1950 9385
9245 3423 9278 3852
3634 2066 3989 2994
6870 7537 7093 8475
6870 8475 8122 9967
8122 7229 8182 9733
7077 2276 9414 3209
5208 922 9647 1164
820 1765 1541 2721
8622 5195 9245 7099
5261 1164 5552 1903
6816 5195 8327 5504
6840 3929 7807 4088
0 9967 6653 9999
820 1101 2292 1765
5545 4333 5989 5195
2292 0 3521 919
1218 6072 2384 7586
2292 2066 3571 3972
7115 1164 7901 1537
418 4399 3626 5214
0 0 820 2721
1541 1765 2292 2500
1541 2500 2292 4333
0 9518 2238 9967
5634 0 10000 397
3521 0 4692 805
1136 2721 1446 3647
9414 1164 9647 4216
2384 6072 2864 7586
4700 922 5208 2053
6010 4333 7975 5194
5193 7709 5565 8661
2864 6072 3819 7586
378 3692 1541 4307
7977 4216 9244 5185
3521 805 4692 2066
5914 5553 6740 7160
15 5548 582 6056
820 0 2292 1101
4388 7545 5103 8675
150 9211 1198 9518
331 5219 3538 5548
3989 2066 5660 3209
9104 7229 9271 7696
8495 5557 8607 7058
5660 1164 7077 3209
2238 8766 5193 9271
5634 397 6840 922
7901 1181 9224 2276
68 6072 1218 7212
9647 397 10000 4779
7093 7229 8099 8112
4463 3209 6734 4213
2238 9271 5193 9967
6840 397 9647 922
4692 0 5634 922
