2181 7949 3325 8289
8412 3473 9060 3496
5507 411 5822 2016
1598 3623 1771 4135
1587 4147 1762 5995
5822 411 6859 3182
6859 1710 7862 4602
1587 6049 3025 6194
8222 1950 8412 3178
4921 411 5397 1937
1235 9748 5202 10000
2504 1683 3413 3182
8413 9556 9871 10000
9744 1873 9871 2580
5202 9778 5895 10000
15 0 260 8173
7862 1710 8105 3168
7864 8202 9459 9041
7029 5376 7927 5824
260 6768 713 7463
2504 4232 3145 4374
2504 3955 6859 4224
5895 9778 8413 10000
3413 1683 4921 2262
2181 8291 3311 8594
1777 1683 2504 3350
2181 7572 3289 7949
4270 7463 5064 9431
5202 8322 5732 9778
4273 9431 5159 9740
5064 7213 5174 8829
9459 2580 9871 9556
260 8149 1235 8654
2181 9208 2799 9748
6859 8202 7864 9041
7029 6270 7584 6789
3860 8234 3937 9117
9871 0 10000 10000
7029 7386 9459 8202
2504 5494 2943 6029
5750 7232 6640 7378
3199 4374 4556 5381
4082 413 4918 832
1961 79 3958 411
8376 3496 9125 6192
4009 0 7807 403
327 94 1367 2396
9295 1751 9354 4017
7862 3496 8376 4602
2504 3182 6859 3955
1369 0 1587 6692
6872 4602 7029 4786
713 2396 1369 7463
7588 6283 8804 6767
3027 5491 4941 6168
3063 411 4082 657
1235 7463 2181 9748
5202 7378 6846 7989
5149 4224 6746 4579
5747 9556 8202 9772
0 8654 1235 10000
1587 411 1762 3123
2151 7213 5064 7463
7029 6789 8808 7386
1587 6194 5149 6692
2151 6692 5149 7213
1771 832 4266 1683
2799 9208 3964 9748
5754 8016 6691 8577
9222 6264 9376 6720
1369 6692 2151 7463
9385 411 9459 7172
6859 9041 8306 9387
260 2396 713 5773
8808 6264 9222 7386
5149 4696 6705 5123
2181 8594 3860 9208
6859 411 9295 1710
3374 7616 3781 8527
260 7463 1235 8149
3964 9402 4186 9431
5149 5123 6859 7213
9125 1772 9287 5509
4266 1139 4898 1469
3413 2262 5822 3182
260 5773 713 6768
