5940 1855 6349 4857
6569 0 9115 1250
1656 3785 5164 4995
6415 1855 6541 2874
0 2657 377 3751
232 7773 5680 7826
672 2037 1023 3672
7975 8940 7994 9125
6623 9151 7025 9642
1033 1077 1687 2339
7314 1250 9515 1773
0 3785 1580 4370
2508 8228 3125 9379
1288 4429 1631 5294
0 0 395 2657
395 194 1033 2037
4901 1855 5940 2417
6239 6157 6546 7635
2959 1813 4901 2417
6591 5127 7882 5177
7225 6055 8364 6795
1033 2859 2085 3701
232 6295 1656 7309
1953 8447 2508 9379
3177 965 4877 1811
3177 781 4876 965
8512 5734 9081 7479
1288 5343 1656 6295
82 5136 1288 6295
8439 8059 9508 9281
9117 0 9489 1062
2839 5309 6165 5822
6600 5835 7065 6568
2485 5309 2833 7725
1783 1821 2205 2234
2839 5822 3355 6312
2839 6324 4640 7762
5521 670 6569 1855
6585 1736 7143 4971
4540 8228 6151 9552
82 8447 1953 9379
82 7826 2040 8447
9521 8050 10000 10000
7321 2496 9014 2532
8173 1799 9359 1932
9618 0 9781 3913
7143 4144 9412 4362
2267 654 2959 3785
7852 6795 8439 8940
4167 6190 4744 6251
0 5136 82 10000
2959 2417 4507 2827
2959 909 3114 1813
9781 3083 10000 8050
395 2037 650 3760
3363 5822 4122 6289
2508 7826 5680 8228
6186 5358 6757 5561
7150 1250 7314 4086
0 4429 1288 5136
7143 4496 9584 4995
7025 8940 7505 10000
3348 9338 4424 9471
2959 2827 5164 3785
395 18 6332 194
1033 2339 2250 2857
4646 6324 6186 7773
3125 8541 4237 9263
82 6295 203 7792
4901 965 5495 1829
1656 5177 2485 7773
5680 7781 6167 8228
6600 6795 7852 8940
8439 5561 8512 7168
2267 247 6166 654
1228 912 2267 1068
7314 2006 8916 2393
2485 5189 8047 5309
9781 0 10000 3083
4507 2417 5164 2827
82 9379 2928 9999
3125 9471 4524 9986
8512 7479 9763 8029
1656 4995 5858 5166
4540 9648 7010 9989
1033 221 1938 906
5164 2417 5940 4995
2040 7826 2508 8447
232 7309 1461 7557
7505 9281 9521 10000
