939 7086 9697 7121
49 8153 4294 8187
0 3454 5325 3632
1940 7200 9295 7235
0 8743 6357 8788
0 8312 4759 8387
0 9719 8781 9734
1973 2779 9730 2810
0 8440 8482 8483
0 6498 10000 6509
0 6656 9609 6677
0 9734 10000 9801
0 442 10000 452
0 2479 10000 2514
0 4232 10000 4269
0 5110 10000 5167
0 4745 10000 4754
0 5190 7823 5192
0 4861 10000 4912
0 5956 10000 5975
0 3044 9763 3061
0 2230 10000 2285
0 2334 10000 2376
0 2376 10000 2401
2010 2575 6059 2607
3391 1004 5960 1053
0 7351 10000 7458
4132 2698 6331 2741
0 1465 9231 1544
0 1795 5175 1830
339 4458 5520 4509
0 7162 4719 7163
5719 8619 9431 8737
0 8991 8138 9018
0 3061 10000 3138
0 2537 5253 2560
0 3733 10000 3793
0 4044 5985 4091
0 487 10000 520
0 4980 10000 5043
0 4532 8822 4586
1603 1277 3492 1292
0 421 10000 442
0 395 9294 403
0 5181 6545 5189
0 3384 9894 3449
0 8505 8594 8544
0 1839 9341 1896
4150 884 8916 958
0 403 10000 421
0 4189 10000 4232
0 1549 9841 1575
4756 3959 8544 4038
0 5830 2701 5956
0 9284 5356 9339
0 7235 10000 7265
0 6242 10000 6262
0 4765 10000 4790
0 7568 8668 7659
0 7739 8127 7777
0 354 9974 394
0 2962 5545 2988
0 9465 8345 9470
1902 9626 9136 9652
0 2810 10000 2885
0 6262 10000 6282
0 1070 3467 1107
0 2440 10000 2479
0 2401 10000 2440
0 7340 9927 7351
0 346 7325 354
0 5103 9326 5110
0 5167 10000 5181
0 7458 10000 7568
0 3877 9020 3938
1433 8236 9124 8274
0 6344 10000 6391
0 1378 10000 1424
0 4754 10000 4765
0 4682 10000 4715
0 2072 7615 2131
0 987 8552 1000
0 6586 10000 6615
817 5975 8694 6049
0 1195 9995 1230
190 549 4529 571
0 3258 10000 3263
0 1367 10000 1378
0 3677 10000 3722
4446 8829 5495 8844
0 3138 10000 3258
0 6509 10000 6536
0 6892 9618 6978
0 9064 10000 9130
0 9347 9933 9386
0 9801 10000 9967
0 1600 3983 1724
0 8791 8530 8820
0 8019 8682 8066
0 8387 10000 8440
0 3836 10000 3877
0 5256 9432 5274
0 3793 10000 3836
0 5427 8656 5510
0 319 9972 346
0 7931 6818 8019
0 4347 9791 4454
13 1577 8015 1599
0 8211 10000 8236
0 6491 10000 6498
400 1424 9666 1444
0 4094 9389 4164
0 5277 9696 5360
0 3722 10000 3733
0 4269 4733 4299
1866 4177 8113 4189
0 4790 10000 4852
0 9130 10000 9209
0 9974 10000 10000
0 4635 9851 4682
1841 592 8616 769
4521 8544 10000 8604
0 6060 4733 6148
2630 7694 7956 7730
7974 8859 9965 8924
224 5544 2047 5584
2920 1978 9001 2046
0 25 759 94
0 2619 6460 2642
0 6282 10000 6309
3224 1449 5213 1465
0 3632 10000 3677
0 2885 7426 2936
0 4715 10000 4745
0 6987 4579 7020
0 5065 9615 5099
5200 6615 7362 6648
0 2285 10000 2334
0 6170 9641 6242
6331 2645 9357 2740
0 7265 10000 7340
4413 7669 5580 7688
0 5361 8887 5414
0 2514 10000 2537
0 8187 10000 8211
0 6402 10000 6425
0 6391 10000 6402
0 8604 10000 8619
0 9967 9511 9974
0 1292 10000 1367
0 3368 10000 3384
0 9018 10000 9064
3831 4602 5182 4616
0 520 10000 549
1444 7028 9346 7066
0 4616 9534 4635
0 3288 10000 3368
0 6309 10000 6344
0 5192 7288 5251
0 452 10000 487
0 6536 10000 6586
0 281 9743 319
2208 835 7266 868
3072 8559 4521 8604
249 5736 7736 5812
0 6425 10000 6452
0 9209 10000 9284
0 6677 8173 6876
0 2988 10000 3044
0 9386 10000 9465
0 94 10000 281
0 6452 10000 6491
0 9486 2926 9624
5606 9668 9483 9689
0 8111 8428 8145
0 1908 8137 1976
0 2175 2507 2230
0 4912 10000 4980
0 1190 5529 1195
1542 7778 9976 7901
3889 7903 9497 7927
0 3263 10000 3288
0 5043 4577 5046
0 4852 10000 4861
0 7121 10000 7162
