1911 8890 3006 8970
0 8415 3702 8442
0 954 10000 1231
1717 4979 9038 5167
0 9769 10000 9909
2639 7048 6423 7340
0 9137 10000 9397
0 5777 9910 6080
0 2542 10000 2651
0 6487 10000 6636
0 1231 10000 1331
0 6650 9822 6814
0 4040 8609 4380
6471 6373 8867 6487
0 3155 5223 3172
1930 5679 3183 5716
0 6080 10000 6114
4732 931 6650 954
0 6114 10000 6203
0 5394 10000 5460
0 2651 10000 2758
0 5342 10000 5394
0 5167 10000 5265
0 8999 9602 9050
0 9707 10000 9769
0 8802 10000 8860
0 6203 9550 6351
0 8443 9950 8544
0 2876 10000 2994
0 5265 10000 5311
0 3927 9944 4040
0 9661 9011 9707
0 5312 6783 5321
0 315 9898 363
0 8639 10000 8802
0 7654 9964 7836
0 3640 9967 3926
0 5321 10000 5342
0 3045 10000 3155
0 4823 4326 4932
0 6636 5940 6648
0 363 8957 547
0 3173 9993 3401
0 1605 10000 1722
0 8628 10000 8639
0 1539 9733 1605
2697 7839 9250 7932
0 1800 5944 2146
0 663 9361 919
0 6834 9189 7043
0 2994 10000 3045
0 560 9366 659
0 8860 10000 8890
0 9909 10000 10000
2124 8177 4583 8205
0 3495 10000 3612
0 7611 8583 7654
1151 1331 4558 1398
3040 7383 8633 7583
2192 4499 3475 4770
0 9397 10000 9657
0 3612 9770 3640
5851 9062 8274 9137
0 3401 10000 3495
8345 4811 9414 4912
0 1441 8781 1536
3113 3 3851 315
0 2758 10000 2876
89 8269 8711 8399
0 1722 10000 1800
0 8544 10000 8628
2807 2439 6370 2542
6459 5460 6850 5561
