0 1238 10000 1309
0 4539 10000 4636
0 1441 10000 1542
0 4866 9625 5287
0 9776 10000 10000
0 9421 6139 9479
0 5398 7403 5473
0 9343 10000 9421
0 6116 10000 6215
0 5783 10000 5905
0 583 10000 639
0 823 10000 926
0 1019 10000 1115
0 8635 7819 8766
0 1677 10000 1920
0 5695 10000 5783
0 1214 10000 1238
4782 7580 5869 7773
0 4383 10000 4460
0 9304 10000 9343
0 9146 10000 9304
5191 6560 8230 6751
0 7542 2309 7663
0 4460 10000 4539
0 8903 7035 9015
0 926 10000 1019
0 6074 10000 6116
0 2129 4728 2403
0 8307 7350 8419
0 6888 5638 7126
0 3339 9262 3478
0 4284 9895 4346
5160 9618 8862 9776
0 763 10000 823
0 8421 9574 8560
427 2416 6420 2711
0 3517 8416 4210
0 7928 10000 7975
53 6215 8482 6544
0 1115 10000 1214
0 5473 10000 5695
0 1309 10000 1441
0 2062 8940 2128
0 4636 4938 4845
0 9027 3916 9146
0 1920 10000 2062
735 3054 7801 3339
0 1542 10000 1677
0 5905 10000 6074
7606 7319 8235 7513
0 7975 10000 8307
0 7773 10000 7928
0 701 10000 763
702 2846 4113 2934
4404 312 8716 583
0 231 9851 281
0 639 10000 701
0 4346 10000 4383
