0 5142 9814 5168
0 8328 10000 8386
3678 9083 10000 9177
0 5335 9318 5437
0 8386 10000 8443
4409 4248 5937 4324
0 3714 9708 3817
0 7040 10000 7051
560 1926 8067 1975
0 5470 8123 5523
0 5523 9602 5567
0 2663 9103 2836
2033 5907 9506 5920
0 4646 10000 4703
0 9481 2263 9489
0 6126 10000 6227
2350 7328 3677 7395
0 6315 9952 6479
4869 8488 7991 8615
282 7793 8580 7907
0 9596 8967 9667
471 8649 9247 8668
0 4799 10000 4963
0 8753 5839 8772
0 6834 5233 6859
0 6480 9175 6625
0 7051 10000 7233
0 8811 5119 8829
0 157 9879 233
0 2837 9672 3023
8408 6812 9357 6827
5528 9874 6297 9921
1848 4122 3426 4210
0 6941 10000 7040
0 661 10000 697
0 8290 7817 8292
771 9832 5508 9874
3048 9221 7412 9289
0 5252 8432 5260
0 8470 7763 8478
5234 9691 8529 9792
0 6227 9955 6306
0 9330 8817 9461
0 5703 5596 5851
0 9827 4694 9828
0 1107 10000 1219
0 3937 4213 4110
0 294 8551 409
0 8292 10000 8328
4530 6714 7279 6737
3682 2192 6036 2426
0 5260 9493 5330
4656 3825 6495 4086
4386 3269 8451 3371
0 1444 6942 1733
0 7233 8621 7321
0 638 10000 661
0 697 10000 853
0 7641 9666 7772
0 409 10000 418
0 418 10000 491
0 7413 9989 7639
0 66 10000 157
0 907 10000 926
0 0 10000 66
0 9511 9090 9593
1428 1352 5505 1438
8271 9051 9553 9083
0 8177 5881 8223
0 5084 10000 5142
0 2547 7116 2662
0 4610 10000 4646
0 491 10000 638
0 5168 10000 5252
0 9083 3678 9177
0 3490 9325 3565
0 926 10000 1029
0 1029 10000 1107
349 3371 9441 3490
0 8443 10000 8470
2475 1855 7978 1922
0 1219 10000 1352
0 4963 9974 5084
6297 9874 10000 9955
0 4519 8101 4610
0 5920 9612 6015
0 3566 7736 3701
0 853 10000 907
0 6634 10000 6673
92 9955 9969 9997
0 7931 4055 8172
0 6859 10000 6941
0 6673 10000 6714
0 4703 9659 4799
0 6018 10000 6126
2742 6017 3066 6018
0 9177 10000 9221
0 3026 9033 3207
0 2426 8790 2519
0 5567 9499 5699
