0 3767 9501 3782
0 3995 8150 4049
0 8422 5183 8448
0 9274 10000 9316
0 1259 8634 1307
0 1477 10000 1557
0 911 10000 1056
3857 6010 4403 6316
0 9151 8445 9224
0 7356 10000 7459
0 1329 7845 1409
0 1966 10000 2010
0 7003 10000 7091
2568 9653 3645 9769
0 7296 10000 7356
800 152 5422 273
0 1958 10000 1966
0 1557 10000 1586
0 1767 8039 1833
0 9852 10000 9885
0 3648 9196 3731
0 1837 9530 1943
0 7513 10000 7608
0 1944 8922 1958
812 6053 2482 6331
0 7744 3701 7760
4923 542 7837 669
0 692 10000 719
0 8492 10000 8544
0 7248 9908 7296
0 6454 4719 6797
0 3558 10000 3648
0 8544 9616 8735
0 3409 10000 3558
0 719 10000 766
0 7671 10000 7744
0 9367 9557 9396
0 6981 10000 7003
0 9316 10000 9329
0 7091 9830 7246
0 5823 9523 6009
99 6337 3404 6450
0 9329 10000 9367
508 5658 2390 5820
0 2010 10000 2128
0 3236 10000 3409
0 2128 10000 2305
7744 2502 8369 2878
0 5152 9763 5492
2559 3844 8702 3892
0 8327 9972 8403
2428 5678 7179 5800
0 3782 10000 3844
0 7608 10000 7671
0 7496 10000 7513
1640 4796 5657 5128
630 8282 1607 8311
0 6925 10000 6981
0 4049 10000 4148
0 9988 10000 10000
0 4148 10000 4316
0 7459 10000 7496
0 8735 8785 8825
0 1215 7916 1252
0 8936 5849 9080
0 2315 10000 2502
0 4545 6931 4663
0 766 10000 911
8951 1068 9961 1182
4735 5496 5526 5535
2056 1701 4649 1744
0 4316 7006 4492
0 9224 10000 9273
2293 5548 6438 5606
0 2305 9974 2315
0 3053 7531 3236
0 1634 8081 1663
0 4663 10000 4796
0 1586 9344 1629
3760 1423 5012 1477
8539 309 9790 503
0 9769 10000 9852
0 669 10000 692
0 9399 9666 9544
0 9273 10000 9274
2359 7767 5780 8231
3855 9544 4676 9628
0 9924 10000 9988
0 9885 10000 9924
0 55 9203 140
0 6803 9012 6925
0 8448 10000 8492
0 1056 8077 1068
0 9101 7789 9145
