0 187 10000 235
0 3589 8365 3747
0 5816 8578 5886
0 5614 9867 5635
0 1871 10000 1922
0 5512 10000 5560
0 2492 9844 2575
0 6774 9536 6838
0 906 10000 948
0 4088 10000 4150
0 8473 10000 8527
0 9904 10000 9988
2280 8842 9758 8877
6017 3797 7762 3827
0 1625 10000 1694
7224 7558 9091 7634
0 6839 3337 6848
3937 3830 6934 3858
0 5560 10000 5573
6960 3858 10000 3897
0 5573 10000 5581
0 5912 5163 6053
1103 5011 9743 5022
0 5587 10000 5614
0 3260 10000 3285
0 1558 9605 1586
0 8781 9132 8819
0 1995 10000 1996
0 8527 10000 8556
0 3487 9494 3548
0 9208 9003 9232
0 4717 8223 4786
0 722 10000 761
0 7771 3981 7822
4684 8556 8177 8582
5772 9437 8456 9850
0 5474 10000 5512
0 5581 10000 5587
0 7068 8794 7094
0 6718 10000 6774
0 2433 10000 2459
3990 6630 7839 6669
2723 3055 6305 3102
0 7257 10000 7288
0 8349 10000 8473
0 8879 9609 9022
0 7661 6050 7686
0 5417 8942 5451
0 2459 7478 2492
0 418 9645 616
0 1943 10000 1995
0 7220 10000 7235
0 6954 9441 7044
0 9870 9217 9904
0 7235 10000 7257
0 3285 7881 3307
0 3449 10000 3487
0 5113 7685 5148
0 3903 10000 3935
0 9988 10000 10000
1592 6349 4990 6355
0 1008 4357 1033
0 2406 10000 2433
0 3858 6960 3897
0 8174 7469 8246
0 65 10000 107
0 9175 10000 9208
5410 3828 9833 3829
0 3418 10000 3449
0 1694 9849 1707
0 4019 6991 4088
0 7094 10000 7166
0 4150 8546 4170
1776 5336 8437 5376
8441 4566 9057 4682
3386 5022 6973 5053
3974 2056 5678 2249
0 1829 10000 1842
0 7686 10000 7731
0 5376 9802 5417
0 8642 9972 8781
9167 4175 9556 4242
0 3760 9903 3796
0 9143 10000 9175
0 5025 1400 5096
0 6355 10000 6416
0 235 9979 415
0 2938 9278 2998
0 7047 4886 7062
0 6850 4630 6896
0 1922 10000 1943
0 9294 9194 9380
0 3354 8612 3418
0 761 10000 796
0 2376 10000 2406
0 6416 10000 6449
0 8301 10000 8349
0 5635 10000 5816
0 107 10000 187
0 6449 10000 6511
1681 2696 9063 2841
0 6669 10000 6718
0 8249 2801 8301
0 3203 10000 3260
0 6079 6595 6306
0 9238 6559 9293
4366 2291 5755 2376
0 5159 9742 5280
3823 4271 6885 4334
0 4365 6860 4468
0 0 10000 65
0 904 10000 906
571 3935 4178 3944
0 7731 10000 7771
0 1440 10000 1553
297 4904 4496 4939
0 3897 10000 3903
0 796 10000 904
0 7391 9771 7506
3722 7288 7983 7312
5096 3318 7727 3348
4302 4498 6327 4549
0 3162 10000 3203
630 4963 9498 4994
0 4334 10000 4365
4302 7884 5216 8166
0 1586 10000 1625
746 618 9927 722
5246 1345 9841 1440
0 7166 10000 7220
3617 9026 9150 9143
0 6939 9715 6954
0 3113 4867 3135
1264 6511 4012 6550
0 948 10000 1008
0 5460 8299 5474
0 1996 10000 2056
0 3135 10000 3162
0 1707 10000 1829
0 1842 10000 1871
0 2576 7108 2592
0 2602 9984 2693
