0 7890 10000 8164
0 2614 10000 2648
0 1643 2613 1750
0 1922 10000 2240
0 6277 10000 6416
0 7144 2594 7197
0 7848 9102 7890
0 5357 6452 5613
6658 4269 7831 4427
0 4805 10000 5218
0 1841 2671 1922
0 198 10000 273
0 4096 10000 4269
0 6735 8739 6898
0 7245 10000 7516
4619 5218 7420 5312
0 9298 10000 9410
0 6118 3714 6202
1209 6416 9840 6509
0 6527 8447 6626
0 3095 9769 3161
4124 4674 9147 4805
0 2809 10000 3095
0 5961 1697 6095
0 1307 10000 1452
0 9142 10000 9298
0 7006 7858 7143
2431 9813 8582 9900
0 6219 7428 6277
1756 1134 9339 1191
0 8929 10000 9015
0 9015 10000 9142
0 8488 10000 8682
0 422 10000 577
0 273 10000 319
1231 3877 7554 4096
0 8460 10000 8488
0 9410 10000 9528
93 6679 7589 6735
0 2240 10000 2614
0 8761 6619 8796
0 9528 10000 9538
2916 7516 8230 7517
2523 5782 3866 5997
0 5 9301 56
0 2648 9811 2799
0 8164 10000 8460
0 9538 3253 9721
808 7241 3869 7245
0 319 10000 422
1506 7666 9367 7843
0 1191 10000 1307
0 1452 9722 1630
0 8682 10000 8761
0 56 10000 198
7111 8843 8166 8929
0 577 4622 841
