0 9845 10000 9879
5767 170 8450 203
0 9646 10000 9711
0 8637 10000 9015
0 7290 7337 7416
0 9879 10000 10000
0 3790 10000 4014
0 7202 10000 7213
0 1561 10000 1846
0 4014 9677 4070
0 6313 9620 6326
303 4721 5407 4910
119 5286 4740 5373
6188 1998 8268 2094
0 9168 6909 9364
4153 8508 9475 8637
0 816 10000 846
0 1924 10000 1998
1438 5535 6161 5563
1660 611 9915 816
0 5808 9286 6020
0 2727 10000 2862
0 9774 10000 9845
1255 6577 8785 6583
0 2100 4227 2282
0 7213 10000 7290
0 4587 10000 4721
0 3780 10000 3790
0 6913 7953 6954
0 3630 9014 3754
6766 9015 8807 9166
468 250 9595 566
0 4582 7992 4587
0 9513 10000 9564
3862 6221 5470 6311
0 7421 9797 7464
0 112 10000 170
0 9442 6758 9513
0 1522 10000 1561
0 9711 10000 9774
0 7017 5361 7202
0 846 10000 928
0 1855 10000 1924
0 1846 9534 1855
0 6311 8469 6312
8356 5017 9658 5141
0 0 10000 112
0 4489 10000 4582
583 3136 6995 3246
0 4385 8844 4489
0 2527 10000 2727
4217 9369 5306 9434
0 3754 10000 3780
5718 3511 7455 3568
0 1325 10000 1522
5039 6497 9630 6556
0 1014 10000 1325
0 928 10000 1014
0 7710 8642 8222
0 5141 9439 5256
0 4946 9631 5009
0 7485 9510 7666
256 3030 8753 3073
0 9564 10000 9646
0 2862 10000 3030
5407 4756 9009 4913
0 6583 10000 6913
0 8280 9692 8496
0 5418 6263 5531
0 6556 10000 6577
2094 3258 9721 3511
0 4085 7577 4287
0 2316 8183 2527
