0 4999 10000 5024
0 3295 10000 3325
0 3193 10000 3295
0 2217 10000 2373
0 8457 9994 8522
0 8337 9420 8445
0 2608 10000 2646
0 8834 8417 8892
0 2646 10000 2768
0 5785 8779 6327
936 7670 4728 7876
1778 4099 8112 4217
0 2528 10000 2542
0 7485 10000 7552
3221 6562 9483 6688
0 6692 6874 6905
1154 5316 6097 5365
880 119 1211 186
0 7601 10000 7670
0 8125 10000 8337
3134 1185 6233 1314
4362 8524 8079 8717
0 1966 10000 2217
0 2768 10000 2965
0 7344 7032 7366
545 4660 6364 4729
0 4729 10000 4912
0 387 6577 444
0 6328 9311 6536
0 4009 10000 4099
1364 9247 7868 9329
0 5365 10000 5498
8886 5785 9367 6280
0 3012 10000 3193
0 7421 10000 7485
0 444 10000 655
0 7885 9421 7899
0 2373 10000 2459
0 3768 10000 3892
0 1588 9941 1762
0 655 9931 717
0 3617 4168 3768
0 5024 10000 5209
0 9837 2102 9938
0 3892 10000 4009
0 717 10000 1135
0 2965 10000 3012
0 9329 10000 9443
489 9443 9123 9809
965 1141 9579 1175
0 7236 9633 7305
3008 3511 8532 3604
0 5247 9537 5307
0 7044 9444 7236
0 1844 7621 1966
0 4251 7814 4538
0 3325 10000 3511
0 7899 9939 8125
0 2542 10000 2608
0 0 10000 119
0 5209 8617 5247
0 2459 10000 2528
0 5664 9351 5764
0 4912 10000 4999
0 7552 10000 7601
0 5498 10000 5664
0 7366 10000 7421
4553 8932 8598 9194
