0 4426 10000 4448
0 3971 10000 4018
29 2036 6583 2175
0 7806 10000 7835
0 6076 10000 6121
0 6644 7557 6750
0 9599 9990 9726
0 8927 10000 9054
0 1131 10000 1134
0 3484 9249 3614
0 9054 3958 9083
0 8091 9901 8168
0 9302 10000 9334
6894 387 8284 488
0 4531 10000 4564
0 708 9978 745
0 559 10000 579
0 4725 10000 4972
0 8168 10000 8348
0 6327 9883 6414
0 5197 10000 5260
0 3313 10000 3408
0 3133 10000 3201
0 4379 10000 4426
0 3617 9026 3647
0 3201 10000 3293
0 5617 6684 5681
0 2964 10000 3030
0 6186 10000 6216
0 6595 8719 6617
0 2186 6734 2262
0 3647 9912 3853
0 9137 10000 9260
0 8432 9896 8510
63 9115 8641 9137
0 2725 10000 2864
1643 3856 7702 3876
0 4481 10000 4531
2057 9459 2522 9599
0 8710 9932 8922
0 4149 10000 4379
0 0 10000 79
0 9098 5712 9115
0 5599 10000 5617
0 4018 10000 4149
2822 7520 3148 7579
0 5260 7662 5351
0 8510 10000 8524
0 1134 10000 1161
0 3293 10000 3313
0 236 10000 308
0 758 7068 805
0 5712 9001 5763
847 809 4035 927
0 7948 10000 7980
2793 9340 4309 9452
3951 6800 6048 7332
0 5986 10000 6034
0 488 10000 524
0 9260 10000 9302
0 7886 10000 7948
0 2864 10000 2964
0 4972 10000 5084
0 1677 8820 1749
0 7835 10000 7886
0 5853 10000 5908
0 1344 6686 1367
0 8699 7076 8710
0 2614 8184 2725
0 3408 9055 3415
0 8524 10000 8537
0 4577 10000 4725
0 9334 5422 9335
0 4564 9984 4577
0 6241 5887 6319
3488 6216 7962 6234
0 6772 5139 6800
0 79 10000 118
0 4448 10000 4481
0 1472 5659 1670
0 5084 10000 5197
0 7980 6118 8026
0 9903 8644 9962
0 6034 10000 6076
0 1750 8138 1787
0 3914 10000 3971
201 1807 8180 1936
0 3877 5012 3914
0 8537 10000 8556
0 6121 10000 6186
4862 5558 6755 5599
0 5908 10000 5986
103 8348 844 8407
2530 6416 8848 6588
0 3030 10000 3133
0 524 10000 559
6717 2040 9934 2177
0 927 9610 971
4009 2289 5767 2613
6115 7054 8694 7061
0 579 9914 590
0 7365 6781 7509
0 991 9437 1131
2029 7673 3348 7806
1981 5791 9643 5853
0 8556 10000 8699
1854 5357 4886 5491
0 118 10000 236
0 1161 2255 1325
0 590 10000 708
5937 308 9336 365
0 9726 9423 9890
