0 7937 2845 8019
0 583 10000 598
0 4187 10000 4287
0 838 3365 845
0 8816 3383 8817
0 3325 10000 3409
76 9573 6057 9579
0 334 10000 377
5729 4447 7131 4483
0 2323 9386 2378
0 3098 10000 3157
0 8183 10000 8218
0 430 5696 496
0 4647 10000 4715
1661 2258 8705 2316
0 7328 10000 7352
0 8408 7167 8520
0 9100 10000 9115
0 9774 4002 9882
0 3508 9321 3513
0 8707 5597 8711
3002 5558 8809 5585
0 8520 10000 8553
0 7200 10000 7217
0 3550 10000 3569
0 6584 10000 6669
0 5156 10000 5196
0 682 9437 700
1004 4419 3576 4447
0 7090 10000 7117
0 9244 10000 9270
0 4339 10000 4361
1682 9882 3367 9995
0 5585 9944 5618
0 2911 10000 2946
0 9674 9935 9701
0 2106 9539 2122
0 9335 9994 9378
0 7078 10000 7090
0 3409 10000 3459
0 5270 10000 5302
0 2027 3877 2055
0 886 10000 926
1336 7594 6298 7795
2066 3720 9146 3823
3948 9527 9887 9571
0 9378 6419 9393
0 4386 9381 4397
3473 4059 8958 4126
138 2809 6309 2844
0 8928 10000 9004
0 9135 10000 9162
0 2867 10000 2911
0 6669 9140 6672
0 6087 10000 6100
0 157 9908 262
6371 598 8084 657
0 8853 10000 8928
0 2174 10000 2196
0 4636 10000 4647
0 1726 9019 1766
0 3569 3639 3664
0 6974 6856 6979
0 5779 10000 5803
0 2946 10000 2985
0 5668 9682 5697
4824 8270 9674 8326
0 6863 10000 6917
0 7490 10000 7550
0 4591 9457 4636
0 7352 10000 7457
0 4319 10000 4339
0 2996 9750 3047
0 9162 10000 9200
3384 6040 8287 6062
482 9393 9503 9503
0 7073 10000 7078
0 2222 9723 2257
0 3257 10000 3325
0 3514 10000 3550
0 6711 10000 6778
0 4511 10000 4543
0 5113 9736 5125
0 5892 8485 5940
0 575 10000 583
0 145 10000 157
0 6100 10000 6158
0 8649 10000 8699
3988 9079 8966 9100
0 6158 8350 6188
4704 3157 9038 3221
2324 4155 8541 4187
0 1891 7396 1904
0 4361 10000 4386
2480 7795 7330 7864
44 1987 3174 2020
690 5489 8930 5555
0 8608 10000 8649
108 5949 4449 5996
0 8553 10000 8608
0 119 9912 133
0 7053 10000 7073
69 4742 4178 4943
0 9027 8811 9077
1621 5060 8059 5084
0 5230 10000 5270
0 3047 10000 3098
5149 1914 8146 1967
0 8773 10000 8816
6120 2173 9429 2174
0 8719 9878 8773
0 7866 8747 7933
0 5838 9921 5867
0 133 10000 145
3671 5095 7686 5112
0 59 10000 119
0 4715 10000 4742
0 9608 9474 9673
0 9200 10000 9238
0 402 9784 419
0 324 9379 334
331 522 6982 546
1632 9004 4232 9024
1565 1775 5457 1794
1859 5331 2344 5473
0 9115 10000 9135
0 1586 3989 1677
960 272 1959 322
0 5302 2355 5327
0 6072 10000 6087
0 728 9951 816
3970 3569 9639 3577
0 5125 10000 5156
2108 4543 6306 4591
0 4287 10000 4288
3518 3829 7569 3846
0 4288 10000 4319
0 9709 10000 9774
0 9286 10000 9306
0 9330 10000 9335
495 6063 9480 6072
3281 6243 6695 6330
0 9306 10000 9330
0 5622 9293 5661
0 5803 10000 5838
4668 2763 8058 2801
0 2491 7596 2577
0 845 10000 886
4561 1471 8390 1509
0 2985 9504 2996
0 5778 7970 5779
0 0 10000 59
0 9270 10000 9286
0 1217 9953 1395
0 2701 9780 2745
0 7550 4741 7562
0 8329 8443 8362
0 8824 6928 8853
1865 514 6811 522
0 6778 5772 6863
0 3676 7720 3719
774 8044 4169 8051
0 8051 10000 8183
0 3459 10000 3508
0 7457 10000 7490
0 6917 10000 6965
5772 6778 10000 6863
0 926 10000 972
0 972 5038 998
0 6192 3940 6243
38 3224 9341 3257
0 5697 2399 5765
166 1509 9614 1555
7246 1009 9401 1188
0 377 10000 402
0 6979 10000 7053
0 6965 10000 6974
0 6433 9156 6584
0 1701 3686 1726
0 2196 10000 2214
576 2581 9324 2701
0 9238 10000 9244
0 6672 10000 6711
0 9703 7620 9709
0 2846 6455 2867
0 8218 10000 8270
0 7217 10000 7328
0 562 10000 575
0 1795 5789 1851
0 2122 10000 2173
0 546 10000 562
0 4490 1767 4511
701 3665 9399 3675
588 263 9551 268
0 2378 7682 2490
1554 3897 1948 3981
0 2214 7243 2222
0 7117 10000 7200
0 4956 9346 5032
0 5196 10000 5230
