0 9760 10000 9791
0 5456 10000 5496
382 7832 6423 7843
0 2713 10000 2756
0 4165 3844 4293
0 7749 8761 7787
0 1010 10000 1073
0 4402 9520 4529
0 5672 9756 5695
0 8833 10000 8909
0 7843 10000 7887
0 2280 9950 2336
0 8331 6665 8386
0 5208 4693 5260
0 3661 9223 3788
0 9880 10000 9904
0 9683 10000 9745
764 7456 4720 7515
2233 6978 9970 7019
0 8305 8440 8331
2741 9062 9424 9068
0 4397 9181 4399
0 279 10000 368
0 9603 10000 9646
0 5105 10000 5129
1668 6297 9245 6317
5562 7203 6632 7349
0 4119 10000 4164
0 5311 10000 5360
2162 4832 9971 4856
0 6964 8742 6978
0 5983 9799 6083
0 1609 9780 1692
2494 8091 10000 8100
9123 1864 9462 1896
0 9464 10000 9504
0 509 9764 527
0 8064 9816 8087
4281 1241 5889 1293
0 1222 9592 1241
0 5360 10000 5376
983 8003 8931 8039
536 7098 8833 7186
0 8100 5400 8103
0 2127 10000 2280
0 6274 4881 6290
0 8516 10000 8631
0 577 4411 765
0 7357 9858 7405
0 4067 10000 4093
0 1152 10000 1218
0 1596 10000 1609
0 2989 6462 3073
0 5024 10000 5105
0 6217 7081 6248
2848 7523 8581 7572
0 8770 7139 8792
0 3979 10000 4019
0 5136 3878 5165
0 4053 10000 4067
0 2072 6830 2127
0 5916 10000 5983
0 7572 10000 7607
1150 4948 9716 5024
0 239 10000 256
0 381 10000 385
0 4093 10000 4119
5941 5376 9775 5399
2852 6749 5560 6807
0 6083 7332 6192
7587 6559 8135 6673
0 1296 9539 1316
98 4824 3987 4832
0 385 10000 400
2114 9102 4269 9149
0 3354 9957 3459
0 8091 2494 8100
0 2534 10000 2701
0 9828 10000 9852
0 926 4805 969
2833 402 10000 509
0 8388 4713 8394
0 8087 10000 8091
0 6405 10000 6491
0 2028 9769 2031
0 9904 10000 10000
0 4577 4786 4663
0 7887 10000 7933
0 9235 9678 9239
0 3925 10000 3979
0 400 8210 402
0 9852 10000 9869
1223 1487 1851 1542
0 5528 9794 5666
0 7607 3704 7702
6537 8631 7747 8746
0 9664 10000 9683
9243 4301 9512 4391
0 6690 10000 6749
0 2800 10000 2886
0 3461 8687 3629
0 368 10000 381
0 2417 10000 2428
0 1716 9886 1770
0 9376 10000 9464
2158 4864 4648 4933
4839 4164 8463 4247
0 1570 10000 1596
0 9750 10000 9760
2118 1771 4217 1804
0 8043 2096 8064
0 9039 9271 9042
1712 402 2833 509
0 9033 8963 9039
0 197 1697 239
1156 5783 4763 5882
0 9869 10000 9880
0 1896 7398 1954
0 3830 10000 3925
0 7933 10000 7980
1193 4718 2596 4817
0 3807 9077 3830
3809 5882 8672 5914
0 9504 10000 9565
3970 9745 9388 9750
0 4019 10000 4053
0 5267 9296 5311
0 5496 10000 5528
0 256 10000 279
0 3305 10000 3354
0 7019 9345 7093
0 5129 10000 5136
0 9646 10000 9664
0 9367 9958 9376
0 2336 10000 2417
0 6673 8162 6690
0 6491 10000 6519
0 2701 9598 2712
0 969 10000 1010
0 34 9832 79
0 6519 8837 6555
0 7980 10000 8003
1041 4531 7194 4562
0 1073 10000 1089
0 5165 9209 5205
0 1542 10000 1570
0 8103 10000 8227
0 1089 10000 1152
0 3788 2959 3803
0 6341 9413 6405
0 2886 7495 2958
1740 85 2035 128
0 2428 10000 2534
0 6980 2231 7019
0 9239 10000 9367
0 2756 10000 2797
0 7405 10000 7456
0 3073 10000 3134
9082 5701 9491 5739
0 5403 8420 5456
5868 0 7667 33
6744 6872 8217 6958
1962 2797 7649 2800
0 8227 8570 8299
0 8909 10000 9033
0 3134 9433 3240
0 9565 10000 9603
0 1218 6359 1222
0 9791 10000 9828
0 1347 7225 1458
55 3253 7783 3305
0 8792 10000 8833
0 8394 10000 8516
