0 8278 10000 8623
0 7552 10000 7633
0 6609 10000 6665
0 4595 6044 4813
0 9740 10000 9759
0 4152 4677 4448
0 8767 10000 8862
3784 5157 9590 5217
0 8041 9975 8278
0 3752 1397 3846
0 2747 10000 2756
0 2391 9795 2447
0 513 6476 592
0 2956 7487 3126
0 1454 10000 1638
0 7177 10000 7262
0 9658 10000 9740
0 4840 7362 4991
0 1638 9600 1719
0 7262 9900 7263
0 9051 10000 9403
0 961 6017 1127
0 75 9915 217
0 7263 10000 7292
0 7292 10000 7339
0 8623 10000 8767
0 6123 10000 6140
0 9795 10000 9863
0 2756 10000 2848
0 424 10000 513
0 1719 7569 1792
6510 4155 7101 4535
3337 5347 9459 5639
0 7633 10000 7708
0 239 9224 424
0 9422 10000 9658
0 9012 9371 9051
0 8944 9843 9007
0 9863 9391 9963
0 9759 10000 9795
0 6948 10000 7007
0 7339 10000 7390
0 6440 10000 6512
1946 3881 5217 4023
998 6240 6749 6321
3339 1424 3833 1454
5245 2848 6589 2946
411 3515 3718 3697
0 2626 10000 2747
0 8862 10000 8922
0 8922 10000 8944
0 7756 9990 8038
0 6337 6173 6440
0 6665 10000 6784
0 6140 9579 6238
979 593 6466 594
0 622 8253 961
1538 1804 9965 2001
0 5851 9063 5910
0 2191 10000 2233
0 7054 10000 7177
0 2109 5744 2191
0 7708 5395 7753
0 0 9959 75
0 6512 6373 6575
2409 3135 2661 3413
0 1155 3137 1402
2582 3850 9401 3861
0 4991 10000 5157
0 7390 10000 7552
0 9403 10000 9422
0 6784 10000 6948
0 2233 9361 2342
0 6598 9313 6609
0 7007 10000 7054
0 2489 8763 2626
4876 5971 7523 6123
