2520 9372 5219 9406
0 7578 10000 7766
0 3928 8404 4083
0 1439 9113 1522
0 1274 10000 1360
0 5610 10000 5662
0 2769 9871 2919
0 9457 8331 9609
0 1167 10000 1274
0 9086 10000 9212
0 4495 10000 4570
0 6896 10000 7393
1469 1360 6992 1436
0 1608 9787 1771
5664 6597 7573 6714
0 1799 1168 1876
5283 4791 8449 4836
688 4570 9446 4593
0 7489 6165 7578
0 1027 10000 1167
1168 1799 10000 1876
0 5662 1652 5992
2320 8077 9498 8093
0 5236 10000 5357
0 2202 10000 2365
0 4594 9763 4786
0 5601 8228 5610
7656 1876 9033 1927
3048 6056 5129 6346
0 5575 9957 5597
0 9360 10000 9372
699 4494 1780 4495
92 2365 9424 2487
2721 2986 9950 3312
0 6714 10000 6869
0 6347 9879 6516
4986 1 5641 415
0 1771 10000 1799
0 8239 5943 8645
0 3352 6197 3546
777 8060 9936 8067
32 2492 3844 2768
0 4099 9988 4392
3904 7393 4790 7465
0 9268 10000 9360
393 9663 1174 9949
0 9212 10000 9268
0 6869 9989 6896
0 5357 10000 5575
0 8093 10000 8239
3836 5670 9916 5994
3013 8881 5098 9086
0 1941 8149 2202
0 583 7811 728
0 3654 1583 3889
0 796 5469 1027
0 7766 10000 8060
0 4872 7833 5025
2810 5050 9858 5236
