0 3252 7771 3410
0 965 10000 1067
0 4099 10000 4361
302 2584 6416 2605
0 3172 8966 3218
0 7796 10000 7826
0 2038 3361 2111
4479 9034 7994 9035
5552 9508 7025 9642
0 2258 9944 2341
0 1148 9839 1265
0 4014 10000 4099
0 9318 10000 9370
0 5053 8477 5088
0 1905 10000 1998
0 1265 10000 1434
0 2341 9899 2406
2857 7512 6546 7635
0 2111 10000 2233
0 5169 8069 5177
0 6794 7459 6907
0 3076 9324 3171
0 6251 10000 6324
0 9045 3719 9195
0 1434 10000 1563
0 919 6796 965
1457 7369 8979 7501
0 5600 3541 5717
0 5868 9354 6039
0 9263 10000 9318
5574 332 9301 438
0 5309 10000 5445
3272 6475 6937 6568
0 5445 8758 5541
0 2233 9173 2252
0 5833 7224 5868
0 6568 10000 6794
0 1813 10000 1905
0 4898 10000 4994
0 8596 5958 8954
0 9370 10000 9379
0 8440 9939 8596
0 8355 10000 8440
5628 2479 9014 2497
0 1785 10000 1800
3466 2697 9781 2798
0 4361 8244 4421
0 1563 10000 1785
0 8248 10000 8355
3591 6190 4168 6251
0 9642 10000 9680
0 2497 8635 2579
0 1800 10000 1813
416 7168 9947 7301
0 1998 10000 2038
0 5760 5137 5829
0 7977 9373 8115
5317 5560 9314 5589
0 3956 8019 4014
0 4457 3777 4710
0 4775 9903 4898
180 9882 7384 9956
0 9470 7532 9489
0 2801 9622 3072
0 81 9247 194
0 2407 9409 2474
0 7693 10000 7796
0 9195 10000 9263
0 6334 6469 6362
0 1094 9870 1146
0 6324 10000 6334
0 8227 10000 8248
0 8115 10000 8227
6833 7095 8440 7168
0 520 9068 695
0 1067 8531 1086
3361 2038 10000 2111
0 5236 9143 5309
4482 196 9885 332
0 2637 6022 2684
0 9379 10000 9470
0 9680 10000 9724
0 7635 10000 7693
0 4994 10000 5053
0 9724 9794 9810
0 725 3425 906
0 3429 9685 3946
357 7826 2406 7974
0 7308 9832 7339
0 9956 10000 10000
